       374.7406 3.90934137E-13
       391.9333 3.70706765E-12
       410.7794 3.56246479E-11
       431.5294 3.45620526E-10
       454.4873 3.37256709E-09
       480.0252 3.29755290E-08
       508.6040 3.21790545E-07
       540.8012 3.12091020E-06
       577.3503 2.99491649E-05
       619.1977 2.83043380E-04
       667.5856 2.62151292E-03
       685.4404 5.47580109E-03
       704.2765 1.14032176E-02
       724.1772 2.36699472E-02
       745.2352 4.89618974E-02
       767.5545 1.00903173E-01
       791.2520 2.07120783E-01
       816.4594 4.23342362E-01
       843.3258 8.61338942E-01
       858.1420 1.24742380E+00
       869.0674 1.62542955E+00
       872.0204 1.74390035E+00
       874.8358 1.86344269E+00
       875.2678 1.88242333E+00
       875.8463 1.90811393E+00
       876.5645 1.94044395E+00
       876.7820 1.95033283E+00
       877.4713 1.98196757E+00
       878.6392 2.03662589E+00
       880.1795 2.11078116E+00
       882.2700 2.21529791E+00
       885.0784 2.36302408E+00
       885.2091 2.37010949E+00
       885.6634 2.39488570E+00
       886.3897 2.43497391E+00
       887.3066 2.48644959E+00
       887.9448 2.52284913E+00
       888.4876 2.55418733E+00
       889.5314 2.61542837E+00
       890.0452 2.64605100E+00
       892.1591 2.77545766E+00
       895.1115 2.96568725E+00
       895.1312 2.96699562E+00
       895.7031 3.00518274E+00
       896.2498 3.04209600E+00
       896.4376 3.05486629E+00
       897.3649 3.11864754E+00
       897.3786 3.11959746E+00
       898.5593 3.20255256E+00
       899.5019 3.27019053E+00
       900.1345 3.31629613E+00
       900.2138 3.32211127E+00
       900.8088 3.36607561E+00
       901.5474 3.42137531E+00
       902.2724 3.47643792E+00
       902.4800 3.49235758E+00
       902.7365 3.51210746E+00
       903.6813 3.59480189E+00
       905.2655 3.73745951E+00
       905.2782 3.73862303E+00
       905.3746 3.74747093E+00
       905.9730 3.80282120E+00
       906.3115 3.83446131E+00
       906.7159 3.87256704E+00
       906.9389 3.89372958E+00
       907.4155 3.93931434E+00
       907.6538 3.96229326E+00
       907.6604 3.96292745E+00
       907.9772 3.99366485E+00
       908.5774 4.05248270E+00
       908.8619 4.08064638E+00
       909.3224 4.12659304E+00
       909.6985 4.16447117E+00
       910.2630 4.22192685E+00
       910.4384 4.23992062E+00
       910.4552 4.24164975E+00
       910.5949 4.25603320E+00
       911.1968 4.31852808E+00
       911.4746 4.34765747E+00
       911.9094 4.39361227E+00
       911.9439 4.39734769E+00
       912.5121 5.05915846E+00
       912.6176 5.39835398E+00
       912.8873 6.38335370E+00
       913.0725 7.03652885E+00
       913.2277 7.55603806E+00
       913.2604 7.66486408E+00
       913.8313 9.88390733E+00
       913.8883 1.01466300E+01
       914.1024 1.11735283E+01
       914.2051 1.16862929E+01
       914.4923 1.31578071E+01
       914.5498 1.34466569E+01
       914.5806 1.35833303E+01
       914.8809 1.47497821E+01
       914.8839 1.47506366E+01
       915.1543 1.45916760E+01
       915.2123 1.44654204E+01
       915.2410 1.41263034E+01
       915.2422 1.41136124E+01
       915.3781 1.28478521E+01
       915.4219 1.17547450E+01
       915.4856 1.07715912E+01
       915.5267 1.03143965E+01
       915.5439 1.01549082E+01
       915.6268 8.62131351E+00
       915.6578 7.69673385E+00
       915.7048 7.03374789E+00
       915.7098 6.98282019E+00
       915.7513 5.77214854E+00
       915.7928 3.78472143E+00
       915.8135 2.51230576E+00
       915.8172 2.39967341E+00
       915.8343 2.00075872E+00
       915.8550 2.51453333E+00
       915.8757 3.79107382E+00
       915.9047 4.84063288E+00
       915.9172 5.78701871E+00
       915.9587 6.99597044E+00
       915.9831 7.26934301E+00
       916.0418 8.42944972E+00
       916.1248 9.12232837E+00
       916.1490 9.12558073E+00
       916.1890 8.75295269E+00
       916.2320 8.45767563E+00
       916.2363 8.31434881E+00
       916.2909 7.31048570E+00
       916.3150 7.04586153E+00
       916.3566 5.84260545E+00
       916.3981 3.48814286E+00
       916.4188 2.15552320E+00
       916.4396 1.75960863E+00
       916.4571 2.07962234E+00
       916.4604 2.15761620E+00
       916.4811 3.49493539E+00
       916.5226 5.86765067E+00
       916.5642 7.09896936E+00
       916.5682 7.14108936E+00
       916.6017 7.56488398E+00
       916.6472 8.69491669E+00
       916.7303 9.92389265E+00
       916.7342 9.94513264E+00
       916.7453 9.95230186E+00
       916.7896 9.98063679E+00
       916.8522 9.99910025E+00
       916.8965 1.00078938E+01
       916.9003 9.99021105E+00
       916.9833 8.78261947E+00
       917.0267 7.68265106E+00
       917.0628 7.22383891E+00
       917.0664 7.18639775E+00
       917.1079 5.96081825E+00
       917.1223 4.35684484E+00
       917.1495 3.20331455E+00
       917.1703 1.92109010E+00
       917.1841 1.66327356E+00
       917.1910 1.56443424E+00
       917.2118 1.92291641E+00
       917.2326 3.20931963E+00
       917.2742 5.98361238E+00
       917.3157 7.23040250E+00
       917.3955 8.78641178E+00
       917.3989 8.94063466E+00
       917.4084 9.04850497E+00
       917.4820 1.04727643E+01
       917.5163 1.07823635E+01
       917.6484 1.22851924E+01
       917.6825 1.23091255E+01
       917.7285 1.17004630E+01
       917.7886 1.11034339E+01
       917.8148 1.08930238E+01
       917.8488 1.05986117E+01
       917.8502 1.05511069E+01
       917.8796 9.80982447E+00
       917.9319 9.05914046E+00
       918.0151 7.34435292E+00
       918.0567 6.08748209E+00
       918.0725 4.05086180E+00
       918.0983 2.95084501E+00
       918.1191 1.69981412E+00
       918.1398 1.38699743E+00
       918.1478 1.48518663E+00
       918.1606 1.70144250E+00
       918.1814 2.95639882E+00
       918.2231 6.11098285E+00
       918.2647 7.39006616E+00
       918.2900 7.70826271E+00
       918.3479 9.18908813E+00
       918.3524 9.24389125E+00
       918.3952 9.92644498E+00
       918.4049 1.01445240E+01
       918.4311 1.09413535E+01
       918.4557 1.12002922E+01
       918.4810 1.15080054E+01
       918.5976 1.40212827E+01
       918.7376 1.53752386E+01
       918.7642 1.53942277E+01
       918.9040 1.42003809E+01
       919.0167 1.17365786E+01
       919.0628 1.12106176E+01
       919.0704 1.11367121E+01
       919.0976 1.03015263E+01
       919.1482 9.43014138E+00
       919.1537 9.36419091E+00
       919.2047 7.96801266E+00
       919.2370 7.54665168E+00
       919.2786 6.24964058E+00
       919.3203 2.68209609E+00
       919.3411 1.49360352E+00
       919.3619 1.23951246E+00
       919.3827 1.49504054E+00
       919.4036 2.68712966E+00
       919.4312 3.98826061E+00
       919.4452 6.27300198E+00
       919.4869 7.59004145E+00
       919.5702 9.46781565E+00
       919.6536 1.13890905E+01
       919.6820 1.17510772E+01
       919.7931 1.43182195E+01
       919.8164 1.54263084E+01
       919.8203 1.56550968E+01
       919.9871 2.00603326E+01
       920.0149 2.04205217E+01
       920.0991 2.07976577E+01
       920.1288 2.09106475E+01
       920.3209 2.16813813E+01
       920.3482 2.14704378E+01
       920.4010 1.92095728E+01
       920.5149 1.65084242E+01
       920.5335 1.52110074E+01
       920.6549 1.18588407E+01
       920.6816 1.15121502E+01
       920.7650 9.41655354E+00
       920.7679 9.20500022E+00
       920.8485 7.11902671E+00
       920.8902 5.15336905E+00
       920.9319 2.39733570E+00
       920.9374 2.01857777E+00
       920.9528 1.46653273E+00
       920.9736 1.22829900E+00
       920.9736 1.22829740E+00
       920.9945 1.46796803E+00
       921.0153 2.40207757E+00
       921.0571 5.17314825E+00
       921.0988 7.15944759E+00
       921.1138 7.37611726E+00
       921.1343 7.73784511E+00
       921.1557 8.25960980E+00
       921.1823 9.50939338E+00
       921.1994 9.75214417E+00
       921.2658 1.16995569E+01
       921.3237 1.26277369E+01
       921.4328 1.74071461E+01
       921.5999 2.52800393E+01
       921.7431 2.96081223E+01
       921.8349 3.42461658E+01
       921.8662 3.64505500E+01
       921.9343 4.17866883E+01
       921.9935 4.19190943E+01
       922.1086 4.19245144E+01
       922.2000 4.18677450E+01
       922.2669 3.59944812E+01
       922.2689 3.58519821E+01
       922.4989 2.56466129E+01
       922.5340 2.48325698E+01
       922.7011 1.73716456E+01
       922.7739 1.37462958E+01
       922.8683 1.20114049E+01
       922.9389 1.00444088E+01
       922.9519 9.86590389E+00
       923.0355 7.43810685E+00
       923.0773 5.28045316E+00
       923.1191 2.19051739E+00
       923.1400 1.29879371E+00
       923.1609 1.12990211E+00
       923.1818 1.30007608E+00
       923.2028 2.19489734E+00
       923.2446 5.30067257E+00
       923.2864 7.47973453E+00
       923.3360 8.42252818E+00
       923.3701 9.95723184E+00
       923.4532 1.21415081E+01
       923.4538 1.21742879E+01
       923.6001 1.62046834E+01
       923.6098 1.68667030E+01
       923.6212 1.78487446E+01
       923.7887 2.63215560E+01
       923.8285 2.75043665E+01
       924.1239 5.44177710E+01
       924.2682 6.31969389E+01
       924.4391 7.50370814E+01
       924.4593 7.68218222E+01
       924.6823 7.60571840E+01
       924.9373 7.50011355E+01
       924.9546 7.31026007E+01
       925.1309 5.85812652E+01
       925.1971 5.41987767E+01
       925.2722 5.01415038E+01
       925.4342 3.23106377E+01
       925.6073 2.58340416E+01
       925.7750 1.83077526E+01
       925.8034 1.63429448E+01
       925.9427 1.27976980E+01
       926.0266 1.05290619E+01
       926.1104 7.89345471E+00
       926.1524 5.47299938E+00
       926.1542 4.94873987E+00
       926.1944 1.98910472E+00
       926.2153 1.21856574E+00
       926.2363 1.12553291E+00
       926.2573 1.21977656E+00
       926.2783 1.99312517E+00
       926.3034 3.07028917E+00
       926.3203 5.49396791E+00
       926.3622 7.93742369E+00
       926.4462 1.06249789E+01
       926.5302 1.29622460E+01
       926.5384 1.30784477E+01
       926.6982 1.86977688E+01
       926.7701 2.08193677E+01
       926.8662 2.67175982E+01
       927.1283 4.17939281E+01
       927.1509 4.48463242E+01
       927.1514 4.49281273E+01
       927.2025 5.51170225E+01
       927.3869 7.13258930E+01
       927.5390 9.73599263E+01
       927.9111 1.26126889E+02
       928.1099 1.50602816E+02
       928.2128 1.63708607E+02
       928.2714 1.63632388E+02
       928.5033 1.63305781E+02
       928.7813 1.62406440E+02
       928.8710 1.48361878E+02
       928.8876 1.46059908E+02
       929.0127 1.28941770E+02
       929.4536 9.31151621E+01
       929.7901 5.34662233E+01
       929.7978 5.18074065E+01
       930.1073 2.83295759E+01
       930.1269 2.77975422E+01
       930.2401 2.14500284E+01
       930.2953 1.99318371E+01
       930.4639 1.40471703E+01
       930.5482 1.15670098E+01
       930.6325 8.59618368E+00
       930.6746 5.77420953E+00
       930.7168 1.81528737E+00
       930.7379 1.25130461E+00
       930.7590 1.22221246E+00
       930.7800 1.25255009E+00
       930.8011 1.81897874E+00
       930.8433 5.79635440E+00
       930.8855 8.64388727E+00
       930.9698 1.16714648E+01
       931.0542 1.42248840E+01
       931.2191 1.99573553E+01
       931.2230 2.03327487E+01
       931.3919 2.85942429E+01
       931.5965 3.80930536E+01
       931.7298 5.64538630E+01
       931.7379 5.69844661E+01
       932.0064 8.82082123E+01
       932.0680 1.03205117E+02
       932.4827 1.49454403E+02
       932.6224 1.77739212E+02
       932.7451 2.15590989E+02
       933.3872 2.90816976E+02
       933.4232 2.96837577E+02
       933.4586 2.98320365E+02
       933.5713 3.03135399E+02
       933.8310 3.14795309E+02
       933.9508 3.14234196E+02
       933.9828 3.14068674E+02
       934.3213 3.12311239E+02
       934.3527 3.12085022E+02
       934.7823 3.08840029E+02
       935.1832 2.93507226E+02
       935.5964 2.28718316E+02
       935.8608 2.02263840E+02
       936.1453 1.33728130E+02
       936.5393 9.44688693E+01
       936.8790 5.39888268E+01
       937.0621 3.45087553E+01
       937.2189 2.89050191E+01
       937.2365 2.73163354E+01
       937.3889 2.09357975E+01
       937.5393 1.50234103E+01
       937.5590 1.47418981E+01
       937.6441 1.19039981E+01
       937.7292 6.32551229E+00
       937.7717 1.75299931E+00
       937.8143 1.45343066E+00
       937.8568 1.75654638E+00
       937.8994 6.34982103E+00
       937.9845 1.19897982E+01
       938.0697 1.49001527E+01
       938.1590 1.67127265E+01
       938.2400 2.13102961E+01
       938.4104 2.96341978E+01
       938.7514 5.62257800E+01
       938.8834 6.63499491E+01
       938.9282 7.10753234E+01
       938.9320 7.15103207E+01
       939.0927 1.00216005E+02
       939.4625 1.40577645E+02
       939.7759 2.26272005E+02
       939.8995 2.41583798E+02
       940.4602 3.59598031E+02
       941.1506 4.31958463E+02
       941.6355 5.09749972E+02
       941.6376 5.10146531E+02
       941.8317 5.50358971E+02
       942.5922 5.90130508E+02
       942.8005 6.01985808E+02
       943.2071 6.26671337E+02
       944.3546 6.40064420E+02
       944.5883 6.23989895E+02
       945.0396 5.96317606E+02
       945.7201 5.61654769E+02
       945.9702 5.02767237E+02
       946.1387 4.70893425E+02
       947.0895 3.58727905E+02
       947.1947 3.28275918E+02
       947.7757 2.31064323E+02
       948.1879 1.36591192E+02
       948.4629 1.10362459E+02
       948.7495 6.90256225E+01
       948.8045 6.51605781E+01
       948.8068 6.50109203E+01
       949.1511 3.56904300E+01
       949.3233 2.61358660E+01
       949.4316 1.99306132E+01
       949.4955 1.86041987E+01
       949.5817 1.50088866E+01
       949.6679 7.37957712E+00
       949.7109 1.98395535E+00
       949.7540 1.95238337E+00
       949.7971 1.98790124E+00
       949.8402 7.40793152E+00
       949.9265 1.51154744E+01
       950.0127 1.88005660E+01
       950.1852 2.65944505E+01
       950.2101 2.73626058E+01
       950.3578 3.65672251E+01
       950.7031 6.75262956E+01
       951.0487 1.16177046E+02
       951.1931 1.29444859E+02
       951.7407 2.49973275E+02
       952.4336 4.00526602E+02
       952.4592 4.03308756E+02
       952.6089 4.20570940E+02
       952.8177 4.47701949E+02
       953.8226 6.85350238E+02
       954.1289 7.20471750E+02
       954.3574 7.49983836E+02
       955.2156 8.98876871E+02
       956.3949 9.82055529E+02
       958.0138 1.13687842E+03
       959.1681 1.18657553E+03
       959.5811 1.19612831E+03
       960.0319 1.20648506E+03
       960.3437 1.21331041E+03
       960.8285 1.22375125E+03
       960.9785 1.22411030E+03
       961.7665 1.22571092E+03
       962.4817 1.22688052E+03
       962.6892 1.21242084E+03
       962.7614 1.20759226E+03
       964.0428 1.13548764E+03
       964.2665 1.12502678E+03
       965.7329 1.06774006E+03
       965.8183 1.06490461E+03
       966.5078 9.72955182E+02
       967.4953 8.80434515E+02
       968.0265 7.54586305E+02
       968.8085 6.41242422E+02
       969.1781 6.03007192E+02
       970.0217 4.24429604E+02
       970.8668 2.30077510E+02
       971.2513 1.46319941E+02
       971.2899 1.41738735E+02
       971.5859 8.52075009E+01
       971.7134 7.57901103E+01
       971.9252 5.37639165E+01
       972.1372 3.76100808E+01
       972.2432 3.10012669E+01
       972.2546 2.95526794E+01
       972.3493 2.46671797E+01
       972.4023 2.01939636E+01
       972.4553 1.11961250E+01
       972.4818 4.94852957E+00
       972.5084 3.15483696E+00
       972.5216 3.24274991E+00
       972.5349 3.28638006E+00
       972.5415 3.29644151E+00
       972.5481 3.29964940E+00
       972.5548 3.29738701E+00
       972.5614 3.28826494E+00
       972.5747 3.24646284E+00
       972.5879 3.16023838E+00
       972.6145 4.96364038E+00
       972.6410 1.12406888E+01
       972.6940 2.03115407E+01
       972.7471 2.48582728E+01
       972.8533 3.13665362E+01
       972.9594 3.82063965E+01
       973.1718 5.50546477E+01
       973.3843 7.82274354E+01
       973.8096 1.48534228E+02
       974.2353 2.44545879E+02
       975.0877 4.63615986E+02
       975.9417 6.77398427E+02
       975.9938 6.84075978E+02
       977.6540 1.05123225E+03
       977.7145 1.05904157E+03
       979.3724 1.36598927E+03
       982.8273 1.90436418E+03
       983.4214 1.96836781E+03
       983.9557 2.03150294E+03
       986.3067 2.41216456E+03
       993.2162 3.54558890E+03
       993.3399 3.58073329E+03
       993.6498 3.61449609E+03
       995.9418 3.77259628E+03
      1000.4742 4.09687716E+03
      1001.1528 4.10290359E+03
      1007.9791 3.58385815E+03
      1009.2174 3.55145108E+03
      1013.2985 3.10246301E+03
      1015.0546 2.73180673E+03
      1017.4129 2.48049878E+03
      1019.1280 2.09145623E+03
      1019.4826 2.03869372E+03
      1020.8121 1.57677655E+03
      1021.5607 1.43189200E+03
      1022.6030 1.04094924E+03
      1023.6474 5.97207212E+02
      1024.1704 3.81160080E+02
      1024.6939 2.07868799E+02
      1024.9559 1.47220023E+02
      1025.2180 1.02750687E+02
      1025.3491 8.47564443E+01
      1025.4802 6.83255898E+01
      1025.5458 5.83015974E+01
      1025.6114 3.79904583E+01
      1025.6442 1.96022147E+01
      1025.6770 9.20822637E+00
      1025.6934 9.65015126E+00
      1025.7098 9.82647829E+00
      1025.7180 9.86021322E+00
      1025.7262 9.87674100E+00
      1025.7303 9.88131498E+00
      1025.7344 9.88321033E+00
      1025.7385 9.88287038E+00
      1025.7426 9.87985048E+00
      1025.7508 9.86642145E+00
      1025.7590 9.83575784E+00
      1025.7754 9.66528346E+00
      1025.7918 9.22834915E+00
      1025.8246 1.96748734E+01
      1025.8574 3.81648313E+01
      1025.9230 5.86843381E+01
      1025.9887 6.89224784E+01
      1026.1200 8.58726487E+01
      1026.2513 1.04561580E+02
      1026.5140 1.51128066E+02
      1026.7769 2.15229476E+02
      1027.3031 4.01104142E+02
      1027.8299 6.37925541E+02
      1028.8850 1.14381271E+03
      1029.9422 1.61738573E+03
      1030.0663 1.64602634E+03
      1032.0633 2.43202040E+03
      1033.7946 2.94782917E+03
      1034.1931 3.12520527E+03
      1038.4792 4.37805205E+03
      1042.8010 5.70554594E+03
      1045.2595 6.27587964E+03
      1046.9563 6.78894566E+03
      1051.5534 9.65252957E+03
      1060.4539 1.94471917E+04
      1061.4623 2.05390408E+04
      1072.0610 4.36769924E+04
      1074.8905 5.86699921E+04
      1078.7148 9.46526148E+04
      1094.8323 2.21209735E+05
      1097.6156 2.57907179E+05
      1099.5497 2.63275231E+05
      1106.9426 2.39251370E+05
      1127.7433 2.07294361E+05
      1137.4765 2.22574418E+05
      1140.9650 2.37227866E+05
      1156.6598 1.36397178E+05
      1158.7727 1.26695496E+05
      1177.1451 3.50128501E+04
      1180.3416 3.08890464E+04
      1186.3178 2.68685485E+04
      1186.5515 2.67471854E+04
      1196.1095 2.34515539E+04
      1200.9464 2.19228334E+04
      1205.8227 1.93117319E+04
      1208.2757 1.70035603E+04
      1210.7387 1.33404653E+04
      1211.9739 1.06414406E+04
      1213.2117 7.29608881E+03
      1213.8316 5.38615976E+03
      1214.4520 3.36143489E+03
      1214.7625 2.42539720E+03
      1215.0731 1.65737669E+03
      1215.2285 1.34705730E+03
      1215.3839 1.05149130E+03
      1215.4617 8.65886447E+02
      1215.5394 5.25426937E+02
      1215.5783 2.44601911E+02
      1215.6171 1.93564882E+02
      1215.6366 1.99065321E+02
      1215.6560 2.00664749E+02
      1215.6657 2.00926147E+02
      1215.6755 2.01066876E+02
      1215.6803 2.01102794E+02
      1215.6852 2.01123610E+02
      1215.6900 2.01128247E+02
      1215.6949 2.01117776E+02
      1215.7046 2.01027879E+02
      1215.7143 2.00817126E+02
      1215.7338 1.99316760E+02
      1215.7532 1.93902836E+02
      1215.7921 2.45365688E+02
      1215.8310 5.27433705E+02
      1215.9088 8.70482769E+02
      1215.9866 1.05884319E+03
      1216.1422 1.36118113E+03
      1216.2978 1.68068795E+03
      1216.6092 2.47713312E+03
      1216.7362 2.75556458E+03
      1216.9208 3.46077902E+03
      1217.5445 5.63230982E+03
      1218.1687 7.73652315E+03
      1219.4192 1.15733438E+04
      1220.6723 1.49454274E+04
      1223.1861 2.01286619E+04
      1225.7103 2.37946976E+04
      1230.7902 2.94946979E+04
      1235.9123 3.49171276E+04
      1246.2855 4.67054396E+04
      1247.9345 4.55427463E+04
      1256.8343 5.21784763E+04
      1278.4768 8.73996787E+04
      1279.9328 9.80114559E+04
      1300.8778 2.59893389E+05
      1312.7516 2.16776658E+05
      1346.4119 4.59996538E+05
      1348.1203 3.96816426E+05
      1380.9353 5.04776424E+05
      1398.9233 5.26779613E+05
      1416.3439 1.06935063E+06
      1452.6604 1.12221885E+06
      1489.9081 1.40548431E+06
      1528.1109 1.22315372E+06
      1567.2932 6.46844893E+05
      1607.4802 6.45855365E+05
      1648.6977 3.87742051E+06
      1690.9720 8.95284945E+06
      1734.3302 1.06722231E+07
      1778.8002 1.09190804E+07
      1824.4105 1.11346910E+07
      1871.1903 1.13196507E+07
      1919.1695 1.14731387E+07
      1968.3790 1.15946365E+07
      2018.8502 1.16825399E+07
      2070.6156 1.17361353E+07
      2123.7083 1.17582274E+07
      2178.1624 1.17494315E+07
      2234.0127 1.17106036E+07
      2291.2951 1.16406728E+07
      2350.0462 1.15422935E+07
      2410.3038 1.14179255E+07
      2472.1065 1.12691463E+07
      2535.4938 1.10969988E+07
      2600.5065 1.09035018E+07
      2667.1862 1.06901024E+07
      2735.5755 1.04596577E+07
      2805.7185 1.02137391E+07
      2877.6600 9.95455138E+06
      2951.4462 9.68404375E+06
      3027.1243 9.40402412E+06
      3104.7428 9.11586495E+06
      3184.3516 8.82161482E+06
      3266.0017 8.52294158E+06
      3349.7453 8.22121660E+06
      3427.5280 7.94583385E+06
      3435.6362 7.91816322E+06
      3436.7316 7.91424774E+06
      3448.2086 7.87345737E+06
      3462.7826 7.82226594E+06
      3481.6914 7.75681351E+06
      3494.7815 7.71210374E+06
      3504.1657 7.68035283E+06
      3506.8690 7.67125112E+06
      3515.8679 7.64109482E+06
      3523.7294 7.61492791E+06
      3530.7279 7.59067596E+06
      3541.4822 7.55370186E+06
      3550.0077 7.52462717E+06
      3564.7271 7.47492272E+06
      3574.2991 7.44293493E+06
      3575.6793 7.43834364E+06
      3586.2355 7.40339048E+06
      3591.0338 7.38760043E+06
      3600.7604 7.35574581E+06
      3601.3929 7.35368301E+06
      3610.4292 7.32431108E+06
      3610.9717 7.32255381E+06
      3614.0815 7.31248792E+06
      3621.0586 7.30106922E+06
      3622.4862 7.29871814E+06
      3633.8607 7.27987482E+06
      3637.5297 7.27374620E+06
      3637.7968 7.27329933E+06
      3647.2439 7.25738063E+06
      3647.2971 7.25729076E+06
      3656.1974 7.24214308E+06
      3657.6614 7.23963992E+06
      3659.4773 7.23650244E+06
      3661.9906 7.23214032E+06
      3666.0149 7.22512565E+06
      3674.9443 7.20957226E+06
      3675.0576 7.20937141E+06
      3678.2576 7.20380098E+06
      3683.2427 7.19523724E+06
      3684.1114 7.19377050E+06
      3684.5609 7.19301321E+06
      3684.9258 7.19239047E+06
      3693.8040 7.17824452E+06
      3694.1135 7.17778687E+06
      3694.4546 7.17726804E+06
      3695.0116 7.17639232E+06
      3697.2317 7.17296900E+06
      3698.9083 7.17046628E+06
      3703.7157 7.16382752E+06
      3704.0328 7.16339280E+06
      3706.1241 7.16043769E+06
      3706.7502 7.15949262E+06
      3706.7923 7.15930050E+06
      3708.5355 7.15131052E+06
      3708.8406 7.14990148E+06
      3709.7425 7.14553433E+06
      3710.9502 7.13994536E+06
      3711.5543 7.13738079E+06
      3712.1587 7.13500306E+06
      3712.4609 7.13385301E+06
      3712.7632 7.13272778E+06
      3712.7931 7.13256399E+06
      3712.8582 7.13220637E+06
      3712.9144 7.13188793E+06
      3713.0656 7.13071958E+06
      3713.2168 7.13074292E+06
      3713.3680 7.13045569E+06
      3713.6609 7.12938406E+06
      3713.6704 7.12934499E+06
      3713.9729 7.12812075E+06
      3713.9743 7.12811517E+06
      3714.5780 7.12565018E+06
      3715.1834 7.12336771E+06
      3716.0757 7.12033603E+06
      3716.3946 7.11910603E+06
      3716.4025 7.11907590E+06
      3717.6067 7.11418191E+06
      3718.4937 7.11057926E+06
      3719.7038 7.10543168E+06
      3720.0331 7.10416026E+06
      3720.4740 7.10238780E+06
      3720.9148 7.10062643E+06
      3721.2263 7.09958876E+06
      3721.5205 7.09839532E+06
      3721.7318 7.09765344E+06
      3722.1265 7.09625682E+06
      3722.4296 7.09529835E+06
      3722.4592 7.09520634E+06
      3722.4628 7.09519364E+06
      3722.7327 7.09417648E+06
      3722.8843 7.09309273E+06
      3723.0358 7.09141581E+06
      3723.1874 7.09201714E+06
      3723.3390 7.09202508E+06
      3723.6423 7.09101666E+06
      3723.9456 7.09003401E+06
      3724.5524 7.08830551E+06
      3725.1593 7.08694414E+06
      3726.0627 7.08557383E+06
      3726.3738 7.08476063E+06
      3727.3316 7.08262063E+06
      3727.5891 7.08204109E+06
      3728.4856 7.07979750E+06
      3730.0221 7.07425697E+06
      3730.9116 7.07076185E+06
      3732.1101 7.06535791E+06
      3732.1258 7.06527223E+06
      3732.2131 7.06484338E+06
      3732.4583 7.06362618E+06
      3733.1326 7.06002210E+06
      3733.3408 7.05882330E+06
      3733.9486 7.05646359E+06
      3734.5566 7.05475797E+06
      3734.8607 7.05416365E+06
      3735.1648 7.05366926E+06
      3735.3169 7.05251280E+06
      3735.4690 7.05032725E+06
      3735.6211 7.05212414E+06
      3735.7732 7.05289182E+06
      3735.8081 7.05285861E+06
      3736.0775 7.05260209E+06
      3736.3818 7.05241132E+06
      3736.9543 7.05253677E+06
      3736.9906 7.05247466E+06
      3737.3402 7.05221748E+06
      3737.5996 7.05196485E+06
      3738.8181 7.05312249E+06
      3740.0375 7.05519921E+06
      3740.8316 7.05608469E+06
      3741.8111 7.05702911E+06
      3742.0147 7.05663134E+06
      3742.2348 7.05619972E+06
      3742.4786 7.05570069E+06
      3742.7861 7.05468148E+06
      3744.2442 7.04822461E+06
      3744.9229 7.04320427E+06
      3746.6805 7.02850091E+06
      3747.8998 7.01651213E+06
      3749.1200 7.00661305E+06
      3749.7303 7.00376865E+06
      3749.8211 7.00369902E+06
      3750.3409 7.00293451E+06
      3750.6462 7.00292959E+06
      3750.9516 7.00326803E+06
      3751.1044 7.00348513E+06
      3751.2571 7.00372238E+06
      3751.4098 7.00396695E+06
      3751.5626 7.00423162E+06
      3751.8679 7.00485598E+06
      3751.8682 7.00485663E+06
      3752.0627 7.00547031E+06
      3752.1738 7.00581603E+06
      3752.4896 7.00725015E+06
      3752.7851 7.00780774E+06
      3753.1021 7.00963675E+06
      3753.3967 7.01134716E+06
      3754.6204 7.02264181E+06
      3754.7321 7.02385547E+06
      3755.8449 7.03559049E+06
      3757.3602 7.04926429E+06
      3758.2963 7.05336245E+06
      3758.4657 7.05358554E+06
      3760.1284 7.05563979E+06
      3760.7510 7.05582861E+06
      3761.9424 7.05273452E+06
      3762.2435 7.05196728E+06
      3764.5928 7.02988260E+06
      3764.6900 7.02896702E+06
      3765.6698 7.01296683E+06
      3767.1396 6.98643345E+06
      3768.3656 6.95992688E+06
      3769.5924 6.93700643E+06
      3769.8517 6.93438357E+06
      3770.2061 6.92952657E+06
      3770.6016 6.92714118E+06
      3770.8200 6.92560355E+06
      3771.1270 6.92464134E+06
      3771.4341 6.90463911E+06
      3771.5876 6.45486370E+06
      3771.7308 5.76630037E+06
      3771.7412 5.72308745E+06
      3771.8948 6.45502448E+06
      3772.0483 6.90506419E+06
      3772.3556 6.92550149E+06
      3772.6628 6.92689410E+06
      3773.2775 6.93209119E+06
      3773.8442 6.94124702E+06
      3773.8924 6.94202264E+06
      3774.5054 6.95711503E+06
      3775.1228 6.97237726E+06
      3776.3540 7.00643740E+06
      3777.7541 7.04026037E+06
      3778.8188 7.06555887E+06
      3779.6254 7.07918453E+06
      3780.5040 7.08540215E+06
      3781.2869 7.09059945E+06
      3781.8586 7.09037353E+06
      3784.5312 7.08947492E+06
      3786.2326 7.05825612E+06
      3789.4499 6.98534835E+06
      3790.4585 6.94196680E+06
      3791.1913 6.91074417E+06
      3791.8051 6.88330351E+06
      3791.9140 6.87846218E+06
      3794.3813 6.73722757E+06
      3794.4882 6.73064937E+06
      3795.2307 6.68536152E+06
      3795.6161 6.66211953E+06
      3796.8518 6.59263637E+06
      3797.2414 6.57443068E+06
      3797.4699 6.56328970E+06
      3798.0883 6.54008789E+06
      3798.3975 6.53200761E+06
      3798.7068 6.52686953E+06
      3798.8615 6.52555772E+06
      3799.0162 6.52534672E+06
      3799.1709 6.52672535E+06
      3799.3256 6.52920689E+06
      3799.6350 6.53669632E+06
      3799.9445 6.54715092E+06
      3800.5636 6.57520308E+06
      3801.1478 6.60841782E+06
      3801.1830 6.61039366E+06
      3801.7951 6.65041367E+06
      3801.9868 6.66279049E+06
      3802.4223 6.69110487E+06
      3803.6624 6.77747089E+06
      3806.1450 6.94312472E+06
      3807.0606 6.99310612E+06
      3808.6309 7.06619899E+06
      3810.5257 7.11511490E+06
      3811.1567 7.13156929E+06
      3812.6628 7.17051226E+06
      3813.6124 7.19498971E+06
      3814.6836 7.20251716E+06
      3816.9307 7.21840024E+06
      3818.6070 7.19003475E+06
      3821.8850 7.10311623E+06
      3826.8522 6.79347722E+06
      3828.6354 6.61900635E+06
      3829.3406 6.55097008E+06
      3830.8065 6.37078407E+06
      3831.3334 6.30892849E+06
      3831.8323 6.25166175E+06
      3832.3731 6.18128554E+06
      3832.6017 6.15183321E+06
      3833.0794 6.09135066E+06
      3834.3272 5.93959240E+06
      3834.9279 5.87618881E+06
      3834.9515 5.87373134E+06
      3835.5759 5.81975524E+06
      3835.8882 5.79894434E+06
      3836.2005 5.78377653E+06
      3836.3567 5.77901984E+06
      3836.5129 5.77727907E+06
      3836.6692 5.77969524E+06
      3836.8254 5.78513152E+06
      3837.1379 5.80168099E+06
      3837.4504 5.82391286E+06
      3837.8377 5.85906045E+06
      3838.0757 5.88088421E+06
      3838.7012 5.94997780E+06
      3838.7167 5.95189462E+06
      3839.9527 6.10825553E+06
      3841.2050 6.27698813E+06
      3842.8929 6.48915145E+06
      3843.7122 6.59861427E+06
      3846.2226 6.87352041E+06
      3851.2533 7.26264382E+06
      3851.7250 7.28192101E+06
      3852.2882 7.30510248E+06
      3855.7263 7.42116460E+06
      3856.2971 7.44089086E+06
      3859.0394 7.46439192E+06
      3862.3236 7.49137648E+06
      3866.4245 7.39130072E+06
      3872.0227 7.20740411E+06
      3872.4115 7.19516548E+06
      3874.2856 7.01432554E+06
      3876.6053 6.80928499E+06
      3877.4752 6.73545936E+06
      3879.5784 6.39535082E+06
      3881.4122 6.13680198E+06
      3882.5521 5.99114548E+06
      3884.6888 5.58328144E+06
      3885.0956 5.51444371E+06
      3887.6424 4.99741229E+06
      3888.9171 4.77158227E+06
      3890.1925 4.67726803E+06
      3891.4689 4.77270113E+06
      3892.7460 5.00053474E+06
      3893.1662 5.07701144E+06
      3895.3029 5.52539453E+06
      3897.1286 5.86239745E+06
      3897.6618 5.97239865E+06
      3897.8631 6.01546103E+06
      3899.2770 6.20487566E+06
      3902.9936 6.80741300E+06
      3903.5726 6.86159140E+06
      3905.5171 7.05201210E+06
      3908.1377 7.33899851E+06
      3914.1354 7.61394004E+06
      3917.8703 7.80584841E+06
      3918.4666 7.83800987E+06
      3920.4012 7.86681254E+06
      3921.3193 7.88053423E+06
      3925.9876 7.95125161E+06
      3928.8502 7.96372232E+06
      3935.5089 7.91430238E+06
      3937.2918 7.90071543E+06
      3948.6614 7.42379695E+06
      3949.7834 7.29607563E+06
      3954.3709 6.85085067E+06
      3960.0232 5.97720040E+06
      3960.0968 5.96862395E+06
      3960.4343 5.88825286E+06
      3962.9660 5.39405176E+06
      3963.9682 5.12624654E+06
      3964.5827 4.98475030E+06
      3965.8394 4.73834289E+06
      3967.2777 4.39073696E+06
      3968.7170 4.04119278E+06
      3969.4370 3.87191463E+06
      3970.1573 3.71440622E+06
      3970.5175 3.64301121E+06
      3970.8778 3.57692679E+06
      3970.9409 3.56620991E+06
      3971.0580 3.54662336E+06
      3971.0688 3.54566617E+06
      3971.2382 3.53067201E+06
      3971.4184 3.54647135E+06
      3971.5987 3.57662374E+06
      3971.9592 3.64240334E+06
      3972.3198 3.71349842E+06
      3973.0411 3.87039187E+06
      3973.7627 4.03909113E+06
      3975.2067 4.38741538E+06
      3976.6518 4.73354937E+06
      3979.5450 5.38735643E+06
      3982.4425 5.96236526E+06
      3984.3302 6.19888550E+06
      3988.2501 6.85988152E+06
      3994.0747 7.47080985E+06
      3999.2585 7.71055334E+06
      4001.1702 7.81062219E+06
      4003.0931 7.91888768E+06
      4005.7751 8.08447472E+06
      4006.1480 8.09082183E+06
      4009.7714 8.15418731E+06
      4013.9432 8.22612035E+06
      4017.5442 8.29093672E+06
      4023.0189 8.30991020E+06
      4032.7543 8.34275367E+06
      4041.2911 8.31024898E+06
      4050.5012 8.23865129E+06
      4052.1110 8.22612068E+06
      4056.0022 8.19584070E+06
      4057.8871 8.13508528E+06
      4061.3776 8.02888630E+06
      4065.3204 7.91778598E+06
      4067.7269 7.85261873E+06
      4074.9406 7.31823578E+06
      4079.5196 7.06811275E+06
      4085.4416 6.40181369E+06
      4091.3809 5.45527670E+06
      4092.1058 5.27032184E+06
      4092.1635 5.25689478E+06
      4094.3570 4.84922617E+06
      4097.3374 4.16638593E+06
      4098.8293 3.80953432E+06
      4100.3222 3.45325627E+06
      4101.0691 3.27659819E+06
      4101.8036 3.10264400E+06
      4101.8162 3.10023668E+06
      4102.1899 3.01434390E+06
      4102.5636 2.94660119E+06
      4102.7505 2.93977484E+06
      4102.9375 2.95148839E+06
      4103.1244 2.93964638E+06
      4103.3113 2.94635204E+06
      4103.6853 3.01385933E+06
      4104.0593 3.09949180E+06
      4104.8075 3.27528443E+06
      4105.5560 3.45127413E+06
      4107.0539 3.80601200E+06
      4108.5528 4.16091361E+06
      4111.5540 4.83791337E+06
      4112.1020 4.92180913E+06
      4114.2466 5.35342322E+06
      4114.5091 5.42164229E+06
      4114.5595 5.43522931E+06
      4120.5838 6.35985320E+06
      4126.6257 7.00327568E+06
      4138.7629 7.75654367E+06
      4144.2628 7.89227904E+06
      4148.7261 8.01928281E+06
      4150.9717 8.09037189E+06
      4164.3648 8.18084030E+06
      4167.2088 8.20197884E+06
      4175.6067 8.26671059E+06
      4185.1672 8.26259710E+06
      4200.5358 8.25547274E+06
      4206.9781 8.24027656E+06
      4223.8126 8.19824374E+06
      4243.7251 8.11392330E+06
      4251.2979 8.08156026E+06
      4252.6952 8.07498851E+06
      4268.3557 7.89924215E+06
      4281.9754 7.76161316E+06
      4296.7672 7.40957444E+06
      4303.3018 7.05848806E+06
      4311.6616 6.73633560E+06
      4314.8493 6.45622071E+06
      4319.1476 6.17446536E+06
      4326.6596 5.33621031E+06
      4330.4255 4.76416048E+06
      4334.1978 4.07187253E+06
      4336.0865 3.69720249E+06
      4337.9768 3.32495295E+06
      4338.9226 3.13882718E+06
      4339.8688 2.94641540E+06
      4340.3420 2.84173540E+06
      4340.8153 2.72357416E+06
      4341.0521 2.65630957E+06
      4341.2888 2.58466760E+06
      4341.4072 2.54664709E+06
      4341.5256 2.50403349E+06
      4341.5848 2.48015428E+06
      4341.6440 2.45704320E+06
      4341.6736 2.44783007E+06
      4341.7032 2.44165069E+06
      4341.7180 2.44003249E+06
      4341.7328 2.43923007E+06
      4341.7476 2.44002312E+06
      4341.7624 2.44163197E+06
      4341.7920 2.44779268E+06
      4341.8216 2.45698715E+06
      4341.8808 2.48006064E+06
      4341.9400 2.50390095E+06
      4342.0584 2.54643366E+06
      4342.1768 2.58437104E+06
      4342.4137 2.65584054E+06
      4342.6506 2.72291755E+06
      4343.1244 2.84067241E+06
      4343.5984 2.94489705E+06
      4344.5466 3.13632029E+06
      4345.4952 3.32132284E+06
      4347.3937 3.69095886E+06
      4349.2939 4.06213052E+06
      4353.0993 4.74386834E+06
      4356.9113 5.30117760E+06
      4364.5553 6.10284801E+06
      4372.2263 6.62390543E+06
      4374.1791 6.67831174E+06
      4377.6734 6.78619059E+06
      4387.6493 7.21414969E+06
      4403.1816 7.48689489E+06
      4411.2222 7.52026240E+06
      4425.4864 7.59088765E+06
      4434.5784 7.63804002E+06
      4466.4261 7.58502883E+06
      4486.8858 7.51895625E+06
      4524.6948 7.39685097E+06
      4531.5139 7.37493825E+06
      4538.9605 7.34849926E+06
      4598.5268 7.13929829E+06
      4605.5542 7.11458332E+06
      4655.3441 6.93386825E+06
      4667.2738 6.89118441E+06
      4730.6702 6.63012231E+06
      4738.6798 6.58100063E+06
      4763.0186 6.44158865E+06
      4774.7119 6.31254023E+06
      4795.8125 6.11711331E+06
      4812.3793 5.82374310E+06
      4829.0610 5.31615909E+06
      4837.4453 4.90342811E+06
      4845.8588 4.29607958E+06
      4850.0765 3.88308126E+06
      4854.3016 3.38797152E+06
      4856.4169 3.12558827E+06
      4858.5340 2.86276633E+06
      4859.5933 2.72671650E+06
      4860.6530 2.57854323E+06
      4861.1830 2.49015350E+06
      4861.7132 2.37196315E+06
      4861.9783 2.28571886E+06
      4862.2435 2.16405361E+06
      4862.3760 2.08717409E+06
      4862.5086 2.01151620E+06
      4862.5749 1.98370922E+06
      4862.6412 1.96981679E+06
      4862.6744 1.96827172E+06
      4862.7075 1.96872855E+06
      4862.7241 1.96908773E+06
      4862.7407 1.96928221E+06
      4862.7573 1.96907575E+06
      4862.7738 1.96870460E+06
      4862.8070 1.96822389E+06
      4862.8401 1.96974540E+06
      4862.9065 1.98359143E+06
      4862.9728 2.01135327E+06
      4863.1054 2.08691390E+06
      4863.2380 2.16367748E+06
      4863.5033 2.28507813E+06
      4863.7686 2.37102433E+06
      4864.2993 2.48858361E+06
      4864.8302 2.57631059E+06
      4865.8922 2.72307878E+06
      4866.9546 2.85759922E+06
      4869.0810 3.11696189E+06
      4871.2092 3.37521503E+06
      4875.4712 3.85909744E+06
      4879.7406 4.25700944E+06
      4887.6444 4.75657283E+06
      4888.3020 4.82576705E+06
      4896.8934 5.19211253E+06
      4897.1404 5.19621815E+06
      4914.1673 5.59446908E+06
      4931.5634 5.77508478E+06
      4966.7278 5.87144927E+06
      5002.3973 5.83693104E+06
      5022.7081 5.79031994E+06
      5075.2956 5.67046607E+06
      5150.3500 5.47922669E+06
      5151.4955 5.47629290E+06
      5283.5851 5.14785586E+06
      5307.3213 5.09106837E+06
      5419.0616 4.83313249E+06
      5474.1617 4.71112945E+06
      5558.0119 4.53248854E+06
      5700.5250 4.24641131E+06
      5846.6924 3.97494695E+06
      5905.1418 3.87189452E+06
      5996.6075 3.71621244E+06
      6057.2958 3.61695122E+06
      6150.3667 3.47009159E+06
      6217.4982 3.36838308E+06
      6300.8197 3.24329770E+06
      6308.0684 3.23152021E+06
      6386.4047 3.10864584E+06
      6430.0751 3.02714205E+06
      6469.8138 2.91855337E+06
      6474.3468 2.90734804E+06
      6496.7121 2.80578230E+06
      6519.2324 2.62863121E+06
      6530.5512 2.48028311E+06
      6541.9094 2.25397841E+06
      6547.6033 2.09616453E+06
      6553.3071 1.90608409E+06
      6556.1628 1.80421334E+06
      6559.0209 1.69772952E+06
      6560.4509 1.64029365E+06
      6561.8816 1.57484444E+06
      6562.5971 1.53337131E+06
      6563.3128 1.47290704E+06
      6563.6707 1.42259187E+06
      6564.0287 1.33174445E+06
      6564.2077 1.25485298E+06
      6564.3867 1.14837689E+06
      6564.4762 1.09126993E+06
      6564.5657 1.04522435E+06
      6564.6104 1.02963667E+06
      6564.6552 1.02011702E+06
      6564.6775 1.01771456E+06
      6564.6999 1.01691066E+06
      6564.7223 1.01770322E+06
      6564.7447 1.02009433E+06
      6564.7894 1.02959113E+06
      6564.8342 1.04515578E+06
      6564.9237 1.09115258E+06
      6565.0132 1.14820574E+06
      6565.1923 1.25454976E+06
      6565.3713 1.33128502E+06
      6565.7295 1.42179318E+06
      6566.0876 1.47175955E+06
      6566.8041 1.53151268E+06
      6567.5207 1.57225898E+06
      6568.9544 1.63619930E+06
      6570.3888 1.69204730E+06
      6573.2593 1.79510277E+06
      6576.1324 1.89319238E+06
      6581.8861 2.07436925E+06
      6587.6498 2.22155746E+06
      6599.2077 2.42312039E+06
      6610.8061 2.54393560E+06
      6634.1258 2.66234443E+06
      6635.7064 2.66463835E+06
      6657.6106 2.70361044E+06
      6705.0825 2.70401150E+06
      6753.2363 2.66850497E+06
      6805.8527 2.61711255E+06
      6851.6491 2.57308682E+06
      6952.9725 2.47097964E+06
      6980.3618 2.44370745E+06
      7159.3454 2.27388130E+06
      7164.8838 2.26884248E+06
      7342.9184 2.11362730E+06
      7390.1183 2.07457385E+06
      7531.1983 1.96300168E+06
      7724.3060 1.82188232E+06
      7922.3651 1.68982959E+06
      8125.5027 1.56629810E+06
      8169.1664 1.54335625E+06
      8219.8414 1.51720858E+06
      8260.7320 1.49647673E+06
      8283.5347 1.48505657E+06
      8311.9751 1.47094967E+06
      8333.8489 1.46020392E+06
      8354.3737 1.44996832E+06
      8365.2264 1.44458986E+06
      8376.3823 1.43908335E+06
      8401.9951 1.42653817E+06
      8406.1976 1.42449213E+06
      8450.1626 1.40331988E+06
      8454.1145 1.40143654E+06
      8458.9896 1.39911707E+06
      8471.3349 1.39326600E+06
      8472.5925 1.39267191E+06
      8474.4541 1.39179003E+06
      8498.8856 1.38029136E+06
      8502.5807 1.37856193E+06
      8511.1542 1.37455690E+06
      8519.6231 1.37061046E+06
      8523.4584 1.36882613E+06
      8527.0229 1.36716894E+06
      8529.6238 1.36595765E+06
      8535.7981 1.36309281E+06
      8538.8886 1.36166658E+06
      8541.9814 1.36024366E+06
      8543.5286 1.35953409E+06
      8545.0764 1.35882525E+06
      8545.8505 1.35847104E+06
      8546.6247 1.35811706E+06
      8547.0119 1.35793989E+06
      8547.3991 1.35774810E+06
      8547.5373 1.35766528E+06
      8547.5927 1.35763164E+06
      8547.7864 1.35752386E+06
      8547.9800 1.35745114E+06
      8548.1736 1.35738840E+06
      8548.5610 1.35722295E+06
      8548.9483 1.35704276E+06
      8549.7231 1.35668212E+06
      8550.4981 1.35632181E+06
      8551.6059 1.35580661E+06
      8552.0484 1.35560026E+06
      8553.5992 1.35487745E+06
      8554.8786 1.35428242E+06
      8556.7027 1.35343270E+06
      8559.8083 1.35199109E+06
      8563.9507 1.35007705E+06
      8566.0265 1.34911510E+06
      8567.5592 1.34840572E+06
      8568.4649 1.34798701E+06
      8572.2536 1.34622765E+06
      8576.3311 1.34433610E+06
      8582.5348 1.34145761E+06
      8584.7352 1.34044149E+06
      8588.7474 1.33858900E+06
      8591.8571 1.33716419E+06
      8593.0964 1.33660040E+06
      8594.9691 1.33574255E+06
      8596.5259 1.33503274E+06
      8597.2531 1.33470145E+06
      8598.0833 1.33432323E+06
      8598.8622 1.33396850E+06
      8599.6412 1.33361419E+06
      8600.0308 1.33343658E+06
      8600.4204 1.33322926E+06
      8600.6152 1.33308527E+06
      8600.8101 1.33296138E+06
      8601.0049 1.33290825E+06
      8601.1997 1.33287526E+06
      8601.5895 1.33272848E+06
      8601.9792 1.33255202E+06
      8602.7588 1.33219842E+06
      8603.5386 1.33184473E+06
      8603.6430 1.33179768E+06
      8605.0985 1.33113495E+06
      8606.6590 1.33042553E+06
      8609.7817 1.32901397E+06
      8612.9066 1.32761230E+06
      8617.8700 1.32540433E+06
      8618.0217 1.32533602E+06
      8619.1633 1.32481956E+06
      8622.3989 1.32336151E+06
      8625.4291 1.32199666E+06
      8630.3104 1.31979753E+06
      8637.9881 1.31630597E+06
      8642.7868 1.31412148E+06
      8647.6921 1.31187858E+06
      8649.0385 1.31126334E+06
      8650.5837 1.31056288E+06
      8652.9665 1.30947805E+06
      8655.2993 1.30840511E+06
      8658.4331 1.30698862E+06
      8661.5691 1.30559197E+06
      8663.1380 1.30490105E+06
      8664.6790 1.30422471E+06
      8664.7075 1.30421207E+06
      8665.4924 1.30386636E+06
      8666.2775 1.30352094E+06
      8666.6701 1.30334799E+06
      8667.0627 1.30315775E+06
      8667.2590 1.30303927E+06
      8667.4554 1.30293260E+06
      8667.6517 1.30286679E+06
      8667.8481 1.30281266E+06
      8668.2408 1.30265792E+06
      8668.6336 1.30248586E+06
      8669.4192 1.30214117E+06
      8670.2050 1.30179703E+06
      8671.7770 1.30111052E+06
      8673.3496 1.30042619E+06
      8675.8854 1.29933524E+06
      8676.4965 1.29907229E+06
      8677.8410 1.29850021E+06
      8679.6457 1.29771644E+06
      8685.9508 1.29502934E+06
      8692.2652 1.29236381E+06
      8698.7265 1.28962538E+06
      8701.3356 1.28852206E+06
      8702.8588 1.28787785E+06
      8704.9215 1.28697873E+06
      8714.0692 1.28295141E+06
      8714.6184 1.28270639E+06
      8715.4219 1.28234640E+06
      8717.6147 1.28133479E+06
      8728.0214 1.27649794E+06
      8734.3347 1.27353061E+06
      8740.6573 1.27061288E+06
      8743.1125 1.26951861E+06
      8743.8220 1.26919992E+06
      8746.9889 1.26782173E+06
      8748.5733 1.26714907E+06
      8750.1582 1.26648611E+06
      8750.3667 1.26639932E+06
      8750.9509 1.26615630E+06
      8751.7437 1.26582676E+06
      8752.1402 1.26553597E+06
      8752.5367 1.25830845E+06
      8752.6865 1.24892904E+06
      8752.7350 1.24594858E+06
      8752.9332 1.23834146E+06
      8753.1315 1.24578723E+06
      8753.3298 1.25798185E+06
      8753.7264 1.26487830E+06
      8754.1231 1.26484011E+06
      8754.9165 1.26451201E+06
      8755.7100 1.26418411E+06
      8757.2975 1.26353169E+06
      8758.8856 1.26288890E+06
      8762.0635 1.26163579E+06
      8764.0258 1.26088868E+06
      8765.2437 1.26040641E+06
      8766.7050 1.25984926E+06
      8768.7598 1.25912093E+06
      8771.6111 1.25810648E+06
      8777.9877 1.25588272E+06
      8789.2195 1.25189371E+06
      8790.7688 1.25130567E+06
      8803.5872 1.24628266E+06
      8804.6471 1.24585491E+06
      8813.4052 1.24232794E+06
      8814.3557 1.24193891E+06
      8814.5585 1.24185504E+06
      8820.5086 1.23919731E+06
      8822.6997 1.23821928E+06
      8827.2828 1.23614609E+06
      8829.3364 1.23514843E+06
      8840.0439 1.22987572E+06
      8846.4384 1.22661871E+06
      8852.8420 1.22345726E+06
      8855.2367 1.22238069E+06
      8855.5087 1.22225708E+06
      8856.0474 1.22201258E+06
      8859.2550 1.22063457E+06
      8860.8597 1.21999386E+06
      8862.4649 1.21938134E+06
      8863.2678 1.21907999E+06
      8863.6432 1.21893949E+06
      8864.0708 1.21877158E+06
      8864.4724 1.21861433E+06
      8864.8739 1.21845724E+06
      8865.0748 1.21837876E+06
      8865.2756 1.21830028E+06
      8865.4764 1.21822178E+06
      8865.6772 1.21814329E+06
      8866.0789 1.21798641E+06
      8866.4807 1.21782971E+06
      8867.2843 1.21751713E+06
      8868.0880 1.21720562E+06
      8869.6959 1.21659196E+06
      8871.3043 1.21600656E+06
      8872.8719 1.21548287E+06
      8874.5230 1.21493164E+06
      8877.7441 1.21393213E+06
      8884.1932 1.21220596E+06
      8890.6516 1.21056657E+06
      8903.5968 1.20704381E+06
      8907.4959 1.20585762E+06
      8910.4413 1.20495565E+06
      8914.4573 1.20372692E+06
      8916.5797 1.20299977E+06
      8921.5906 1.20111677E+06
      8940.0834 1.19410473E+06
      8942.6594 1.19297337E+06
      8960.3755 1.18481557E+06
      8963.2082 1.18351548E+06
      8965.8573 1.18230109E+06
      8968.8921 1.18066741E+06
      8978.8001 1.17522369E+06
      8979.4859 1.17479770E+06
      8988.5224 1.16920733E+06
      8991.4923 1.16737657E+06
      8991.7802 1.16720028E+06
      8998.2844 1.16301050E+06
      9004.7980 1.15891255E+06
      9008.0583 1.15706475E+06
      9011.3210 1.15553667E+06
      9012.9533 1.15488592E+06
      9014.5861 1.15427467E+06
      9015.4027 1.15399227E+06
      9016.2195 1.15371085E+06
      9016.6280 1.15241809E+06
      9017.0364 1.10057756E+06
      9017.2407 1.03182504E+06
      9017.4450 9.98272925E+05
      9017.6492 1.03170091E+06
      9017.8535 1.10031349E+06
      9018.2621 1.15186678E+06
      9018.6707 1.15288314E+06
      9018.8088 1.15283747E+06
      9019.4881 1.15261279E+06
      9020.3056 1.15234321E+06
      9021.8220 1.15188664E+06
      9021.9411 1.15185006E+06
      9022.7236 1.15162862E+06
      9023.5772 1.15136953E+06
      9026.8512 1.15060268E+06
      9030.1275 1.15015075E+06
      9036.6873 1.14963542E+06
      9043.2566 1.14919329E+06
      9056.4239 1.14787688E+06
      9068.0409 1.14589979E+06
      9069.6297 1.14562917E+06
      9074.1547 1.14451454E+06
      9075.3803 1.14415167E+06
      9088.6931 1.14018150E+06
      9096.1571 1.13795779E+06
      9122.8401 1.12853994E+06
      9126.1756 1.12725745E+06
      9152.4104 1.11477680E+06
      9169.7108 1.10402947E+06
      9176.6785 1.09971016E+06
      9178.3252 1.09866914E+06
      9178.7964 1.09837191E+06
      9184.4276 1.09370813E+06
      9192.0466 1.08746870E+06
      9198.2098 1.08141650E+06
      9205.3350 1.07451314E+06
      9211.9937 1.06757254E+06
      9218.6620 1.06060267E+06
      9221.9997 1.05765823E+06
      9222.0434 1.05762765E+06
      9225.3399 1.05530963E+06
      9227.0109 1.05445682E+06
      9228.6825 1.05376884E+06
      9229.5185 1.05347371E+06
      9230.3547 1.05320145E+06
      9230.7729 1.05306950E+06
      9231.1561 1.05294946E+06
      9231.1910 1.05293832E+06
      9231.4002 1.05287199E+06
      9231.6093 1.05280572E+06
      9231.8184 1.05273944E+06
      9232.0275 1.05267321E+06
      9232.4458 1.05254142E+06
      9232.8642 1.05241059E+06
      9233.7010 1.05215736E+06
      9234.5379 1.05192684E+06
      9236.2122 1.05156271E+06
      9237.8872 1.05136313E+06
      9241.2389 1.05159955E+06
      9244.5930 1.05241146E+06
      9251.3086 1.05507561E+06
      9258.0339 1.05766854E+06
      9263.0721 1.05920485E+06
      9271.5140 1.06165554E+06
      9285.0334 1.06341481E+06
      9296.1273 1.06280620E+06
      9312.1908 1.06194352E+06
      9339.5075 1.05664685E+06
      9342.0751 1.05593212E+06
      9358.3541 1.05138500E+06
      9394.6246 1.03911431E+06
      9398.6079 1.03760622E+06
      9406.7339 1.03452578E+06
      9450.3961 1.01226351E+06
      9455.6166 1.00958503E+06
      9455.6921 1.00952739E+06
      9458.5060 1.00737137E+06
      9480.2490 9.91207645E+05
      9505.0100 9.64881513E+05
      9517.4391 9.47433483E+05
      9529.9007 9.27500075E+05
      9536.1437 9.17717505E+05
      9542.3950 9.10126842E+05
      9545.5237 9.08094350E+05
      9548.6544 6.95143303E+05
      9551.7872 9.06397394E+05
      9554.9221 9.06727609E+05
      9561.1980 9.10865909E+05
      9563.9494 9.13570085E+05
      9567.4821 9.17106933E+05
      9580.0753 9.29726416E+05
      9592.7016 9.39663231E+05
      9607.9325 9.46111643E+05
      9618.0543 9.50661220E+05
      9643.5413 9.53523899E+05
      9680.2648 9.49663218E+05
      9694.9229 9.48128572E+05
      9701.0318 9.46746471E+05
      9716.1307 9.43363962E+05
      9746.8549 9.35757920E+05
      9826.7935 9.12293831E+05
      9852.4061 9.03042476E+05
      9883.0757 8.91706100E+05
      9940.0063 8.61931943E+05
      9949.7762 8.53809558E+05
      9960.2684 8.45520032E+05
      9968.7182 8.39128288E+05
      9997.5965 8.04607132E+05
     10008.2722 7.85719720E+05
     10012.0985 7.79551901E+05
     10026.6426 7.46608321E+05
     10033.9305 7.27185256E+05
     10041.2291 7.07634158E+05
     10044.8823 6.98932920E+05
     10048.5382 6.93318405E+05
     10050.3671 6.92170610E+05
     10052.1968 6.91679408E+05
     10054.0270 6.91432728E+05
     10055.8580 6.91840599E+05
     10059.5219 6.95951215E+05
     10063.1885 7.03097493E+05
     10070.5296 7.19380840E+05
     10077.8815 7.35341669E+05
     10092.6175 7.60937951E+05
     10107.3967 7.78320171E+05
     10137.0852 7.96965012E+05
     10166.9487 8.03725142E+05
     10183.2367 8.02975088E+05
     10204.8987 8.02183045E+05
     10226.6925 8.01664311E+05
     10227.2067 8.01654917E+05
     10288.1832 7.91213220E+05
     10412.3438 7.64072593E+05
     10416.4162 7.63134832E+05
     10454.8592 7.54319079E+05
     10466.5627 7.51571975E+05
     10539.5378 7.34746316E+05
     10572.8036 7.27103299E+05
     10693.4394 6.97789954E+05
     10734.9361 6.85690505E+05
     10754.7956 6.80151496E+05
     10803.4820 6.59518000E+05
     10816.8599 6.54452167E+05
     10848.1615 6.34477422E+05
     10879.6448 6.03227975E+05
     10895.4550 5.80369821E+05
     10911.3113 5.49454240E+05
     10919.2568 5.30201747E+05
     10927.2138 5.08804934E+05
     10931.1967 4.97979292E+05
     10935.1824 4.88350550E+05
     10937.1764 4.84831521E+05
     10939.1711 4.82708729E+05
     10940.1687 4.80174538E+05
     10941.1665 4.27459056E+05
     10942.1645 4.79915744E+05
     10943.1627 4.82188183E+05
     10945.1596 4.83785475E+05
     10947.1572 4.86768571E+05
     10951.1546 4.95282932E+05
     10955.1550 5.04936421E+05
     10963.1644 5.23831200E+05
     10971.1856 5.40408911E+05
     10987.2632 5.65617397E+05
     11003.3881 5.82472261E+05
     11010.1909 5.85614846E+05
     11035.7801 6.01265567E+05
     11068.3634 6.08577440E+05
     11080.9858 6.08381987E+05
     11134.1107 6.08885982E+05
     11200.6437 6.01390063E+05
     11292.5035 5.87408619E+05
     11336.1241 5.80936653E+05
     11474.9221 5.59053638E+05
     11582.0549 5.42437943E+05
     11728.4440 5.20712637E+05
     11762.9705 5.15679176E+05
     11879.0306 4.99125618E+05
     11983.9104 4.84742824E+05
     12065.8528 4.73768516E+05
     12183.6212 4.58465756E+05
     12250.7537 4.50029892E+05
     12388.6819 4.32682326E+05
     12496.0217 4.18393922E+05
     12529.7512 4.14088678E+05
     12601.4975 4.02825569E+05
     12674.0702 3.86817215E+05
     12710.6709 3.73939295E+05
     12747.4836 3.52592655E+05
     12765.9701 3.36470563E+05
     12784.5102 3.15840854E+05
     12793.8005 3.03954900E+05
     12803.1043 2.91129275E+05
     12807.7612 2.84341618E+05
     12812.4216 2.77201839E+05
     12814.7530 2.73373680E+05
     12816.4325 2.70335222E+05
     12817.0853 2.69322658E+05
     12818.2518 2.67278081E+05
     12819.4185 2.65451639E+05
     12820.0019 2.64742977E+05
     12820.5854 2.64317776E+05
     12820.8771 2.64210768E+05
     12821.1689 2.64135543E+05
     12821.3148 2.64113939E+05
     12821.4607 2.64096674E+05
     12821.5336 2.64091077E+05
     12821.6066 2.64086069E+05
     12821.6431 2.64083749E+05
     12821.6795 2.64081430E+05
     12821.7160 2.64079111E+05
     12821.7525 2.64076793E+05
     12821.8254 2.64072526E+05
     12821.8984 2.64068847E+05
     12822.0443 2.64067559E+05
     12822.1902 2.64070609E+05
     12822.4820 2.64108700E+05
     12822.7739 2.64178534E+05
     12823.3576 2.64529080E+05
     12823.9414 2.65162441E+05
     12825.1091 2.66836083E+05
     12826.2770 2.68724953E+05
     12828.6135 2.72457109E+05
     12830.9509 2.75957615E+05
     12835.6281 2.82418115E+05
     12840.3088 2.88495335E+05
     12849.6804 2.99813519E+05
     12859.0657 3.10086156E+05
     12877.8774 3.27228975E+05
     12896.7442 3.39632250E+05
     12934.6443 3.53246386E+05
     12972.7677 3.58289033E+05
     13049.6928 3.58650031E+05
     13127.5356 3.54382851E+05
     13145.0590 3.53002837E+05
     13286.0409 3.42185426E+05
     13448.4206 3.28918685E+05
     13482.1118 3.26164242E+05
     13785.3859 3.02581399E+05
     13827.8070 2.99432631E+05
     14139.6712 2.77448234E+05
     14182.3661 2.74575875E+05
     14546.0165 2.51498571E+05
     14918.9913 2.36014274E+05
     15301.5296 2.15940115E+05
     15693.8765 1.97385063E+05
     15702.3831 1.97002027E+05
     15702.8232 1.96982228E+05
     15703.2632 1.96961993E+05
     15703.7033 1.96916777E+05
     15704.1434 1.96465253E+05
     15704.5836 1.94397271E+05
     15705.0237 1.92529494E+05
     15705.4639 1.94358372E+05
     15705.9042 1.96386380E+05
     15706.3444 1.96798082E+05
     15706.7847 1.96803782E+05
     15707.2249 1.96784432E+05
     15707.6653 1.96764721E+05
     15882.2820 1.89111147E+05
     15882.7271 1.89092122E+05
     15883.1722 1.89071786E+05
     15883.6174 1.88983243E+05
     15884.0625 1.87798799E+05
     15884.5077 1.82541733E+05
     15884.9529 1.78153908E+05
     15885.3981 1.82505386E+05
     15885.8434 1.87723327E+05
     15886.2887 1.88869078E+05
     15886.7340 1.88919515E+05
     15887.1793 1.88901706E+05
     15887.6247 1.88882760E+05
     16096.2836 1.80220884E+05
     16111.0784 1.79615568E+05
     16111.5299 1.79597081E+05
     16111.9814 1.79575133E+05
     16112.4330 1.79363471E+05
     16112.8845 1.76206536E+05
     16113.3361 1.63962839E+05
     16113.7878 1.55567344E+05
     16114.2394 1.63930325E+05
     16114.6911 1.76134730E+05
     16115.1428 1.79253112E+05
     16115.5945 1.79427780E+05
     16116.0462 1.79412824E+05
     16116.4980 1.79394430E+05
     16408.9904 1.67947052E+05
     16409.4502 1.67929778E+05
     16409.9101 1.67902755E+05
     16410.3700 1.67353938E+05
     16410.8299 1.59438381E+05
     16411.2898 1.37828511E+05
     16411.7498 1.28928655E+05
     16412.2098 1.37802211E+05
     16412.6698 1.59374168E+05
     16413.1299 1.67250823E+05
     16413.5900 1.67764701E+05
     16414.0501 1.67757067E+05
     16414.5102 1.67739929E+05
     16509.0088 1.64241876E+05
     16808.3626 1.53621855E+05
     16808.8337 1.53605624E+05
     16809.3047 1.53563912E+05
     16809.7758 1.52160472E+05
     16810.2469 1.35822863E+05
     16810.7181 1.15191985E+05
     16811.1892 1.11731063E+05
     16811.6604 1.15170415E+05
     16812.1316 1.35769379E+05
     16812.6029 1.52065759E+05
     16813.0742 1.53435822E+05
     16813.5455 1.53445536E+05
     16814.0168 1.53429651E+05
     16932.3167 1.49477746E+05
     17157.0380 1.42305924E+05
     17364.0110 1.36020607E+05
     17364.4976 1.36005855E+05
     17364.9842 1.35928977E+05
     17365.4709 1.32705901E+05
     17365.9576 1.10440752E+05
     17366.4443 1.00205657E+05
     17366.4787 1.00031981E+05
     17366.9310 9.84964836E+04
     17367.4178 1.00186780E+05
     17367.9046 1.10398573E+05
     17368.3914 1.32623031E+05
     17368.8783 1.35814139E+05
     17369.3651 1.35862256E+05
     17369.8521 1.35848208E+05
     17530.7490 1.31206513E+05
     17811.7730 1.23529153E+05
     17921.1026 1.20695397E+05
     18122.8718 1.15541641E+05
     18176.1124 1.14113231E+05
     18176.6218 1.14099002E+05
     18177.1312 1.13958294E+05
     18177.6406 1.08235066E+05
     18178.1500 8.97981597E+04
     18178.6595 8.45342018E+04
     18179.1690 8.32914301E+04
     18179.6786 8.45181451E+04
     18180.1881 8.97638283E+04
     18180.6977 1.08163630E+05
     18181.2073 1.13850570E+05
     18181.7170 1.13963994E+05
     18182.2267 1.13951249E+05
     18268.4851 1.11707998E+05
     18329.2360 1.10171249E+05
     18434.1906 1.07061701E+05
     18540.3541 1.02858566E+05
     18593.8957 9.96497327E+04
     18647.7475 9.46155990E+04
     18674.7905 9.08941915E+04
     18701.9121 8.61665412E+04
     18715.5024 8.35188352E+04
     18729.1125 8.06740258E+04
     18735.9250 7.91301456E+04
     18736.9078 7.87149617E+04
     18742.7424 7.73737660E+04
     18746.1530 7.62848345E+04
     18749.5648 7.49048407E+04
     18751.2712 7.39693051E+04
     18752.9779 7.27446335E+04
     18753.8314 7.19483622E+04
     18754.6849 7.09455823E+04
     18755.1117 7.01324061E+04
     18755.5385 6.88275044E+04
     18755.7519 6.81437936E+04
     18755.9654 6.76037065E+04
     18756.0721 6.74221687E+04
     18756.1788 6.73145056E+04
     18756.2321 6.72872104E+04
     18756.2855 6.72776463E+04
     18756.3389 6.72859284E+04
     18756.3922 6.73119406E+04
     18756.4989 6.74170293E+04
     18756.6057 6.75959737E+04
     18756.8191 6.81307872E+04
     18757.0325 6.88090850E+04
     18757.4594 7.01028254E+04
     18757.8864 7.09047016E+04
     18758.7403 7.18846523E+04
     18759.5943 7.26576735E+04
     18761.3025 7.38349421E+04
     18763.0110 7.47221825E+04
     18766.4289 7.60038182E+04
     18769.8482 7.69923553E+04
     18776.6903 7.85430381E+04
     18783.5375 7.98744957E+04
     18797.2467 8.22740900E+04
     18810.9760 8.44499488E+04
     18838.4949 8.81591621E+04
     18866.0944 9.07925664E+04
     18921.5367 9.35566424E+04
     18977.3059 9.44553539E+04
     19089.8363 9.40419601E+04
     19203.7092 9.25755276E+04
     19217.3413 9.23529718E+04
     19435.5798 8.88769812E+04
     19447.6923 8.86746369E+04
     19448.2373 8.86642969E+04
     19448.7823 8.84374338E+04
     19449.3274 8.10688093E+04
     19449.8725 6.92742573E+04
     19450.4176 6.60838556E+04
     19450.9627 6.51551580E+04
     19451.5079 6.60711610E+04
     19452.0531 6.92475315E+04
     19452.5984 8.10205962E+04
     19453.1437 8.83650173E+04
     19453.6890 8.85734216E+04
     19454.2343 8.85656086E+04
     19673.1181 8.50089136E+04
     19710.0937 8.44138020E+04
     20166.0502 7.74740054E+04
     20215.4807 7.67626354E+04
     20684.3191 7.03964622E+04
     20733.8264 6.97610233E+04
     21265.4629 6.33631838E+04
     21657.6573 5.91055657E+04
     21658.2643 5.90976210E+04
     21658.8712 5.88098041E+04
     21659.4782 5.24001703E+04
     21660.0853 4.65367966E+04
     21660.6923 4.46693391E+04
     21661.2994 4.40297279E+04
     21661.9066 4.46606174E+04
     21662.5137 4.65185471E+04
     21663.1209 5.23687922E+04
     21663.7282 5.87598194E+04
     21664.3354 5.90345917E+04
     21664.9427 5.90299322E+04
     21810.7312 5.75417929E+04
     22369.9807 5.22462559E+04
     22568.4128 5.05141058E+04
     23024.3404 4.72483711E+04
     23614.7081 4.28804335E+04
     24220.2134 3.89103040E+04
     24841.2445 3.53025237E+04
     25478.1995 3.20247131E+04
     25639.0475 3.12574429E+04
     25639.7660 3.12540693E+04
     25640.4845 3.12506190E+04
     25641.2031 3.12427890E+04
     25641.9217 3.11642239E+04
     25642.6404 3.08102468E+04
     25643.3591 3.04986331E+04
     25644.0778 3.08036330E+04
     25644.7966 3.11507775E+04
     25645.5154 3.12225479E+04
     25646.2343 3.12236211E+04
     25646.9532 3.12203371E+04
     25647.6722 3.12169579E+04
     26122.1744 2.90872517E+04
     26122.9065 2.90841068E+04
     26123.6385 2.90807599E+04
     26124.3707 2.90660615E+04
     26125.1028 2.88710254E+04
     26125.8350 2.80441263E+04
     26126.5673 2.73971695E+04
     26127.2996 2.80381655E+04
     26128.0319 2.88585898E+04
     26128.7643 2.90472240E+04
     26129.4967 2.90556284E+04
     26130.2291 2.90526996E+04
     26130.9616 2.90495586E+04
     26131.4867 2.90473110E+04
     26254.3846 2.85261676E+04
     26255.1203 2.85214319E+04
     26255.8561 2.82472463E+04
     26256.5920 2.47777864E+04
     26257.3278 2.28881422E+04
     26258.0638 2.19867381E+04
     26258.7997 2.16480863E+04
     26259.5357 2.19823395E+04
     26260.2717 2.28789441E+04
     26261.0078 2.47627522E+04
     26261.7439 2.82230187E+04
     26262.4801 2.84906023E+04
     26263.2163 2.84891677E+04
     26746.9075 2.65515797E+04
     26747.6571 2.65486996E+04
     26748.4067 2.65452932E+04
     26749.1563 2.65124904E+04
     26749.9060 2.60363336E+04
     26750.6557 2.43926880E+04
     26751.4055 2.34417855E+04
     26752.1553 2.43876140E+04
     26752.9051 2.60251751E+04
     26753.6550 2.64952982E+04
     26754.4049 2.65223201E+04
     26755.1549 2.65199917E+04
     26755.9049 2.65171302E+04
     26801.5248 2.63433104E+04
     27488.7434 2.38880594E+04
     27578.1351 2.35899348E+04
     27578.9079 2.35873700E+04
     27579.6808 2.35834497E+04
     27580.4537 2.35063781E+04
     27581.2267 2.24732421E+04
     27581.9997 2.03338387E+04
     27582.7728 1.97152710E+04
     27583.5459 2.03297068E+04
     27584.3191 2.24637438E+04
     27585.0922 2.34911162E+04
     27585.8655 2.35630068E+04
     27586.6388 2.35618152E+04
     27587.4121 2.35592659E+04
     28193.5829 2.16590939E+04
     28725.2291 2.01472855E+04
     28726.0341 2.01450835E+04
     28726.8391 2.01397445E+04
     28727.6442 1.99698993E+04
     28728.4493 1.83130529E+04
     28729.2545 1.69138738E+04
     28730.0597 1.66651103E+04
     28730.8650 1.69104363E+04
     28731.6703 1.83054890E+04
     28732.4756 1.99569640E+04
     28733.2810 2.01222605E+04
     28734.0865 2.01232208E+04
     28734.8920 2.01210562E+04
     28916.4953 1.96359078E+04
     29657.9439 1.77998112E+04
     30387.0192 1.61985498E+04
     30387.8708 1.61967497E+04
     30388.7224 1.61887487E+04
     30389.5740 1.58778712E+04
     30390.4257 1.42559640E+04
     30391.2775 1.35870841E+04
     30392.1293 1.34215813E+04
     30392.9811 1.35843068E+04
     30393.8330 1.42501187E+04
     30394.6850 1.58676445E+04
     30395.5370 1.61746585E+04
     30396.3890 1.61791287E+04
     30397.2411 1.61774034E+04
     30418.4040 1.61337319E+04
     31198.3631 1.46216189E+04
     31998.3211 1.32500377E+04
     32498.5145 1.24735728E+04
     32964.4896 1.18340678E+04
     32965.4134 1.18327828E+04
     32966.3372 1.18214614E+04
     32967.2611 1.13990602E+04
     32968.1851 1.03305250E+04
     32969.1091 9.95050583E+03
     32970.0331 9.83223776E+03
     32970.9572 9.94845787E+03
     32971.8814 1.03262675E+04
     32972.8056 1.13919974E+04
     32973.7298 1.18116497E+04
     32974.6541 1.18205025E+04
     32975.5785 1.18193328E+04
     33155.0501 1.15838620E+04
     34005.1796 1.04943370E+04
     34877.1073 9.50658708E+03
     35771.3921 8.61121484E+03
     36688.6073 7.79967261E+03
     37399.4083 7.23563619E+03
     37400.4563 7.23477827E+03
     37401.5045 7.22253076E+03
     37402.5527 6.86548861E+03
     37403.6009 6.35129683E+03
     37404.6492 6.13803950E+03
     37405.6976 6.06215467E+03
     37406.7460 6.13676389E+03
     37407.7945 6.34865056E+03
     37408.8430 6.86113339E+03
     37409.8917 7.21620642E+03
     37410.9403 7.22684908E+03
     37411.9890 7.22612342E+03
     37629.3408 7.06419151E+03
     38594.1957 6.39771003E+03
     39069.0247 6.09857349E+03
     39070.1196 6.09790364E+03
     39071.2145 6.09721718E+03
     39072.3095 6.09556311E+03
     39073.4045 6.07836710E+03
     39074.4996 6.00291285E+03
     39075.5948 5.93925462E+03
     39076.6900 6.00160501E+03
     39077.7853 6.07570288E+03
     39078.8807 6.09155092E+03
     39079.9761 6.09186539E+03
     39081.0716 6.09121440E+03
     39082.1671 6.09054574E+03
     39583.7905 5.79381245E+03
     40202.0264 5.45248483E+03
     40203.1530 5.45188572E+03
     40204.2797 5.45124385E+03
     40205.4065 5.44826954E+03
     40206.5333 5.40888177E+03
     40207.6601 5.25390519E+03
     40208.7871 5.14458963E+03
     40209.9140 5.25277253E+03
     40211.0411 5.40651597E+03
     40212.1682 5.44468179E+03
     40213.2954 5.44645589E+03
     40214.4227 5.44590167E+03
     40215.5500 5.44530357E+03
     40516.0256 5.28877603E+03
     40517.1610 5.28758303E+03
     40518.2965 5.19821692E+03
     40519.4320 4.72462519E+03
     40520.5677 4.45676492E+03
     40521.7033 4.25748657E+03
     40522.8391 4.18230558E+03
     40523.9749 4.25660176E+03
     40525.1107 4.45490490E+03
     40526.2466 4.72165437E+03
     40527.3826 5.19371950E+03
     40528.5187 5.28178079E+03
     40529.6548 5.28181111E+03
     40598.7594 5.24667070E+03
     41639.7533 4.75099170E+03
     41701.0432 4.72366944E+03
     41702.2118 4.72315004E+03
     41703.3805 4.72252998E+03
     41704.5493 4.71647113E+03
     41705.7181 4.63219349E+03
     41706.8870 4.38923416E+03
     41708.0559 4.27884741E+03
     41709.2249 4.38830379E+03
     41710.3940 4.63017971E+03
     41711.5632 4.71336391E+03
     41712.7324 4.71837966E+03
     41713.9017 4.71796196E+03
     41715.0710 4.71744359E+03
     42707.4393 4.30196869E+03
     43757.3077 3.91104512E+03
     43758.5339 3.91061394E+03
     43759.7602 3.90996559E+03
     43760.9866 3.89771342E+03
     43762.2131 3.75117320E+03
     43763.4396 3.53303758E+03
     43764.6662 3.48047289E+03
     43765.8928 3.53229373E+03
     43767.1196 3.74956356E+03
     43768.3464 3.89514831E+03
     43769.5732 3.90652814E+03
     43770.8002 3.90631694E+03
     43772.0272 3.90588800E+03
     43802.5018 3.89523876E+03
     44234.0892 3.74822664E+03
     45127.7071 3.47114193E+03
     46284.8278 3.14257995E+03
     46530.1232 3.07799408E+03
     46531.4271 3.07760759E+03
     46532.7311 3.06914476E+03
     46534.0352 2.90278969E+03
     46535.3394 2.73772266E+03
     46536.6437 2.64314109E+03
     46537.9480 2.60724350E+03
     46539.2524 2.64258429E+03
     46540.5568 2.73656608E+03
     46541.8614 2.90093918E+03
     46543.1660 3.06644922E+03
     46544.4707 3.07422062E+03
     46545.7754 3.07392929E+03
     46717.3608 3.02981117E+03
     46718.6700 3.02947530E+03
     46719.9793 3.02872466E+03
     46721.2886 3.00668385E+03
     46722.5981 2.83505272E+03
     46723.9076 2.71798312E+03
     46725.2171 2.68758275E+03
     46726.5268 2.71740862E+03
     46727.8365 2.83384876E+03
     46729.1463 3.00470902E+03
     46730.4561 3.02605808E+03
     46731.7661 3.02614110E+03
     46733.0761 3.02581014E+03
     47471.6183 2.84502792E+03
     48688.8393 2.57558054E+03
     49937.2710 2.33159349E+03
     51217.7139 2.11073454E+03
     51278.0949 2.10098035E+03
     51279.5319 2.10074552E+03
     51280.9690 2.09990827E+03
     51282.4062 2.07104531E+03
     51283.8434 1.94964966E+03
     51285.2808 1.88674104E+03
     51286.7182 1.86594010E+03
     51288.1557 1.88634033E+03
     51289.5932 1.94881992E+03
     51291.0309 2.06969185E+03
     51292.4686 2.09805832E+03
     51293.9064 2.09843201E+03
     51295.3443 2.09820419E+03
     52530.9886 1.91075535E+03
     53877.9370 1.72968464E+03
     55259.4226 1.56573971E+03
     56676.3309 1.41730517E+03
     57105.1512 1.37588704E+03
     57106.7515 1.37573536E+03
     57108.3519 1.37557906E+03
     57109.9523 1.37516752E+03
     57111.5529 1.37069948E+03
     57113.1536 1.35191951E+03
     57114.7543 1.33705398E+03
     57116.3552 1.35162379E+03
     57117.9561 1.37009596E+03
     57119.5571 1.37425792E+03
     57121.1583 1.37436586E+03
     57122.7595 1.37421904E+03
     57124.3607 1.37406746E+03
     58129.5701 1.28291677E+03
     59072.3653 1.20481362E+03
     59074.0208 1.20467821E+03
     59075.6763 1.20392183E+03
     59077.3319 1.17929176E+03
     59078.9876 1.11804797E+03
     59080.6434 1.08370854E+03
     59082.2993 1.07108200E+03
     59083.9553 1.08347695E+03
     59085.6114 1.11756926E+03
     59087.2676 1.17852710E+03
     59088.9239 1.20286816E+03
     59090.5802 1.20336001E+03
     59092.2367 1.20323178E+03
     59558.5577 1.16683908E+03
     59560.2267 1.16671127E+03
     59561.8959 1.16657307E+03
     59563.5651 1.16587027E+03
     59565.2345 1.15660930E+03
     59566.9039 1.12403067E+03
     59568.5734 1.10422444E+03
     59570.2430 1.12378801E+03
     59571.9127 1.15610451E+03
     59573.5826 1.16510443E+03
     59575.2525 1.16555124E+03
     59576.9225 1.16543399E+03
     59578.5925 1.16530633E+03
     59620.0719 1.16214080E+03
     61148.7917 1.05188444E+03
     62716.7094 9.52070241E+02
     62908.7265 9.40676141E+02
     62910.4895 9.40572191E+02
     62912.2525 9.40447004E+02
     62914.0156 9.39176451E+02
     62915.7789 9.22614974E+02
     62917.5422 8.84854858E+02
     62919.3057 8.71155582E+02
     62921.0692 8.84664664E+02
     62922.8328 9.22212049E+02
     62924.5966 9.38555126E+02
     62926.3604 9.39616891E+02
     62928.1243 9.39534488E+02
     62929.8884 9.39430881E+02
     64324.8302 8.61710713E+02
     65974.1848 7.79911790E+02
     67665.8306 7.05863587E+02
     67708.6761 7.04105032E+02
     67710.5735 7.04027055E+02
     67712.4711 7.03911418E+02
     67714.3688 7.01805630E+02
     67716.2665 6.80146241E+02
     67718.1644 6.55031127E+02
     67720.0624 6.47816675E+02
     67721.9605 6.54890161E+02
     67723.8587 6.79851461E+02
     67725.7570 7.01341659E+02
     67727.6554 7.03289691E+02
     67729.5539 7.03249875E+02
     67731.4526 7.03172393E+02
     69400.8519 6.38832729E+02
     71180.3609 5.78155212E+02
     73005.4983 5.23229638E+02
     73121.6576 5.19959753E+02
     74586.3199 4.81029002E+02
     74588.4101 4.80964487E+02
     74590.5004 4.79033777E+02
     74592.5908 4.56856061E+02
     74594.6814 4.33790652E+02
     74596.7720 4.16017429E+02
     74598.8628 4.09332422E+02
     74598.8628 4.09332380E+02
     74600.9537 4.15928018E+02
     74603.0447 4.33603693E+02
     74605.1359 4.56559711E+02
     74607.2271 4.78612709E+02
     74609.3185 4.80434334E+02
     74611.4100 4.80392773E+02
     75012.5274 4.70339758E+02
     75014.6296 4.70285522E+02
     75016.7318 4.69843641E+02
     75018.8342 4.58145271E+02
     75020.9367 4.37245816E+02
     75023.0393 4.22880047E+02
     75025.1420 4.17376713E+02
     75027.2449 4.22788907E+02
     75029.3478 4.37056939E+02
     75031.4509 4.57846505E+02
     75033.5541 4.69428617E+02
     75035.6574 4.69765882E+02
     75037.7609 4.69716198E+02
     75068.5987 4.68955529E+02
     75070.7024 4.68903397E+02
     75072.8062 4.68797784E+02
     75074.9102 4.66021677E+02
     75077.0143 4.48155761E+02
     75079.1184 4.34642128E+02
     75081.2227 4.29980975E+02
     75083.3272 4.34548265E+02
     75085.4317 4.47961756E+02
     75087.5363 4.65714031E+02
     75089.6411 4.68383376E+02
     75091.7460 4.68385272E+02
     75093.8510 4.68333776E+02
     76511.6541 4.35021819E+02
     78473.4914 3.93665660E+02
     80485.6322 3.56232726E+02
     81535.3559 3.38469856E+02
     81537.6408 3.38432421E+02
     81539.9259 3.38393515E+02
     81542.2111 3.38275746E+02
     81544.4964 3.36924884E+02
     81546.7818 3.31607715E+02
     81549.0674 3.27768681E+02
     81551.3531 3.31534990E+02
     81553.6389 3.36776104E+02
     81555.9249 3.38051290E+02
     81558.2110 3.38094131E+02
     81560.4972 3.38058186E+02
     81562.7836 3.38020774E+02
     82549.3664 3.22351469E+02
     84666.0168 2.91685480E+02
     86630.6293 2.66421612E+02
     86633.0570 2.66392114E+02
     86635.4849 2.66359779E+02
     86637.9129 2.66173662E+02
     86640.3410 2.63758894E+02
     86642.7693 2.56484979E+02
     86645.1977 2.52786183E+02
     86647.6262 2.56429089E+02
     86650.0549 2.63642695E+02
     86652.4837 2.65996979E+02
     86654.9127 2.66123990E+02
     86657.3417 2.66097367E+02
     86659.7710 2.66067927E+02
     86836.9403 2.63930212E+02
     87586.1142 2.55124422E+02
     87588.5687 2.55095872E+02
     87591.0233 2.55014135E+02
     87593.4781 2.52560728E+02
     87595.9330 2.42816320E+02
     87598.3881 2.35661772E+02
     87600.8433 2.32966456E+02
     87603.2986 2.35610663E+02
     87605.7540 2.42710791E+02
     87608.2096 2.52394221E+02
     87610.6654 2.54788401E+02
     87613.1213 2.54813591E+02
     87615.5773 2.54785681E+02
     89063.5285 2.38809907E+02
     90273.6514 2.26409010E+02
     92097.3615 2.09247451E+02
     93904.5714 1.93775626E+02
     93907.2029 1.93754131E+02
     93909.8346 1.93727706E+02
     93912.4665 1.93436885E+02
     93915.0985 1.89978933E+02
     93917.7307 1.83802087E+02
     93920.3630 1.81680876E+02
     93922.9954 1.83762101E+02
     93925.6280 1.89895593E+02
     93928.2608 1.93308440E+02
     93930.8937 1.93556059E+02
     93933.5267 1.93539566E+02
     93936.1599 1.93518148E+02
     94458.8323 1.89319291E+02
     96880.8536 1.71284548E+02
     99364.9781 1.54963726E+02
    101912.7980 1.40194311E+02
    104525.9467 1.26829173E+02
    105017.5384 1.24495622E+02
    105020.4814 1.24481777E+02
    105023.4245 1.24461029E+02
    105026.3679 1.24082754E+02
    105029.3114 1.20805212E+02
    105032.2550 1.17272982E+02
    105035.1988 1.16014806E+02
    105038.1428 1.17247406E+02
    105041.0870 1.20752351E+02
    105044.0313 1.24000358E+02
    105046.9758 1.24350629E+02
    105049.9204 1.24343758E+02
    105052.8652 1.24330005E+02
    107206.0992 1.14735112E+02
    109954.9735 1.03791535E+02
    112774.3318 9.39017806E+01
    113068.1993 9.29387980E+01
    113071.3679 9.29282914E+01
    113074.5367 9.28844888E+01
    113077.7056 9.16161069E+01
    113080.8748 8.80491812E+01
    113084.0441 8.51966569E+01
    113087.2136 8.40955148E+01
    113090.3833 8.51780762E+01
    113093.5531 8.80106995E+01
    113096.7231 9.15556404E+01
    113099.8933 9.28020544E+01
    113103.0637 9.28251795E+01
    113106.2343 9.28150650E+01
    115375.7136 8.57904938E+01
    115378.9468 8.57809669E+01
    115382.1803 8.57709512E+01
    115385.4139 8.57342917E+01
    115388.6477 8.52921741E+01
    115391.8817 8.37112274E+01
    115395.1159 8.27026416E+01
    115398.3503 8.36928161E+01
    115401.5848 8.52543914E+01
    115404.8195 8.56771976E+01
    115408.0544 8.56947912E+01
    115411.2895 8.56857645E+01
    115414.5248 8.56762524E+01
    115665.9813 8.49406692E+01
    118631.7757 7.68326306E+01
    121673.6161 6.94967174E+01
    123698.5428 6.50947961E+01
    123702.0093 6.50870255E+01
    123705.4760 6.49887034E+01
    123708.9429 6.31578155E+01
    123712.4100 6.01406335E+01
    123715.8773 5.77283296E+01
    123719.3448 5.68299719E+01
    123722.8125 5.77157394E+01
    123726.2803 6.01143454E+01
    123729.7484 6.31162474E+01
    123733.2166 6.49310209E+01
    123736.6851 6.50147385E+01
    123740.1537 6.50080501E+01
    123851.0930 6.47774811E+01
    123854.5638 6.47702455E+01
    123858.0348 6.47560182E+01
    123861.5060 6.44051831E+01
    123864.9773 6.24289186E+01
    123868.4489 6.06169190E+01
    123871.9207 5.99220667E+01
    123875.3926 6.06036589E+01
    123878.8647 6.24015478E+01
    123882.3371 6.43624154E+01
    123885.8096 6.46984816E+01
    123889.2823 6.46983083E+01
    123892.7553 6.46911576E+01
    124793.4524 6.28595818E+01
    125849.8218 6.07932154E+01
    125853.3486 6.07864555E+01
    125856.8756 6.07788605E+01
    125860.4028 6.07261655E+01
    125863.9302 6.00628419E+01
    125867.4578 5.84181184E+01
    125870.9856 5.77005703E+01
    125874.5135 5.84053124E+01
    125878.0417 6.00362940E+01
    125881.5701 6.06856992E+01
    125885.0987 6.07248421E+01
    125888.6274 6.07189314E+01
    125892.1564 6.07121878E+01
    127993.2846 5.68548290E+01
    129994.0580 5.34623115E+01
    132620.2005 4.93882102E+01
    136020.7185 4.46675784E+01
    139508.4292 4.03971225E+01
    141807.2407 3.78592422E+01
    141811.2147 3.78550236E+01
    141815.1889 3.78496226E+01
    141819.1633 3.77816573E+01
    141823.1379 3.70657735E+01
    141827.1128 3.59990408E+01
    141831.0879 3.56028082E+01
    141835.0632 3.59911407E+01
    141839.0388 3.70494334E+01
    141843.0145 3.77564656E+01
    141846.9905 3.78159439E+01
    141850.9667 3.78129223E+01
    141854.9432 3.78087210E+01
    143085.5684 3.65340181E+01
    146754.4291 3.30395019E+01
    150517.3632 2.98784912E+01
    152562.4708 2.83186990E+01
    155644.5409 2.61565676E+01
    159635.4265 2.36527312E+01
    162064.1025 2.22748223E+01
    162068.6441 2.22723154E+01
    162073.1860 2.22653545E+01
    162077.7282 2.20710606E+01
    162082.2706 2.13039164E+01
    162086.8133 2.06117934E+01
    162091.3562 2.03429532E+01
    162095.8994 2.06072674E+01
    162100.4429 2.12945416E+01
    162104.9865 2.20563903E+01
    162109.5305 2.22455198E+01
    162114.0747 2.22475131E+01
    162118.6192 2.22450594E+01
    163728.6426 2.13880522E+01
    164089.9037 2.12014502E+01
    164094.5022 2.11990870E+01
    164099.1009 2.11965533E+01
    164103.6998 2.11847391E+01
    164108.2990 2.10374213E+01
    164112.8985 2.05772663E+01
    164117.4982 2.03243445E+01
    164122.0982 2.05727280E+01
    164126.6984 2.10280765E+01
    164131.2989 2.11705825E+01
    164135.8996 2.11776655E+01
    164140.5006 2.11754769E+01
    164145.1019 2.11731182E+01
    167926.8129 1.93397411E+01
    168778.1867 1.89546789E+01
    168782.9165 1.89525594E+01
    168787.6466 1.89492088E+01
    168792.3769 1.88837532E+01
    168797.1075 1.84017705E+01
    168801.8384 1.78671864E+01
    168806.5696 1.76594872E+01
    168811.3010 1.78632567E+01
    168816.0326 1.83936561E+01
    168820.7646 1.88711553E+01
    168825.4968 1.89323198E+01
    168830.2292 1.89314459E+01
    168834.9620 1.89293425E+01
    172232.6287 1.74871745E+01
    176648.8499 1.58116895E+01
    176936.3567 1.57097143E+01
    180510.8285 1.45083865E+01
    185139.3113 1.31177414E+01
    186120.4927 1.28446366E+01
    186125.7085 1.28432026E+01
    186130.9246 1.28415231E+01
    186136.1410 1.28266873E+01
    186141.3577 1.26508490E+01
    186146.5746 1.22979142E+01
    186151.7919 1.21547577E+01
    186157.0095 1.22952040E+01
    186162.2273 1.26452412E+01
    186167.4455 1.28181089E+01
    186172.6639 1.28300672E+01
    186177.8827 1.28288821E+01
    186183.1017 1.28274520E+01
    189886.4731 1.18601152E+01
    190587.3845 1.16874115E+01
    190592.7255 1.16860586E+01
    190598.0668 1.16762964E+01
    190603.4084 1.14422675E+01
    190608.7502 1.09110492E+01
    190614.0924 1.04719510E+01
    190619.4349 1.03110362E+01
    190624.7777 1.04696500E+01
    190630.1208 1.09062452E+01
    190635.4642 1.14346773E+01
    190640.8079 1.16658831E+01
    190646.1518 1.16730255E+01
    190651.4961 1.16717718E+01
    194755.3570 1.07228129E+01
    199749.0841 9.69434808E+00
    203115.7156 9.06994497E+00
    203115.7156 9.06994497E+00
    207219.0633 8.37543506E+00
    207219.0633 8.37543506E+00
    217334.6796 6.92656146E+00
    223278.5325 6.22020971E+00
    223284.7896 6.21951326E+00
    223291.0471 6.21855064E+00
    223297.3049 6.20376276E+00
    223303.5631 6.06973335E+00
    223309.8216 5.89118262E+00
    223316.0805 5.82110812E+00
    223322.3397 5.88988228E+00
    223328.5993 6.06704563E+00
    223334.8592 6.19961030E+00
    223341.1195 6.21299423E+00
    223347.3801 6.21256723E+00
    223353.6411 6.21187448E+00
    223367.3815 6.21035112E+00
    223373.6411 6.20965262E+00
    223379.9010 6.20814129E+00
    223386.1614 6.16948457E+00
    223392.4220 5.97271813E+00
    223398.6830 5.77657126E+00
    223404.9444 5.70000670E+00
    223411.2061 5.77529744E+00
    223417.4682 5.97007833E+00
    223423.7306 6.16536480E+00
    223429.9934 6.20259450E+00
    223436.2565 6.20271763E+00
    223442.5200 6.20202907E+00
    228488.5903 5.67364684E+00
    238640.3648 4.77055521E+00
    238647.0524 4.77002161E+00
    238653.7404 4.76942992E+00
    238660.4288 4.76569770E+00
    238667.1175 4.71902291E+00
    238673.8067 4.59759745E+00
    238680.4961 4.54021231E+00
    238687.1860 4.59658075E+00
    238693.8763 4.71692223E+00
    238700.5669 4.76250281E+00
    238707.2579 4.76516587E+00
    238713.9492 4.76469142E+00
    238720.6410 4.76415900E+00
    240849.3033 4.59839149E+00
    254623.8759 3.68319484E+00
    270069.6062 2.91153084E+00
    277987.6016 2.59419878E+00
    277995.3919 2.59390148E+00
    278003.1826 2.59240556E+00
    278010.9738 2.55179026E+00
    278018.7654 2.43555112E+00
    278026.5574 2.33643857E+00
    278034.3499 2.30088884E+00
    278042.1428 2.33592296E+00
    278049.9361 2.43447434E+00
    278057.7299 2.55008915E+00
    278065.5241 2.59008571E+00
    278073.3187 2.59099940E+00
    278081.1138 2.59071626E+00
    287510.2561 2.26762549E+00
    288263.4190 2.24404785E+00
    288271.4973 2.24379625E+00
    288279.5760 2.24347898E+00
    288287.6551 2.23968386E+00
    288295.7347 2.19931353E+00
    288303.8148 2.13344181E+00
    288311.8953 2.10716028E+00
    288319.9763 2.13296974E+00
    288328.0577 2.19833627E+00
    288336.1396 2.23818092E+00
    288344.2219 2.24147020E+00
    288352.3047 2.24128516E+00
    288360.3879 2.24103454E+00
    298345.2795 1.95604945E+00
    298353.6403 1.95582935E+00
    298362.0016 1.95542578E+00
    298370.3633 1.94616713E+00
    298378.7255 1.88851221E+00
    298387.0881 1.82558813E+00
    298395.4512 1.80094068E+00
    298403.8148 1.82518444E+00
    298412.1789 1.88767502E+00
    298420.5434 1.94486323E+00
    298428.9084 1.95367453E+00
    298437.2739 1.95363996E+00
    298445.6398 1.95342217E+00
    307358.9932 1.73666496E+00
    330151.5405 1.30468062E+00
    356595.2576 9.58613678E-01
    387643.8622 6.86308961E-01
    424614.9104 4.76510164E-01
    469381.5923 3.18875205E-01
    524700.1509 2.03979194E-01
    594799.7580 1.23320617E-01
    686518.1466 6.93274434E-02
    811679.4863 3.53635814E-02
    992653.3174 1.57351116E-02
   1277483.9231 5.69650952E-03
   1791548.4107 1.45635410E-03
   2997925.1058 1.81956162E-04
