       374.7406 1.30801174E-13
       391.9333 1.34582374E-12
       410.7794 1.39597090E-11
       431.5294 1.45298948E-10
       454.4873 1.51161573E-09
       480.0252 1.56660889E-08
       508.6040 1.61264000E-07
       540.8012 1.64420018E-06
       577.3503 1.65553366E-05
       619.1977 1.64066495E-04
       667.5856 1.59365323E-03
       685.4404 3.38223006E-03
       704.2765 7.15640188E-03
       724.1772 1.50924483E-02
       745.2352 3.17160905E-02
       767.5545 6.63935356E-02
       791.2520 1.38407044E-01
       816.4594 2.87226711E-01
       843.3258 5.93144680E-01
       858.1420 8.65631925E-01
       869.0674 1.13401715E+00
       872.0204 1.21839031E+00
       874.8358 1.30367546E+00
       875.2678 1.31722651E+00
       875.8463 1.33557218E+00
       876.5645 1.35866568E+00
       876.7820 1.36573081E+00
       877.4713 1.38833682E+00
       878.6392 1.42741129E+00
       880.1795 1.48045525E+00
       882.2700 1.55527608E+00
       885.0784 1.66114127E+00
       885.2091 1.66622207E+00
       885.6634 1.68399075E+00
       886.3897 1.71274794E+00
       887.3066 1.74968678E+00
       887.9448 1.77581561E+00
       888.4876 1.79831684E+00
       889.5314 1.84230341E+00
       890.0452 1.86430540E+00
       892.1591 1.95733386E+00
       895.1115 2.09423137E+00
       895.1312 2.09517350E+00
       895.7031 2.12267468E+00
       896.2498 2.14926458E+00
       896.4376 2.15846484E+00
       897.3649 2.20442612E+00
       897.3786 2.20511077E+00
       898.5593 2.26491496E+00
       899.5019 2.31369776E+00
       900.1345 2.34696129E+00
       900.2138 2.35115730E+00
       900.8088 2.38288491E+00
       901.5474 2.42280366E+00
       902.2724 2.46256301E+00
       902.4800 2.47406035E+00
       902.7365 2.48832526E+00
       903.6813 2.54753084E+00
       905.2655 2.64969104E+00
       905.2782 2.65052438E+00
       905.3746 2.65686151E+00
       905.9730 2.69650763E+00
       906.3115 2.71917264E+00
       906.7159 2.74647100E+00
       906.9389 2.76163239E+00
       907.4155 2.79429246E+00
       907.6538 2.81075717E+00
       907.6604 2.81121159E+00
       907.9772 2.83323649E+00
       908.5774 2.87538620E+00
       908.8619 2.89557043E+00
       909.3224 2.92850147E+00
       909.6985 2.95565180E+00
       910.2630 2.99683820E+00
       910.4384 3.00973775E+00
       910.4552 3.01097736E+00
       910.5949 3.02128902E+00
       911.1968 3.06609667E+00
       911.4746 3.08698418E+00
       911.9094 3.11998713E+00
       911.9439 3.12285257E+00
       912.5121 3.91314958E+00
       912.6176 4.18582429E+00
       912.8873 4.90513499E+00
       913.0725 5.42771242E+00
       913.2277 5.87100757E+00
       913.2604 5.96473874E+00
       913.8313 7.72113594E+00
       913.8883 7.92383854E+00
       914.1024 8.74246106E+00
       914.2051 9.16957195E+00
       914.4923 1.04529350E+01
       914.5498 1.07111423E+01
       914.5806 1.08311617E+01
       914.8809 1.18433223E+01
       914.8839 1.18422050E+01
       915.1543 1.15371221E+01
       915.2123 1.13902801E+01
       915.2410 1.10514041E+01
       915.2422 1.10388657E+01
       915.3781 9.84193976E+00
       915.4219 8.91012884E+00
       915.4856 8.12421244E+00
       915.5267 7.77565702E+00
       915.5439 7.65612984E+00
       915.6268 6.52015236E+00
       915.6578 5.78434710E+00
       915.7048 5.25387991E+00
       915.7098 5.21439441E+00
       915.7513 4.37545113E+00
       915.7928 2.59846246E+00
       915.8135 1.61668978E+00
       915.8172 1.55294871E+00
       915.8343 1.31860725E+00
       915.8550 1.61817291E+00
       915.8757 2.60302007E+00
       915.9047 3.49911942E+00
       915.9172 4.38750553E+00
       915.9587 5.22363638E+00
       915.9831 5.43728349E+00
       916.0418 6.36607417E+00
       916.1248 6.89252527E+00
       916.1490 6.89500421E+00
       916.1890 6.61489799E+00
       916.2320 6.38550094E+00
       916.2363 6.27428851E+00
       916.2909 5.46573376E+00
       916.3150 5.25821547E+00
       916.3566 4.42873875E+00
       916.3981 2.42569650E+00
       916.4188 1.45349891E+00
       916.4396 1.17226334E+00
       916.4571 1.40020857E+00
       916.4604 1.45492527E+00
       916.4811 2.43042989E+00
       916.5226 4.44757375E+00
       916.5642 5.29857571E+00
       916.5682 5.33113516E+00
       916.6017 5.66826063E+00
       916.6472 6.56946757E+00
       916.7303 7.48348261E+00
       916.7342 7.49899864E+00
       916.7453 7.50431596E+00
       916.7896 7.52534127E+00
       916.8522 7.53930305E+00
       916.8965 7.54607848E+00
       916.9003 7.53320308E+00
       916.9833 6.63576534E+00
       917.0267 5.75537740E+00
       917.0628 5.39074202E+00
       917.0664 5.36192234E+00
       917.1079 4.50667670E+00
       917.1223 3.14774024E+00
       917.1495 2.24693488E+00
       917.1703 1.28784886E+00
       917.1841 1.10218336E+00
       917.1910 1.03189711E+00
       917.2118 1.28909305E+00
       917.2326 2.25120584E+00
       917.2742 4.52401426E+00
       917.3157 5.39524620E+00
       917.3955 6.63937503E+00
       917.3989 6.75681897E+00
       917.4084 6.83925230E+00
       917.4820 7.88881084E+00
       917.5163 8.11680626E+00
       917.6484 9.26994527E+00
       917.6825 9.28871616E+00
       917.7285 8.81033134E+00
       917.7886 8.35688412E+00
       917.8148 8.20037472E+00
       917.8488 7.98359589E+00
       917.8502 7.94879178E+00
       917.8796 7.40791272E+00
       917.9319 6.84767986E+00
       918.0151 5.48134086E+00
       918.0567 4.60215646E+00
       918.0725 2.92388128E+00
       918.0983 2.05440313E+00
       918.1191 1.12686372E+00
       918.1398 9.06147316E-01
       918.1478 9.74814885E-01
       918.1606 1.12796086E+00
       918.1814 2.05832412E+00
       918.2231 4.62000743E+00
       918.2647 5.51600628E+00
       918.2900 5.76545217E+00
       918.3479 6.94702939E+00
       918.3524 6.98877514E+00
       918.3952 7.49656521E+00
       918.4049 7.65589398E+00
       918.4311 8.23873997E+00
       918.4557 8.43085914E+00
       918.4810 8.66190178E+00
       918.5976 1.06903226E+01
       918.7376 1.18749033E+01
       918.7642 1.18910118E+01
       918.9040 1.08360374E+01
       919.0167 8.83583942E+00
       919.0628 8.44140975E+00
       919.0704 8.38674267E+00
       919.0976 7.77585056E+00
       919.1482 7.13141976E+00
       919.1537 7.08126977E+00
       919.2047 5.96621031E+00
       919.2370 5.63433057E+00
       919.2786 4.72607813E+00
       919.3203 1.84627500E+00
       919.3411 9.79345126E-01
       919.3619 8.03186408E-01
       919.3827 9.80303962E-01
       919.4036 1.84979370E+00
       919.4312 2.87301097E+00
       919.4452 4.74391015E+00
       919.4869 5.66722153E+00
       919.5702 7.16056114E+00
       919.6536 8.57646840E+00
       919.6820 8.84730440E+00
       919.7931 1.09130305E+01
       919.8164 1.18799513E+01
       919.8203 1.20841938E+01
       919.9871 1.62363481E+01
       920.0149 1.65907739E+01
       920.0991 1.69993205E+01
       920.1288 1.71252014E+01
       920.3209 1.80011472E+01
       920.3482 1.77951471E+01
       920.4010 1.55502662E+01
       920.5149 1.29436130E+01
       920.5335 1.17733137E+01
       920.6549 8.98857235E+00
       920.6816 8.72524237E+00
       920.7650 7.15491816E+00
       920.7679 6.97772960E+00
       920.8485 5.30619515E+00
       920.8902 3.86217252E+00
       920.9319 1.70548600E+00
       920.9374 1.37160914E+00
       920.9528 9.37317954E-01
       920.9736 7.79959087E-01
       920.9736 7.79958050E-01
       920.9945 9.38250010E-01
       921.0153 1.70893761E+00
       921.0571 3.87714887E+00
       921.0988 5.33673693E+00
       921.1138 5.49328520E+00
       921.1343 5.76579600E+00
       921.1557 6.18170556E+00
       921.1823 7.22680670E+00
       921.1994 7.41692105E+00
       921.2658 8.86921214E+00
       921.3237 9.58599449E+00
       921.4328 1.37566104E+01
       921.5999 2.17146020E+01
       921.7431 2.62481117E+01
       921.8349 3.11622371E+01
       921.8662 3.35072441E+01
       921.9343 3.91719040E+01
       921.9935 3.92631621E+01
       922.1086 3.91570273E+01
       922.2000 3.90046565E+01
       922.2669 3.27761750E+01
       922.2689 3.26261362E+01
       922.4989 2.19266293E+01
       922.5340 2.10758103E+01
       922.7011 1.36192054E+01
       922.7739 1.04436347E+01
       922.8683 9.10120835E+00
       922.9389 7.63267246E+00
       922.9519 7.49287799E+00
       923.0355 5.53772655E+00
       923.0773 3.93365829E+00
       923.1191 1.54299386E+00
       923.1400 8.27759262E-01
       923.1609 7.20105026E-01
       923.1818 8.28590355E-01
       923.2028 1.54615114E+00
       923.2446 3.94890340E+00
       923.2864 5.56919463E+00
       923.3360 6.28608089E+00
       923.3701 7.56332336E+00
       923.4532 9.20167447E+00
       923.4538 9.22614351E+00
       923.6001 1.25196919E+01
       923.6098 1.31154582E+01
       923.6212 1.40201537E+01
       923.7887 2.25433362E+01
       923.8285 2.37847548E+01
       924.1239 5.27087656E+01
       924.2682 6.22853947E+01
       924.4391 7.48383420E+01
       924.4593 7.66837240E+01
       924.6823 7.63073275E+01
       924.9373 7.56595630E+01
       924.9546 7.34780414E+01
       925.1309 5.72008274E+01
       925.1971 5.23858658E+01
       925.2722 4.79659438E+01
       925.4342 2.85713042E+01
       925.6073 2.17680591E+01
       925.7750 1.43271415E+01
       925.8034 1.25561137E+01
       925.9427 9.69154252E+00
       926.0266 7.99377891E+00
       926.1104 5.87257612E+00
       926.1524 4.04313747E+00
       926.1542 3.65363695E+00
       926.1944 1.38320706E+00
       926.2153 7.77769140E-01
       926.2363 7.19575635E-01
       926.2573 7.78556082E-01
       926.2783 1.38606856E+00
       926.3034 2.20155194E+00
       926.3203 4.05883950E+00
       926.3622 5.90581238E+00
       926.4462 8.06769629E+00
       926.5302 9.81780228E+00
       926.5384 9.90447680E+00
       926.6982 1.46418324E+01
       926.7701 1.66415722E+01
       926.8662 2.25592760E+01
       927.1283 3.86020379E+01
       927.1509 4.19293419E+01
       927.1514 4.20186356E+01
       927.2025 5.31394261E+01
       927.3869 7.09229202E+01
       927.5390 1.00396864E+02
       927.9111 1.31133522E+02
       928.1099 1.57512654E+02
       928.2128 1.71669809E+02
       928.2714 1.71425896E+02
       928.5033 1.70445454E+02
       928.7813 1.68762575E+02
       928.8710 1.53669502E+02
       928.8876 1.51175431E+02
       929.0127 1.32633285E+02
       929.4536 9.33297571E+01
       929.7901 5.06529688E+01
       929.7978 4.88397022E+01
       930.1073 2.37333228E+01
       930.1269 2.31887450E+01
       930.2401 1.69496028E+01
       930.2953 1.55379029E+01
       930.4639 1.06313359E+01
       930.5482 8.78064614E+00
       930.6325 6.39240018E+00
       930.6746 4.21789579E+00
       930.7168 1.24191328E+00
       930.7379 8.01124296E-01
       930.7590 7.82375152E-01
       930.7800 8.01937484E-01
       930.8011 1.24449900E+00
       930.8433 4.23432441E+00
       930.8855 6.42845665E+00
       930.9698 8.86113965E+00
       931.0542 1.07676478E+01
       931.2191 1.55170072E+01
       931.2230 1.58574791E+01
       931.3919 2.38748244E+01
       931.5965 3.37782410E+01
       931.7298 5.36353853E+01
       931.7379 5.42143547E+01
       932.0064 8.79839479E+01
       932.0680 1.03873007E+02
       932.4827 1.54387967E+02
       932.6224 1.84835453E+02
       932.7451 2.24407515E+02
       933.3872 3.05816099E+02
       933.4232 3.12336860E+02
       933.4586 3.13864093E+02
       933.5713 3.18822825E+02
       933.8310 3.30828588E+02
       933.9508 3.29867636E+02
       933.9828 3.29594325E+02
       934.3213 3.26697002E+02
       934.3527 3.26362407E+02
       934.7823 3.21620716E+02
       935.1832 3.04500194E+02
       935.5964 2.36887480E+02
       935.8608 2.08790033E+02
       936.1453 1.36350581E+02
       936.5393 9.43077793E+01
       936.8790 5.00664319E+01
       937.0621 2.92664556E+01
       937.2189 2.35848172E+01
       937.2365 2.20308892E+01
       937.3889 1.61002515E+01
       937.5393 1.14060680E+01
       937.5590 1.11993247E+01
       937.6441 8.95938105E+00
       937.7292 4.54751844E+00
       937.7717 1.17753274E+00
       937.8143 9.31327638E-01
       937.8568 1.17997346E+00
       937.8994 4.56531145E+00
       937.9845 9.02507186E+00
       938.0697 1.13211185E+01
       938.1590 1.26595133E+01
       938.2400 1.63937565E+01
       938.4104 2.41933860E+01
       938.7514 5.21922011E+01
       938.8834 6.31764343E+01
       938.9282 6.83279077E+01
       938.9320 6.88026047E+01
       939.0927 1.00149453E+02
       939.4625 1.43292011E+02
       939.7759 2.33853355E+02
       939.8995 2.50117530E+02
       940.4602 3.73478986E+02
       941.1506 4.51502828E+02
       941.6355 5.34137488E+02
       941.6376 5.34553153E+02
       941.8317 5.76469856E+02
       942.5922 6.18923448E+02
       942.8005 6.31619382E+02
       943.2071 6.58093666E+02
       944.3546 6.71484043E+02
       944.5883 6.54737338E+02
       945.0396 6.25795992E+02
       945.7201 5.89216185E+02
       945.9702 5.27053423E+02
       946.1387 4.93401044E+02
       947.0895 3.74433593E+02
       947.1947 3.42428860E+02
       947.7757 2.39446931E+02
       948.1879 1.38182713E+02
       948.4629 1.09741799E+02
       948.7495 6.42039542E+01
       948.8045 5.99992291E+01
       948.8068 5.98367771E+01
       949.1511 2.90360870E+01
       949.3233 2.01120409E+01
       949.4316 1.51460378E+01
       949.4955 1.41706409E+01
       949.5817 1.13060479E+01
       949.6679 5.18680254E+00
       949.7109 1.30700955E+00
       949.7540 1.25501169E+00
       949.7971 1.30965041E+00
       949.8402 5.20733454E+00
       949.9265 1.13878485E+01
       950.0127 1.43222868E+01
       950.1852 2.04714967E+01
       950.2101 2.11412674E+01
       950.3578 2.97644785E+01
       950.7031 6.21930222E+01
       951.0487 1.15581227E+02
       951.1931 1.29949278E+02
       951.7407 2.59088597E+02
       952.4336 4.18235794E+02
       952.4592 4.21196029E+02
       952.6089 4.39550858E+02
       952.8177 4.68358526E+02
       953.8226 7.19849184E+02
       954.1289 7.56990544E+02
       954.3574 7.88142207E+02
       955.2156 9.45864515E+02
       956.3949 1.03494681E+03
       958.0138 1.20034092E+03
       959.1681 1.25395481E+03
       959.5811 1.26441564E+03
       960.0319 1.27576387E+03
       960.3437 1.28325471E+03
       960.8285 1.29467462E+03
       960.9785 1.29509402E+03
       961.7665 1.29690018E+03
       962.4817 1.29816345E+03
       962.6892 1.28272194E+03
       962.7614 1.27756724E+03
       964.0428 1.20065717E+03
       964.2665 1.18951162E+03
       965.7329 1.12853146E+03
       965.8183 1.12551492E+03
       966.5078 1.02795676E+03
       967.4953 9.29783597E+02
       968.0265 7.96138417E+02
       968.8085 6.75416135E+02
       969.1781 6.34618377E+02
       970.0217 4.43914954E+02
       970.8668 2.34675035E+02
       971.2513 1.43050217E+02
       971.2899 1.38014105E+02
       971.5859 7.63203760E+01
       971.7134 6.62973417E+01
       971.9252 4.37659718E+01
       972.1372 2.88908633E+01
       972.2432 2.37064358E+01
       972.2546 2.25960645E+01
       972.3493 1.87864749E+01
       972.4023 1.50938080E+01
       972.4553 7.82316571E+00
       972.4818 3.17239829E+00
       972.5084 2.05143613E+00
       972.5216 2.10162806E+00
       972.5349 2.13173197E+00
       972.5415 2.13718755E+00
       972.5481 2.13928976E+00
       972.5548 2.13781323E+00
       972.5614 2.13298007E+00
       972.5747 2.10408419E+00
       972.5879 2.05501877E+00
       972.6145 3.18232926E+00
       972.6410 7.85566002E+00
       972.6940 1.51831723E+01
       972.7471 1.89345029E+01
       972.8533 2.39895882E+01
       972.9594 2.93568886E+01
       973.1718 4.48385933E+01
       973.3843 6.84705988E+01
       973.8096 1.44699455E+02
       974.2353 2.49480160E+02
       975.0877 4.84858856E+02
       975.9417 7.12811067E+02
       975.9938 7.19919148E+02
       977.6540 1.11008220E+03
       977.7145 1.11836595E+03
       979.3724 1.44457778E+03
       982.8273 2.02563534E+03
       983.4214 2.09561200E+03
       983.9557 2.16488074E+03
       986.3067 2.58764492E+03
       993.2162 3.87465121E+03
       993.3399 3.91505965E+03
       993.6498 3.95350030E+03
       995.9418 4.12851286E+03
      1000.4742 4.48725847E+03
      1001.1528 4.49175456E+03
      1007.9791 3.86704645E+03
      1009.2174 3.82565211E+03
      1013.2985 3.30664195E+03
      1015.0546 2.89519506E+03
      1017.4129 2.62122204E+03
      1019.1280 2.20542515E+03
      1019.4826 2.14930195E+03
      1020.8121 1.65874005E+03
      1021.5607 1.50449754E+03
      1022.6030 1.08774605E+03
      1023.6474 6.11860301E+02
      1024.1704 3.76590450E+02
      1024.6939 1.87118533E+02
      1024.9559 1.23474921E+02
      1025.2180 8.06590244E+01
      1025.3491 6.56232129E+01
      1025.4802 5.30256273E+01
      1025.5458 4.43588163E+01
      1025.6114 2.77531763E+01
      1025.6442 1.22375689E+01
      1025.6770 6.15815822E+00
      1025.6934 6.38463122E+00
      1025.7098 6.50798676E+00
      1025.7180 6.53061510E+00
      1025.7262 6.54231296E+00
      1025.7303 6.54496213E+00
      1025.7344 6.54623868E+00
      1025.7385 6.54601395E+00
      1025.7426 6.54441588E+00
      1025.7508 6.53481317E+00
      1025.7590 6.51425930E+00
      1025.7754 6.39485160E+00
      1025.7918 6.17189269E+00
      1025.8246 1.22855171E+01
      1025.8574 2.78836821E+01
      1025.9230 4.46569517E+01
      1025.9887 5.34956161E+01
      1026.1200 6.65004284E+01
      1026.2513 8.21077131E+01
      1026.5140 1.26821217E+02
      1026.7769 1.93865212E+02
      1027.3031 3.96455450E+02
      1027.8299 6.53646678E+02
      1028.8850 1.19502061E+03
      1029.9422 1.69882156E+03
      1030.0663 1.72922045E+03
      1032.0633 2.56244611E+03
      1033.7946 3.11048902E+03
      1034.1931 3.30020607E+03
      1038.4792 4.66393229E+03
      1042.8010 6.15086776E+03
      1045.2595 6.79300714E+03
      1046.9563 7.37435389E+03
      1051.5534 1.06103407E+04
      1060.4539 2.14259432E+04
      1061.4623 2.26505232E+04
      1072.0610 4.98427436E+04
      1074.8905 6.83824171E+04
      1078.7148 1.14411935E+05
      1094.8323 2.80655477E+05
      1097.6156 3.29383769E+05
      1099.5497 3.36252862E+05
      1106.9426 3.04754920E+05
      1127.7433 2.60488605E+05
      1137.4765 2.79241885E+05
      1140.9650 2.98895820E+05
      1156.6598 1.70535142E+05
      1158.7727 1.60348749E+05
      1177.1451 4.28739128E+04
      1180.3416 3.67036876E+04
      1186.3178 3.08287865E+04
      1186.5515 3.06509440E+04
      1196.1095 2.58999342E+04
      1200.9464 2.38703818E+04
      1205.8227 2.07195149E+04
      1208.2757 1.81413246E+04
      1210.7387 1.41844656E+04
      1211.9739 1.12925568E+04
      1213.2117 7.67224199E+03
      1213.8316 5.55388201E+03
      1214.4520 3.27245673E+03
      1214.7625 2.22632427E+03
      1215.0731 1.40710386E+03
      1215.2285 1.10207850E+03
      1215.3839 8.43551597E+02
      1215.4617 7.00054598E+02
      1215.5394 3.95124931E+02
      1215.5783 1.60413823E+02
      1215.6171 1.36525755E+02
      1215.6366 1.40687403E+02
      1215.6560 1.41711232E+02
      1215.6657 1.41893616E+02
      1215.6755 1.41984500E+02
      1215.6803 1.42010382E+02
      1215.6852 1.42024801E+02
      1215.6900 1.42028752E+02
      1215.6949 1.42021234E+02
      1215.7046 1.41967042E+02
      1215.7143 1.41821223E+02
      1215.7338 1.40869185E+02
      1215.7532 1.36770323E+02
      1215.7921 1.60923176E+02
      1215.8310 3.96718398E+02
      1215.9088 7.03830212E+02
      1215.9866 8.49550629E+02
      1216.1422 1.11387703E+03
      1216.2978 1.42732273E+03
      1216.6092 2.27480746E+03
      1216.7362 2.58155369E+03
      1216.9208 3.37032483E+03
      1217.5445 5.80574638E+03
      1218.1687 8.13119548E+03
      1219.4192 1.22546490E+04
      1220.6723 1.58050224E+04
      1223.1861 2.12708797E+04
      1225.7103 2.52475214E+04
      1230.7902 3.15385329E+04
      1235.9123 3.83645942E+04
      1246.2855 5.39217416E+04
      1247.9345 5.26234698E+04
      1256.8343 6.21916189E+04
      1278.4768 1.24880625E+05
      1279.9328 1.45988734E+05
      1300.8778 4.32055497E+05
      1312.7516 3.81817779E+05
      1346.4119 8.27760537E+05
      1348.1203 7.43034780E+05
      1380.9353 8.33775932E+05
      1398.9233 8.47540488E+05
      1416.3439 2.12177776E+06
      1452.6604 2.40563148E+06
      1489.9081 2.85434082E+06
      1528.1109 2.52355371E+06
      1567.2932 1.25842275E+06
      1607.4802 1.15545487E+06
      1648.6977 5.87372867E+06
      1690.9720 9.81133018E+06
      1734.3302 1.08953952E+07
      1778.8002 1.11031492E+07
      1824.4105 1.12779749E+07
      1871.1903 1.14205116E+07
      1919.1695 1.15303536E+07
      1968.3790 1.16074108E+07
      2018.8502 1.16507922E+07
      2070.6156 1.16603834E+07
      2123.7083 1.16389200E+07
      2178.1624 1.15874409E+07
      2234.0127 1.15071944E+07
      2291.2951 1.13976712E+07
      2350.0462 1.12621308E+07
      2410.3038 1.11028550E+07
      2472.1065 1.09216996E+07
      2535.4938 1.07200785E+07
      2600.5065 1.05001623E+07
      2667.1862 1.02636648E+07
      2735.5755 1.00133159E+07
      2805.7185 9.75082179E+06
      2877.6600 9.47834530E+06
      2951.4462 9.19780040E+06
      3027.1243 8.91094303E+06
      3104.7428 8.61915330E+06
      3184.3516 8.32426997E+06
      3266.0017 8.02779734E+06
      3349.7453 7.73091490E+06
      3427.5280 7.46202247E+06
      3435.6362 7.43518560E+06
      3436.7316 7.43136850E+06
      3448.2086 7.39164568E+06
      3462.7826 7.34189071E+06
      3481.6914 7.27842466E+06
      3494.7815 7.23515865E+06
      3504.1657 7.20448211E+06
      3506.8690 7.19569637E+06
      3515.8679 7.16660640E+06
      3523.7294 7.14139229E+06
      3530.7279 7.11791778E+06
      3541.4822 7.08217248E+06
      3550.0077 7.05410044E+06
      3564.7271 7.00617692E+06
      3574.2991 6.97538676E+06
      3575.6793 6.97096989E+06
      3586.2355 6.93736782E+06
      3591.0338 6.92220007E+06
      3600.7604 6.89163022E+06
      3601.3929 6.88965216E+06
      3610.4292 6.86148050E+06
      3610.9717 6.85979595E+06
      3614.0815 6.85014491E+06
      3621.0586 6.84072922E+06
      3622.4862 6.83878281E+06
      3633.8607 6.82312520E+06
      3637.5297 6.81802374E+06
      3637.7968 6.81765119E+06
      3647.2439 6.80430181E+06
      3647.2971 6.80422544E+06
      3656.1974 6.79144093E+06
      3657.6614 6.78932022E+06
      3659.4773 6.78663835E+06
      3661.9906 6.78288605E+06
      3666.0149 6.77686157E+06
      3674.9443 6.76357443E+06
      3675.0576 6.76340698E+06
      3678.2576 6.75868485E+06
      3683.2427 6.75161900E+06
      3684.1114 6.75046775E+06
      3684.5609 6.74987486E+06
      3684.9258 6.74937685E+06
      3693.8040 6.73946341E+06
      3694.1135 6.73919926E+06
      3694.4546 6.73886214E+06
      3695.0116 6.73825094E+06
      3697.2317 6.73596826E+06
      3698.9083 6.73439439E+06
      3703.7157 6.73053874E+06
      3704.0328 6.73023861E+06
      3706.1241 6.72786772E+06
      3706.7502 6.72686970E+06
      3706.7923 6.72666779E+06
      3708.5355 6.71782965E+06
      3708.8406 6.71616303E+06
      3709.7425 6.71064344E+06
      3710.9502 6.70353246E+06
      3711.5543 6.70059446E+06
      3712.1587 6.69816617E+06
      3712.4609 6.69714856E+06
      3712.7632 6.69617488E+06
      3712.7931 6.69593144E+06
      3712.8582 6.69540045E+06
      3712.9144 6.69492155E+06
      3713.0656 6.69277700E+06
      3713.2168 6.69392873E+06
      3713.3680 6.69422593E+06
      3713.6609 6.69336038E+06
      3713.6704 6.69332020E+06
      3713.9729 6.69207888E+06
      3713.9743 6.69207413E+06
      3714.5780 6.68981682E+06
      3715.1834 6.68806562E+06
      3716.0757 6.68637408E+06
      3716.3946 6.68529196E+06
      3716.4025 6.68526470E+06
      3717.6067 6.68023093E+06
      3718.4937 6.67621500E+06
      3719.7038 6.66940252E+06
      3720.0331 6.66765840E+06
      3720.4740 6.66506627E+06
      3720.9148 6.66250487E+06
      3721.2263 6.66119292E+06
      3721.5205 6.65942051E+06
      3721.7318 6.65861529E+06
      3722.1265 6.65710319E+06
      3722.4296 6.65623875E+06
      3722.4592 6.65617031E+06
      3722.4628 6.65615842E+06
      3722.7327 6.65511989E+06
      3722.8843 6.65316709E+06
      3723.0358 6.64967359E+06
      3723.1874 6.65216174E+06
      3723.3390 6.65310840E+06
      3723.6423 6.65226440E+06
      3723.9456 6.65159402E+06
      3724.5524 6.65086173E+06
      3725.1593 6.65152475E+06
      3726.0627 6.65404574E+06
      3726.3738 6.65398721E+06
      3727.3316 6.65408174E+06
      3727.5891 6.65406680E+06
      3728.4856 6.65292796E+06
      3730.0221 6.64566128E+06
      3730.9116 6.64029352E+06
      3732.1101 6.62971759E+06
      3732.1258 6.62954332E+06
      3732.2131 6.62860217E+06
      3732.4583 6.62593742E+06
      3733.1326 6.61784162E+06
      3733.3408 6.61518553E+06
      3733.9486 6.60993719E+06
      3734.5566 6.60711262E+06
      3734.8607 6.60679094E+06
      3735.1648 6.60667436E+06
      3735.3169 6.60441539E+06
      3735.4690 6.59969814E+06
      3735.6211 6.60462732E+06
      3735.7732 6.60709889E+06
      3735.8081 6.60715988E+06
      3736.0775 6.60763364E+06
      3736.3818 6.60837274E+06
      3736.9543 6.61181291E+06
      3736.9906 6.61186822E+06
      3737.3402 6.61376021E+06
      3737.5996 6.61498389E+06
      3738.8181 6.62583248E+06
      3740.0375 6.63739486E+06
      3740.8316 6.64268436E+06
      3741.8111 6.64900150E+06
      3742.0147 6.64884550E+06
      3742.2348 6.64867475E+06
      3742.4786 6.64839923E+06
      3742.7861 6.64692010E+06
      3744.2442 6.63673897E+06
      3744.9229 6.62629112E+06
      3746.6805 6.59441804E+06
      3747.8998 6.56459632E+06
      3749.1200 6.53655520E+06
      3749.7303 6.52621863E+06
      3749.8211 6.52576161E+06
      3750.3409 6.52223171E+06
      3750.6462 6.52239215E+06
      3750.9516 6.52330124E+06
      3751.1044 6.52399909E+06
      3751.2571 6.52474657E+06
      3751.4098 6.52551090E+06
      3751.5626 6.52632490E+06
      3751.8679 6.52843818E+06
      3751.8682 6.52844020E+06
      3752.0627 6.53025967E+06
      3752.1738 6.53128405E+06
      3752.4896 6.53650422E+06
      3752.7851 6.53991474E+06
      3753.1021 6.54735073E+06
      3753.3967 6.55428860E+06
      3754.6204 6.59056969E+06
      3754.7321 6.59403029E+06
      3755.8449 6.62777245E+06
      3757.3602 6.66406621E+06
      3758.2963 6.67722299E+06
      3758.4657 6.67813951E+06
      3760.1284 6.68699271E+06
      3760.7510 6.68943211E+06
      3761.9424 6.68537717E+06
      3762.2435 6.68435616E+06
      3764.5928 6.63940083E+06
      3764.6900 6.63752581E+06
      3765.6698 6.60082627E+06
      3767.1396 6.54037470E+06
      3768.3656 6.47462400E+06
      3769.5924 6.40978467E+06
      3769.8517 6.39959783E+06
      3770.2061 6.38388418E+06
      3770.6016 6.37456343E+06
      3770.8200 6.36896205E+06
      3771.1270 6.36633117E+06
      3771.4341 6.32677590E+06
      3771.5876 5.56265509E+06
      3771.7308 4.65358446E+06
      3771.7412 4.60507174E+06
      3771.8948 5.56319881E+06
      3772.0483 6.32839336E+06
      3772.3556 6.36962557E+06
      3772.6628 6.37390716E+06
      3773.2775 6.39303205E+06
      3773.8442 6.42256727E+06
      3773.8924 6.42509199E+06
      3774.5054 6.46536716E+06
      3775.1228 6.50645326E+06
      3776.3540 6.58954794E+06
      3777.7541 6.66720218E+06
      3778.8188 6.72692526E+06
      3779.6254 6.75755792E+06
      3780.5040 6.77638568E+06
      3781.2869 6.79243410E+06
      3781.8586 6.79472450E+06
      3784.5312 6.80540034E+06
      3786.2326 6.75379739E+06
      3789.4499 6.62671515E+06
      3790.4585 6.54431148E+06
      3791.1913 6.48581470E+06
      3791.8051 6.43492996E+06
      3791.9140 6.42600943E+06
      3794.3813 6.15076689E+06
      3794.4882 6.13728649E+06
      3795.2307 6.04558018E+06
      3795.6161 5.99926881E+06
      3796.8518 5.85217488E+06
      3797.2414 5.81136042E+06
      3797.4699 5.78722955E+06
      3798.0883 5.73427856E+06
      3798.3975 5.71552069E+06
      3798.7068 5.70338736E+06
      3798.8615 5.70029866E+06
      3799.0162 5.69957390E+06
      3799.1709 5.70197625E+06
      3799.3256 5.70674944E+06
      3799.6350 5.72229131E+06
      3799.9445 5.74453733E+06
      3800.5636 5.80480408E+06
      3801.1478 5.87423939E+06
      3801.1830 5.87842474E+06
      3801.7951 5.95878202E+06
      3801.9868 5.98427795E+06
      3802.4223 6.04317826E+06
      3803.6624 6.21425939E+06
      3806.1450 6.53570042E+06
      3807.0606 6.62950330E+06
      3808.6309 6.77913075E+06
      3810.5257 6.87733794E+06
      3811.1567 6.91077865E+06
      3812.6628 6.99085614E+06
      3813.6124 7.04220760E+06
      3814.6836 7.06025521E+06
      3816.9307 7.09831243E+06
      3818.6070 7.06081468E+06
      3821.8850 6.93029461E+06
      3826.8522 6.44426110E+06
      3828.6354 6.16249780E+06
      3829.3406 6.05763711E+06
      3830.8065 5.76396081E+06
      3831.3334 5.66785144E+06
      3831.8323 5.58094781E+06
      3832.3731 5.46611622E+06
      3832.6017 5.41934751E+06
      3833.0794 5.32514516E+06
      3834.3272 5.07433787E+06
      3834.9279 4.96469276E+06
      3834.9515 4.96051833E+06
      3835.5759 4.86349091E+06
      3835.8882 4.82514821E+06
      3836.2005 4.79626822E+06
      3836.3567 4.78685373E+06
      3836.5129 4.78313811E+06
      3836.6692 4.78735993E+06
      3836.8254 4.79728920E+06
      3837.1379 4.82724075E+06
      3837.4504 4.86674011E+06
      3837.8377 4.92782733E+06
      3838.0757 4.96637179E+06
      3838.7012 5.08332649E+06
      3838.7167 5.08633127E+06
      3839.9527 5.34137370E+06
      3841.2050 5.60732552E+06
      3842.8929 5.93453616E+06
      3843.7122 6.11404376E+06
      3846.2226 6.55123635E+06
      3851.2533 7.17407298E+06
      3851.7250 7.20465370E+06
      3852.2882 7.24167173E+06
      3855.7263 7.44490165E+06
      3856.2971 7.48030513E+06
      3859.0394 7.52351001E+06
      3862.3236 7.57369909E+06
      3866.4245 7.44628890E+06
      3872.0227 7.20199560E+06
      3872.4115 7.18608695E+06
      3874.2856 6.93147799E+06
      3876.6053 6.65673798E+06
      3877.4752 6.56142057E+06
      3879.5784 6.07816068E+06
      3881.4122 5.74437590E+06
      3882.5521 5.56839026E+06
      3884.6888 5.04150250E+06
      3885.0956 4.96037567E+06
      3887.6424 4.30174012E+06
      3888.9171 3.99555717E+06
      3890.1925 3.84117061E+06
      3891.4689 3.99534068E+06
      3892.7460 4.30193871E+06
      3893.1662 4.38822696E+06
      3895.3029 4.96500456E+06
      3897.1286 5.37874917E+06
      3897.6618 5.52549341E+06
      3897.8631 5.58456968E+06
      3899.2770 5.81189552E+06
      3902.9936 6.63024907E+06
      3903.5726 6.69915279E+06
      3905.5171 6.95021328E+06
      3908.1377 7.35242905E+06
      3914.1354 7.72755711E+06
      3917.8703 8.00616691E+06
      3918.4666 8.05430139E+06
      3920.4012 8.09349108E+06
      3921.3193 8.11228411E+06
      3925.9876 8.21021944E+06
      3928.8502 8.23436882E+06
      3935.5089 8.17873515E+06
      3937.2918 8.16335074E+06
      3948.6614 7.57777660E+06
      3949.7834 7.41562439E+06
      3954.3709 6.87764676E+06
      3960.0232 5.83368577E+06
      3960.0968 5.82443082E+06
      3960.4343 5.72709119E+06
      3962.9660 5.17445507E+06
      3963.9682 4.85943141E+06
      3964.5827 4.70549951E+06
      3965.8394 4.45647318E+06
      3967.2777 4.08242907E+06
      3968.7170 3.70364302E+06
      3969.4370 3.51569557E+06
      3970.1573 3.33322398E+06
      3970.5175 3.24709067E+06
      3970.8778 3.16820855E+06
      3970.9409 3.15494310E+06
      3971.0580 3.13105816E+06
      3971.0688 3.12972099E+06
      3971.2382 3.10896907E+06
      3971.4184 3.13095318E+06
      3971.5987 3.16799730E+06
      3971.9592 3.24666686E+06
      3972.3198 3.33257697E+06
      3973.0411 3.51456859E+06
      3973.7627 3.70196401E+06
      3975.2067 4.07950203E+06
      3976.6518 4.45211879E+06
      3979.5450 5.16759020E+06
      3982.4425 5.81625599E+06
      3984.3302 6.07640284E+06
      3988.2501 6.88270946E+06
      3994.0747 7.62471187E+06
      3999.2585 7.91213505E+06
      4001.1702 8.03553844E+06
      4003.0931 8.17159559E+06
      4005.7751 8.38532464E+06
      4006.1480 8.39299647E+06
      4009.7714 8.46994263E+06
      4013.9432 8.55876691E+06
      4017.5442 8.63959607E+06
      4023.0189 8.66318098E+06
      4032.7543 8.70453673E+06
      4041.2911 8.67259669E+06
      4050.5012 8.59323119E+06
      4052.1110 8.57935689E+06
      4056.0022 8.54584111E+06
      4057.8871 8.47479278E+06
      4061.3776 8.35140642E+06
      4065.3204 8.22337458E+06
      4067.7269 8.14869643E+06
      4074.9406 7.52351422E+06
      4079.5196 7.23852031E+06
      4085.4416 6.47562738E+06
      4091.3809 5.42323590E+06
      4092.1058 5.21981530E+06
      4092.1635 5.20540240E+06
      4094.3570 4.78854507E+06
      4097.3374 4.10063915E+06
      4098.8293 3.74582841E+06
      4100.3222 3.38526502E+06
      4101.0691 3.19923137E+06
      4101.8036 3.00264189E+06
      4101.8162 3.00022886E+06
      4102.1899 2.89046126E+06
      4102.5636 2.77682724E+06
      4102.7505 2.74043300E+06
      4102.9375 2.74172961E+06
      4103.1244 2.74033284E+06
      4103.3113 2.77663592E+06
      4103.6853 2.89006593E+06
      4104.0593 2.99960142E+06
      4104.8075 3.19806875E+06
      4105.5560 3.38350272E+06
      4107.0539 3.74258612E+06
      4108.5528 4.09538263E+06
      4111.5540 4.77767974E+06
      4112.1020 4.86043577E+06
      4114.2466 5.31289423E+06
      4114.5091 5.38892333E+06
      4114.5595 5.40422248E+06
      4120.5838 6.43376545E+06
      4126.6257 7.17318132E+06
      4138.7629 8.04384073E+06
      4144.2628 8.19965737E+06
      4148.7261 8.34691060E+06
      4150.9717 8.43004235E+06
      4164.3648 8.53002521E+06
      4167.2088 8.55340640E+06
      4175.6067 8.62523584E+06
      4185.1672 8.62031550E+06
      4200.5358 8.61182899E+06
      4206.9781 8.59494596E+06
      4223.8126 8.54825220E+06
      4243.7251 8.45688299E+06
      4251.2979 8.42186023E+06
      4252.6952 8.41473815E+06
      4268.3557 8.22138879E+06
      4281.9754 8.07020438E+06
      4296.7672 7.67660226E+06
      4303.3018 7.28673336E+06
      4311.6616 6.92778747E+06
      4314.8493 6.61244895E+06
      4319.1476 6.29755788E+06
      4326.6596 5.37366415E+06
      4330.4255 4.77405006E+06
      4334.1978 4.09041280E+06
      4336.0865 3.73001701E+06
      4337.9768 3.35968401E+06
      4338.9226 3.16704412E+06
      4339.8688 2.96174384E+06
      4340.3420 2.84618524E+06
      4340.8153 2.70678490E+06
      4341.0521 2.61969493E+06
      4341.2888 2.51591227E+06
      4341.4072 2.45945640E+06
      4341.5256 2.40071956E+06
      4341.5848 2.37081715E+06
      4341.6440 2.34279752E+06
      4341.6736 2.33149039E+06
      4341.7032 2.32390512E+06
      4341.7180 2.32190066E+06
      4341.7328 2.32107093E+06
      4341.7476 2.32189247E+06
      4341.7624 2.32388877E+06
      4341.7920 2.33145782E+06
      4341.8216 2.34274871E+06
      4341.8808 2.37073559E+06
      4341.9400 2.40060398E+06
      4342.0584 2.45927026E+06
      4342.1768 2.51564988E+06
      4342.4137 2.61926647E+06
      4342.6506 2.70616256E+06
      4343.1244 2.84514105E+06
      4343.5984 2.96023620E+06
      4344.5466 3.16450713E+06
      4345.4952 3.35599432E+06
      4347.3937 3.72351484E+06
      4349.2939 4.08029588E+06
      4353.0993 4.75376019E+06
      4356.9113 5.33910262E+06
      4364.5553 6.22445597E+06
      4372.2263 6.81062697E+06
      4374.1791 6.87156004E+06
      4377.6734 6.99205830E+06
      4387.6493 7.46543305E+06
      4403.1816 7.76951056E+06
      4411.2222 7.80434861E+06
      4425.4864 7.87703120E+06
      4434.5784 7.92476756E+06
      4466.4261 7.86191636E+06
      4486.8858 7.79015142E+06
      4524.6948 7.65783044E+06
      4531.5139 7.63410782E+06
      4538.9605 7.60570864E+06
      4598.5268 7.38094295E+06
      4605.5542 7.35447917E+06
      4655.3441 7.16188927E+06
      4667.2738 7.11635829E+06
      4730.6702 6.84091779E+06
      4738.6798 6.78974002E+06
      4763.0186 6.64377434E+06
      4774.7119 6.50701925E+06
      4795.8125 6.29805256E+06
      4812.3793 5.97987498E+06
      4829.0610 5.42030070E+06
      4837.4453 4.96491119E+06
      4845.8588 4.31350960E+06
      4850.0765 3.89691370E+06
      4854.3016 3.42357395E+06
      4856.4169 3.17181837E+06
      4858.5340 2.90759307E+06
      4859.5933 2.76648535E+06
      4860.6530 2.61064085E+06
      4861.1830 2.51735888E+06
      4861.7132 2.39159066E+06
      4861.9783 2.29745727E+06
      4862.2435 2.15548718E+06
      4862.3760 2.05773705E+06
      4862.5086 1.94807726E+06
      4862.5749 1.90011982E+06
      4862.6412 1.86668426E+06
      4862.6744 1.85725173E+06
      4862.7075 1.85239444E+06
      4862.7241 1.85132355E+06
      4862.7407 1.85100288E+06
      4862.7573 1.85131301E+06
      4862.7738 1.85237338E+06
      4862.8070 1.85720971E+06
      4862.8401 1.86662139E+06
      4862.9065 1.90001635E+06
      4862.9728 1.94793058E+06
      4863.1054 2.05749374E+06
      4863.2380 2.15512979E+06
      4863.5033 2.29681897E+06
      4863.7686 2.39064592E+06
      4864.2993 2.51576488E+06
      4864.8302 2.60836799E+06
      4865.8922 2.76276410E+06
      4866.9546 2.90228726E+06
      4869.0810 3.16287556E+06
      4871.2092 3.41033316E+06
      4875.4712 3.87259004E+06
      4879.7406 4.27439840E+06
      4887.6444 4.81020624E+06
      4888.3020 4.88623886E+06
      4896.8934 5.29239177E+06
      4897.1404 5.29698925E+06
      4914.1673 5.73854717E+06
      4931.5634 5.93494544E+06
      4966.7278 6.03590137E+06
      5002.3973 5.99582794E+06
      5022.7081 5.94583562E+06
      5075.2956 5.81699220E+06
      5150.3500 5.61434158E+06
      5151.4955 5.61124366E+06
      5283.5851 5.26482331E+06
      5307.3213 5.20498114E+06
      5419.0616 4.93399699E+06
      5474.1617 4.80595107E+06
      5558.0119 4.61896531E+06
      5700.5250 4.32005005E+06
      5846.6924 4.03708124E+06
      5905.1418 3.92982161E+06
      5996.6075 3.76825636E+06
      6057.2958 3.66524570E+06
      6150.3667 3.51326455E+06
      6217.4982 3.40802594E+06
      6300.8197 3.27926194E+06
      6308.0684 3.26722739E+06
      6386.4047 3.14134600E+06
      6430.0751 3.05854214E+06
      6469.8138 2.94766576E+06
      6474.3468 2.93613456E+06
      6496.7121 2.83064239E+06
      6519.2324 2.64330799E+06
      6530.5512 2.48641031E+06
      6541.9094 2.25469163E+06
      6547.6033 2.10188055E+06
      6553.3071 1.92358012E+06
      6556.1628 1.82509620E+06
      6559.0209 1.71756180E+06
      6560.4509 1.65813148E+06
      6561.8816 1.58985042E+06
      6562.5971 1.54690825E+06
      6563.3128 1.48455244E+06
      6563.6707 1.43156574E+06
      6564.0287 1.33444498E+06
      6564.2077 1.24676673E+06
      6564.3867 1.12235075E+06
      6564.4762 1.05600986E+06
      6564.5657 1.00401883E+06
      6564.6104 9.86909094E+05
      6564.6552 9.76502556E+05
      6564.6775 9.73885818E+05
      6564.6999 9.73008863E+05
      6564.7223 9.73875229E+05
      6564.7447 9.76481366E+05
      6564.7894 9.86866556E+05
      6564.8342 1.00395454E+06
      6564.9237 1.05590010E+06
      6565.0132 1.12219026E+06
      6565.1923 1.24647447E+06
      6565.3713 1.33398950E+06
      6565.7295 1.43076221E+06
      6566.0876 1.48339353E+06
      6566.8041 1.54502889E+06
      6567.5207 1.58723354E+06
      6568.9544 1.65398085E+06
      6570.3888 1.71179189E+06
      6573.2593 1.81581083E+06
      6576.1324 1.91041540E+06
      6581.8861 2.07979930E+06
      6587.6498 2.22209467E+06
      6599.2077 2.42887242E+06
      6610.8061 2.55739358E+06
      6634.1258 2.68355953E+06
      6635.7064 2.68599104E+06
      6657.6106 2.72640783E+06
      6705.0825 2.72534355E+06
      6753.2363 2.68775201E+06
      6805.8527 2.63451651E+06
      6851.6491 2.58884219E+06
      6952.9725 2.48393346E+06
      6980.3618 2.45600555E+06
      7159.3454 2.28214751E+06
      7164.8838 2.27699022E+06
      7342.9184 2.11847811E+06
      7390.1183 2.07861001E+06
      7531.1983 1.96494781E+06
      7724.3060 1.82137825E+06
      7922.3651 1.68726386E+06
      8125.5027 1.56202167E+06
      8169.1664 1.53942743E+06
      8219.8414 1.51366540E+06
      8260.7320 1.49322871E+06
      8283.5347 1.48196758E+06
      8311.9751 1.46804877E+06
      8333.8489 1.45744560E+06
      8354.3737 1.44725588E+06
      8365.2264 1.44190238E+06
      8376.3823 1.43641738E+06
      8401.9951 1.42392706E+06
      8406.1976 1.42189052E+06
      8450.1626 1.40084638E+06
      8454.1145 1.39897746E+06
      8458.9896 1.39667312E+06
      8471.3349 1.39086259E+06
      8472.5925 1.39027184E+06
      8474.4541 1.38939485E+06
      8498.8856 1.37794117E+06
      8502.5807 1.37621557E+06
      8511.1542 1.37221024E+06
      8519.6231 1.36825030E+06
      8523.4584 1.36645423E+06
      8527.0229 1.36477935E+06
      8529.6238 1.36354885E+06
      8535.7981 1.36063689E+06
      8538.8886 1.35919473E+06
      8541.9814 1.35776732E+06
      8543.5286 1.35706018E+06
      8545.0764 1.35635421E+06
      8545.8505 1.35600223E+06
      8546.6247 1.35565063E+06
      8547.0119 1.35547400E+06
      8547.3991 1.35524971E+06
      8547.5373 1.35512367E+06
      8547.5927 1.35507240E+06
      8547.7864 1.35492568E+06
      8547.9800 1.35489189E+06
      8548.1736 1.35489046E+06
      8548.5610 1.35475861E+06
      8548.9483 1.35457905E+06
      8549.7231 1.35421852E+06
      8550.4981 1.35385841E+06
      8551.6059 1.35334480E+06
      8552.0484 1.35313678E+06
      8553.5992 1.35240886E+06
      8554.8786 1.35181319E+06
      8556.7027 1.35096064E+06
      8559.8083 1.34952422E+06
      8563.9507 1.34762747E+06
      8566.0265 1.34666208E+06
      8567.5592 1.34595047E+06
      8568.4649 1.34552867E+06
      8572.2536 1.34374609E+06
      8576.3311 1.34182210E+06
      8582.5348 1.33886487E+06
      8584.7352 1.33782120E+06
      8588.7474 1.33590909E+06
      8591.8571 1.33445602E+06
      8593.0964 1.33388895E+06
      8594.9691 1.33301194E+06
      8596.5259 1.33229714E+06
      8597.2531 1.33196462E+06
      8598.0833 1.33158335E+06
      8598.8622 1.33122737E+06
      8599.6412 1.33087222E+06
      8600.0308 1.33069311E+06
      8600.4204 1.33042071E+06
      8600.6152 1.33016029E+06
      8600.8101 1.32996276E+06
      8601.0049 1.32998306E+06
      8601.1997 1.33006615E+06
      8601.5895 1.32998394E+06
      8601.9792 1.32980853E+06
      8602.7588 1.32945452E+06
      8603.5386 1.32910136E+06
      8603.6430 1.32905426E+06
      8605.0985 1.32838917E+06
      8606.6590 1.32767973E+06
      8609.7817 1.32628763E+06
      8612.9066 1.32492641E+06
      8617.8700 1.32280732E+06
      8618.0217 1.32273975E+06
      8619.1633 1.32222910E+06
      8622.3989 1.32078555E+06
      8625.4291 1.31943299E+06
      8630.3104 1.31722825E+06
      8637.9881 1.31362806E+06
      8642.7868 1.31135183E+06
      8647.6921 1.30895781E+06
      8649.0385 1.30830078E+06
      8650.5837 1.30755130E+06
      8652.9665 1.30638077E+06
      8655.2993 1.30520370E+06
      8658.4331 1.30367830E+06
      8661.5691 1.30223259E+06
      8663.1380 1.30152932E+06
      8664.6790 1.30085735E+06
      8664.7075 1.30084487E+06
      8665.4924 1.30050042E+06
      8666.2775 1.30015709E+06
      8666.6701 1.29998473E+06
      8667.0627 1.29976131E+06
      8667.2590 1.29958272E+06
      8667.4554 1.29943850E+06
      8667.6517 1.29941160E+06
      8667.8481 1.29941902E+06
      8668.2408 1.29930008E+06
      8668.6336 1.29913012E+06
      8669.4192 1.29878874E+06
      8670.2050 1.29844850E+06
      8671.7770 1.29777385E+06
      8673.3496 1.29711932E+06
      8675.8854 1.29609436E+06
      8676.4965 1.29584564E+06
      8677.8410 1.29533017E+06
      8679.6457 1.29459381E+06
      8685.9508 1.29213085E+06
      8692.2652 1.28968596E+06
      8698.7265 1.28709761E+06
      8701.3356 1.28605539E+06
      8702.8588 1.28544476E+06
      8704.9215 1.28453886E+06
      8714.0692 1.28036659E+06
      8714.6184 1.28010759E+06
      8715.4219 1.27972608E+06
      8717.6147 1.27859252E+06
      8728.0214 1.27307583E+06
      8734.3347 1.26954170E+06
      8740.6573 1.26603498E+06
      8743.1125 1.26478105E+06
      8743.8220 1.26441197E+06
      8746.9889 1.26287823E+06
      8748.5733 1.26218943E+06
      8750.1582 1.26152697E+06
      8750.3667 1.26144195E+06
      8750.9509 1.26120370E+06
      8751.7437 1.26088338E+06
      8752.1402 1.26036376E+06
      8752.5367 1.24164826E+06
      8752.6865 1.21859510E+06
      8752.7350 1.21148578E+06
      8752.9332 1.19396595E+06
      8753.1315 1.21133364E+06
      8753.3298 1.24133517E+06
      8753.7264 1.25972673E+06
      8754.1231 1.25992762E+06
      8754.9165 1.25961080E+06
      8755.7100 1.25929709E+06
      8757.2975 1.25868551E+06
      8758.8856 1.25809993E+06
      8762.0635 1.25708381E+06
      8764.0258 1.25652517E+06
      8765.2437 1.25613553E+06
      8766.7050 1.25572831E+06
      8768.7598 1.25522293E+06
      8771.6111 1.25450769E+06
      8777.9877 1.25292301E+06
      8789.2195 1.24977445E+06
      8790.7688 1.24924046E+06
      8803.5872 1.24431197E+06
      8804.6471 1.24386688E+06
      8813.4052 1.24019382E+06
      8814.3557 1.23978064E+06
      8814.5585 1.23969220E+06
      8820.5086 1.23654163E+06
      8822.6997 1.23537970E+06
      8827.2828 1.23291119E+06
      8829.3364 1.23160264E+06
      8840.0439 1.22457430E+06
      8846.4384 1.21990833E+06
      8852.8420 1.21533180E+06
      8855.2367 1.21373313E+06
      8855.5087 1.21354893E+06
      8856.0474 1.21318296E+06
      8859.2550 1.21141363E+06
      8860.8597 1.21069381E+06
      8862.4649 1.21005249E+06
      8863.2678 1.20975524E+06
      8863.6432 1.20962123E+06
      8864.0708 1.20945328E+06
      8864.4724 1.20929684E+06
      8864.8739 1.20914090E+06
      8865.0748 1.20906305E+06
      8865.2756 1.20898526E+06
      8865.4764 1.20890746E+06
      8865.6772 1.20882967E+06
      8866.0789 1.20867439E+06
      8866.4807 1.20851962E+06
      8867.2843 1.20821268E+06
      8868.0880 1.20791644E+06
      8869.6959 1.20737084E+06
      8871.3043 1.20690308E+06
      8872.8719 1.20660619E+06
      8874.5230 1.20629313E+06
      8877.7441 1.20608420E+06
      8884.1932 1.20594901E+06
      8890.6516 1.20588357E+06
      8903.5968 1.20476941E+06
      8907.4959 1.20406240E+06
      8910.4413 1.20351152E+06
      8914.4573 1.20276080E+06
      8916.5797 1.20219302E+06
      8921.5906 1.20040664E+06
      8940.0834 1.19370162E+06
      8942.6594 1.19241591E+06
      8960.3755 1.18258056E+06
      8963.2082 1.18101222E+06
      8965.8573 1.17954806E+06
      8968.8921 1.17727207E+06
      8978.8001 1.16959473E+06
      8979.4859 1.16892725E+06
      8988.5224 1.16021366E+06
      8991.4923 1.15737878E+06
      8991.7802 1.15710589E+06
      8998.2844 1.14992939E+06
      9004.7980 1.14277761E+06
      9008.0583 1.13956257E+06
      9011.3210 1.13693855E+06
      9012.9533 1.13600603E+06
      9014.5861 1.13528685E+06
      9015.4027 1.13499315E+06
      9016.2195 1.13472418E+06
      9016.6280 1.13214478E+06
      9017.0364 1.04066452E+06
      9017.2407 9.49136945E+05
      9017.4450 9.13542039E+05
      9017.6492 9.49024539E+05
      9017.8535 1.04042461E+06
      9018.2621 1.13163976E+06
      9018.6707 1.13396581E+06
      9018.8088 1.13392585E+06
      9019.4881 1.13372917E+06
      9020.3056 1.13351704E+06
      9021.8220 1.13324568E+06
      9021.9411 1.13322271E+06
      9022.7236 1.13317416E+06
      9023.5772 1.13309336E+06
      9026.8512 1.13353759E+06
      9030.1275 1.13456111E+06
      9036.6873 1.13729842E+06
      9043.2566 1.14002304E+06
      9056.4239 1.14350517E+06
      9068.0409 1.14438348E+06
      9069.6297 1.14450623E+06
      9074.1547 1.14400104E+06
      9075.3803 1.14376232E+06
      9088.6931 1.14109052E+06
      9096.1571 1.13958862E+06
      9122.8401 1.13083449E+06
      9126.1756 1.12949839E+06
      9152.4104 1.11442260E+06
      9169.7108 1.09946471E+06
      9176.6785 1.09353863E+06
      9178.3252 1.09210262E+06
      9178.7964 1.09169261E+06
      9184.4276 1.08437197E+06
      9192.0466 1.07470976E+06
      9198.2098 1.06431907E+06
      9205.3350 1.05271260E+06
      9211.9937 1.03998221E+06
      9218.6620 1.02681168E+06
      9221.9997 1.02068344E+06
      9222.0434 1.02062009E+06
      9225.3399 1.01587498E+06
      9227.0109 1.01414500E+06
      9228.6825 1.01300866E+06
      9229.5185 1.01266444E+06
      9230.3547 1.01236023E+06
      9230.7729 1.01223181E+06
      9231.1561 1.01211790E+06
      9231.1910 1.01210720E+06
      9231.4002 1.01204426E+06
      9231.6093 1.01198154E+06
      9231.8184 1.01191886E+06
      9232.0275 1.01185642E+06
      9232.4458 1.01173366E+06
      9232.8642 1.01161499E+06
      9233.7010 1.01142501E+06
      9234.5379 1.01127484E+06
      9236.2122 1.01142069E+06
      9237.8872 1.01215626E+06
      9241.2389 1.01495931E+06
      9244.5930 1.01904778E+06
      9251.3086 1.02806304E+06
      9258.0339 1.03655772E+06
      9263.0721 1.04142589E+06
      9271.5140 1.04974666E+06
      9285.0334 1.05770502E+06
      9296.1273 1.05986381E+06
      9312.1908 1.06317490E+06
      9339.5075 1.06119386E+06
      9342.0751 1.06059221E+06
      9358.3541 1.05673859E+06
      9394.6246 1.04480129E+06
      9398.6079 1.04320508E+06
      9406.7339 1.03994569E+06
      9450.3961 1.01388994E+06
      9455.6166 1.01075428E+06
      9455.6921 1.01067674E+06
      9458.5060 1.00779035E+06
      9480.2490 9.86601919E+05
      9505.0100 9.49301408E+05
      9517.4391 9.22625816E+05
      9529.9007 8.89794247E+05
      9536.1437 8.71991377E+05
      9542.3950 8.56207930E+05
      9545.5237 8.51949543E+05
      9548.6544 6.77977677E+05
      9551.7872 8.50366082E+05
      9554.9221 8.53025151E+05
      9561.1980 8.65498821E+05
      9563.9494 8.71611030E+05
      9567.4821 8.79832652E+05
      9580.0753 9.05353690E+05
      9592.7016 9.24423244E+05
      9607.9325 9.36861557E+05
      9618.0543 9.46127254E+05
      9643.5413 9.54496297E+05
      9680.2648 9.53741381E+05
      9694.9229 9.53542512E+05
      9701.0318 9.52329839E+05
      9716.1307 9.49362953E+05
      9746.8549 9.42595019E+05
      9826.7935 9.18961268E+05
      9852.4061 9.09530486E+05
      9883.0757 8.97878378E+05
      9940.0063 8.65475329E+05
      9949.7762 8.55756159E+05
      9960.2684 8.46051829E+05
      9968.7182 8.38702147E+05
      9997.5965 7.96866801E+05
     10008.2722 7.73245974E+05
     10012.0985 7.65905864E+05
     10026.6426 7.23951434E+05
     10033.9305 6.97921836E+05
     10041.2291 6.69211220E+05
     10044.8823 6.55154637E+05
     10048.5382 6.44173018E+05
     10050.3671 6.41508591E+05
     10052.1968 6.40832253E+05
     10054.0270 6.40836401E+05
     10055.8580 6.42822461E+05
     10059.5219 6.52399351E+05
     10063.1885 6.64972859E+05
     10070.5296 6.90497115E+05
     10077.8815 7.13094340E+05
     10092.6175 7.47659671E+05
     10107.3967 7.70816641E+05
     10137.0852 7.96349458E+05
     10166.9487 8.06577392E+05
     10183.2367 8.06200809E+05
     10204.8987 8.06020668E+05
     10226.6925 8.06281245E+05
     10227.2067 8.06292796E+05
     10288.1832 7.95809390E+05
     10412.3438 7.68269888E+05
     10416.4162 7.67317040E+05
     10454.8592 7.58353393E+05
     10466.5627 7.55562934E+05
     10539.5378 7.38456574E+05
     10572.8036 7.30681802E+05
     10693.4394 7.00923767E+05
     10734.9361 6.88731356E+05
     10754.7956 6.83117138E+05
     10803.4820 6.62362689E+05
     10816.8599 6.57275006E+05
     10848.1615 6.34895661E+05
     10879.6448 6.00198389E+05
     10895.4550 5.74321040E+05
     10911.3113 5.39934985E+05
     10919.2568 5.18647777E+05
     10927.2138 4.94407247E+05
     10931.1967 4.81259319E+05
     10935.1824 4.67903020E+05
     10937.1764 4.61828779E+05
     10939.1711 4.57604224E+05
     10940.1687 4.55816358E+05
     10941.1665 4.22614406E+05
     10942.1645 4.55572425E+05
     10943.1627 4.57114282E+05
     10945.1596 4.60838371E+05
     10947.1572 4.66394605E+05
     10951.1546 4.78662529E+05
     10955.1550 4.90658215E+05
     10963.1644 5.12426481E+05
     10971.1856 5.31053416E+05
     10987.2632 5.59705238E+05
     11003.3881 5.79476801E+05
     11010.1909 5.82967507E+05
     11035.7801 6.01426436E+05
     11068.3634 6.10731529E+05
     11080.9858 6.10474162E+05
     11134.1107 6.10685708E+05
     11200.6437 6.02921121E+05
     11292.5035 5.88666575E+05
     11336.1241 5.82051832E+05
     11474.9221 5.59795872E+05
     11582.0549 5.42937179E+05
     11728.4440 5.20888755E+05
     11762.9705 5.15790283E+05
     11879.0306 4.99037973E+05
     11983.9104 4.84475866E+05
     12065.8528 4.73381831E+05
     12183.6212 4.57927758E+05
     12250.7537 4.49402906E+05
     12388.6819 4.31938163E+05
     12496.0217 4.17651272E+05
     12529.7512 4.13333579E+05
     12601.4975 4.02113995E+05
     12674.0702 3.86003221E+05
     12710.6709 3.73128553E+05
     12747.4836 3.52148893E+05
     12765.9701 3.36081209E+05
     12784.5102 3.16059809E+05
     12793.8005 3.04309598E+05
     12803.1043 2.91205041E+05
     12807.7612 2.84098384E+05
     12812.4216 2.76357385E+05
     12814.7530 2.72063230E+05
     12816.4325 2.68303999E+05
     12817.0853 2.67157691E+05
     12818.2518 2.64330956E+05
     12819.4185 2.61240641E+05
     12820.0019 2.59751571E+05
     12820.5854 2.58619328E+05
     12820.8771 2.58313927E+05
     12821.1689 2.58107638E+05
     12821.3148 2.58046839E+05
     12821.4607 2.58016998E+05
     12821.5336 2.58008391E+05
     12821.6066 2.58002943E+05
     12821.6431 2.58000632E+05
     12821.6795 2.57998357E+05
     12821.7160 2.57996117E+05
     12821.7525 2.57993913E+05
     12821.8254 2.57990332E+05
     12821.8984 2.57989908E+05
     12822.0443 2.58001685E+05
     12822.1902 2.58044406E+05
     12822.4820 2.58214472E+05
     12822.7739 2.58483518E+05
     12823.3576 2.59542229E+05
     12823.9414 2.60956542E+05
     12825.1091 2.63894224E+05
     12826.2770 2.66565054E+05
     12828.6135 2.71150959E+05
     12830.9509 2.75116368E+05
     12835.6281 2.82174499E+05
     12840.3088 2.88566683E+05
     12849.6804 3.00153757E+05
     12859.0657 3.10284257E+05
     12877.8774 3.26815719E+05
     12896.7442 3.39136859E+05
     12934.6443 3.52315621E+05
     12972.7677 3.57259697E+05
     13049.6928 3.57520130E+05
     13127.5356 3.53051052E+05
     13145.0590 3.51644524E+05
     13286.0409 3.40585155E+05
     13448.4206 3.27165466E+05
     13482.1118 3.24390123E+05
     13785.3859 3.00630467E+05
     13827.8070 2.97464434E+05
     14139.6712 2.75362890E+05
     14182.3661 2.72481244E+05
     14546.0165 2.49337584E+05
     14918.9913 2.35508541E+05
     15301.5296 2.15285515E+05
     15693.8765 1.96625214E+05
     15702.3831 1.96240487E+05
     15702.8232 1.96220571E+05
     15703.2632 1.96199176E+05
     15703.7033 1.96096053E+05
     15704.1434 1.94683743E+05
     15704.5836 1.88476268E+05
     15705.0237 1.83381343E+05
     15705.4639 1.88438608E+05
     15705.9042 1.94605074E+05
     15706.3444 1.95976908E+05
     15706.7847 1.96040227E+05
     15707.2249 1.96021894E+05
     15707.6653 1.96002021E+05
     15882.2820 1.88316582E+05
     15882.7271 1.88297476E+05
     15883.1722 1.88274458E+05
     15883.6174 1.88037738E+05
     15884.0625 1.84495497E+05
     15884.5077 1.70947259E+05
     15884.9529 1.61869578E+05
     15885.3981 1.70913743E+05
     15885.8434 1.84421154E+05
     15886.2887 1.87923378E+05
     15886.7340 1.88121579E+05
     15887.1793 1.88106437E+05
     15887.6247 1.88087334E+05
     16096.2836 1.79397182E+05
     16111.0784 1.78790871E+05
     16111.5299 1.78772386E+05
     16111.9814 1.78743726E+05
     16112.4330 1.78162977E+05
     16112.8845 1.69775235E+05
     16113.3361 1.46858501E+05
     16113.7878 1.37420639E+05
     16114.2394 1.46830496E+05
     16114.6911 1.69706663E+05
     16115.1428 1.78052767E+05
     16115.5945 1.78596097E+05
     16116.0462 1.78587804E+05
     16116.4980 1.78569479E+05
     16408.9904 1.67110532E+05
     16409.4502 1.67093095E+05
     16409.9101 1.67050151E+05
     16410.3700 1.65645438E+05
     16410.8299 1.48822195E+05
     16411.2898 1.25821429E+05
     16411.7498 1.21685545E+05
     16412.2098 1.25797975E+05
     16412.6698 1.48763756E+05
     16413.1299 1.65543109E+05
     16413.5900 1.66911989E+05
     16414.0501 1.66920402E+05
     16414.5102 1.66903271E+05
     16509.0088 1.63404144E+05
     16808.3626 1.52794449E+05
     16808.8337 1.52778082E+05
     16809.3047 1.52702019E+05
     16809.7758 1.49563682E+05
     16810.2469 1.25309984E+05
     16810.7181 1.12455555E+05
     16811.1892 1.10402313E+05
     16811.6604 1.12434508E+05
     16812.1316 1.25262207E+05
     16812.6029 1.49470834E+05
     16813.0742 1.52574140E+05
     16813.5455 1.52618178E+05
     16814.0168 1.52602584E+05
     16932.3167 1.48656671E+05
     17157.0380 1.41494950E+05
     17364.0110 1.35227947E+05
     17364.4976 1.35212907E+05
     17364.9842 1.35072416E+05
     17365.4709 1.29117895E+05
     17365.9576 1.06196937E+05
     17366.4443 9.93577726E+04
     17366.4787 9.92079000E+04
     17366.9310 9.78103374E+04
     17367.4178 9.93390655E+04
     17367.9046 1.06156694E+05
     17368.3914 1.29038278E+05
     17368.8783 1.34958017E+05
     17369.3651 1.35069744E+05
     17369.8521 1.35056095E+05
     17530.7490 1.30426649E+05
     17811.7730 1.22776734E+05
     17921.1026 1.19952082E+05
     18122.8718 1.14827997E+05
     18176.1124 1.13416355E+05
     18176.6218 1.13401694E+05
     18177.1312 1.13169986E+05
     18177.6406 1.04798421E+05
     18178.1500 8.85119940E+04
     18178.6595 8.40029399E+04
     18179.1690 8.27715106E+04
     18179.6786 8.39869962E+04
     18180.1881 8.84782139E+04
     18180.6977 1.04732178E+05
     18181.2073 1.13063731E+05
     18181.7170 1.13268233E+05
     18182.2267 1.13256154E+05
     18268.4851 1.11035619E+05
     18329.2360 1.09511943E+05
     18434.1906 1.06448220E+05
     18540.3541 1.02305940E+05
     18593.8957 9.91308601E+04
     18647.7475 9.42694746E+04
     18674.7905 9.07934042E+04
     18701.9121 8.64793349E+04
     18715.5024 8.39801702E+04
     18729.1125 8.11628946E+04
     18735.9250 7.95870945E+04
     18736.9078 7.91458701E+04
     18742.7424 7.77910231E+04
     18746.1530 7.66741016E+04
     18749.5648 7.51459861E+04
     18751.2712 7.40914173E+04
     18752.9779 7.26378956E+04
     18753.8314 7.16599560E+04
     18754.6849 7.03439473E+04
     18755.1117 6.92922985E+04
     18755.5385 6.77247575E+04
     18755.7519 6.69420950E+04
     18755.9654 6.63689450E+04
     18756.0721 6.61867114E+04
     18756.1788 6.60822583E+04
     18756.2321 6.60565397E+04
     18756.2855 6.60475054E+04
     18756.3389 6.60552851E+04
     18756.3922 6.60797481E+04
     18756.4989 6.61816819E+04
     18756.6057 6.63613768E+04
     18756.8191 6.69293551E+04
     18757.0325 6.77066785E+04
     18757.4594 6.92631240E+04
     18757.8864 7.03034633E+04
     18758.7403 7.15965389E+04
     18759.5943 7.25510817E+04
     18761.3025 7.39567983E+04
     18763.0110 7.49626576E+04
     18766.4289 7.63914883E+04
     18769.8482 7.74073930E+04
     18776.6903 7.89963030E+04
     18783.5375 8.03579238E+04
     18797.2467 8.27270511E+04
     18810.9760 8.47537886E+04
     18838.4949 8.80575757E+04
     18866.0944 9.04551534E+04
     18921.5367 9.30552211E+04
     18977.3059 9.39204960E+04
     19089.8363 9.34550111E+04
     19203.7092 9.19590576E+04
     19217.3413 9.17357048E+04
     19435.5798 8.82431570E+04
     19447.6923 8.80410842E+04
     19448.2373 8.80301275E+04
     19448.7823 8.76983036E+04
     19449.3274 7.88023389E+04
     19449.8725 6.87180130E+04
     19450.4176 6.56936627E+04
     19450.9627 6.47395586E+04
     19451.5079 6.56810537E+04
     19452.0531 6.86915128E+04
     19452.5984 7.87557457E+04
     19453.1437 8.76261140E+04
     19453.6890 8.79393897E+04
     19454.2343 8.79321919E+04
     19673.1181 8.43812737E+04
     19710.0937 8.37884295E+04
     20166.0502 7.68755277E+04
     20215.4807 7.61675626E+04
     20684.3191 6.98322040E+04
     20733.8264 6.92004165E+04
     21265.4629 6.28395892E+04
     21657.6573 5.86080410E+04
     21658.2643 5.85995429E+04
     21658.8712 5.82164796E+04
     21659.4782 5.13289663E+04
     21660.0853 4.62728175E+04
     21660.6923 4.43905321E+04
     21661.2994 4.37228511E+04
     21661.9066 4.43818728E+04
     21662.5137 4.62546803E+04
     21663.1209 5.12983765E+04
     21663.7282 5.81669874E+04
     21664.3354 5.85369332E+04
     21664.9427 5.85328975E+04
     21810.7312 5.70545800E+04
     22369.9807 5.17944675E+04
     22568.4128 5.00744345E+04
     23024.3404 4.69740553E+04
     23614.7081 4.26224974E+04
     24220.2134 3.86689806E+04
     24841.2445 3.50778204E+04
     25478.1995 3.18164264E+04
     25639.0475 3.10530952E+04
     25639.7660 3.10497343E+04
     25640.4845 3.10461298E+04
     25641.2031 3.10291099E+04
     25641.9217 3.07995413E+04
     25642.6404 2.98392216E+04
     25643.3591 2.91036964E+04
     25644.0778 2.98328903E+04
     25644.7966 3.07862719E+04
     25645.5154 3.10089860E+04
     25646.2343 3.10192850E+04
     25646.9532 3.10161738E+04
     25647.6722 3.10128197E+04
     26122.1744 2.88947707E+04
     26122.9065 2.88916508E+04
     26123.6385 2.88879050E+04
     26124.3707 2.88513159E+04
     26125.1028 2.83203715E+04
     26125.8350 2.65113690E+04
     26126.5673 2.54846577E+04
     26127.2996 2.65058697E+04
     26128.0319 2.83082472E+04
     26128.7643 2.88326151E+04
     26129.4967 2.88629286E+04
     26130.2291 2.88604065E+04
     26130.9616 2.88572935E+04
     26131.4867 2.88550565E+04
     26254.3846 2.83367683E+04
     26255.1203 2.83315141E+04
     26255.8561 2.79774498E+04
     26256.5920 2.45185139E+04
     26257.3278 2.27685271E+04
     26258.0638 2.18292554E+04
     26258.7997 2.14741630E+04
     26259.5357 2.18248926E+04
     26260.2717 2.27593828E+04
     26261.0078 2.45036536E+04
     26261.7439 2.79534915E+04
     26262.4801 2.83008571E+04
     26263.2163 2.82999701E+04
     26746.9075 2.63735957E+04
     26747.6571 2.63707398E+04
     26748.4067 2.63664346E+04
     26749.1563 2.62844792E+04
     26749.9060 2.51790864E+04
     26750.6557 2.28246488E+04
     26751.4055 2.21142163E+04
     26752.1553 2.28200219E+04
     26752.9051 2.51684570E+04
     26753.6550 2.62674420E+04
     26754.4049 2.63436022E+04
     26755.1549 2.63421986E+04
     26755.9049 2.63393508E+04
     26801.5248 2.61665751E+04
     27488.7434 2.37262559E+04
     27578.1351 2.34299660E+04
     27578.9079 2.34274006E+04
     27579.6808 2.34216327E+04
     27580.4537 2.32464016E+04
     27581.2267 2.14425404E+04
     27581.9997 1.97160996E+04
     27582.7728 1.94014956E+04
     27583.5459 1.97121100E+04
     27584.3191 2.14336838E+04
     27585.0922 2.32313479E+04
     27585.8655 2.34013145E+04
     27586.6388 2.34020003E+04
     27587.4121 2.33994813E+04
     28193.5829 2.15115264E+04
     28725.2291 2.00097083E+04
     28726.0341 2.00074950E+04
     28726.8391 1.99988866E+04
     28727.6442 1.96712634E+04
     28728.4493 1.76937335E+04
     28729.2545 1.67748598E+04
     28730.0597 1.65601387E+04
     28730.8650 1.67714501E+04
     28731.6703 1.76865093E+04
     28732.4756 1.96586026E+04
     28733.2810 1.99815249E+04
     28734.0865 1.99857873E+04
     28734.8920 1.99836522E+04
     28916.4953 1.95018430E+04
     29657.9439 1.76784770E+04
     30387.0192 1.60886754E+04
     30387.8708 1.60868622E+04
     30388.7224 1.60742996E+04
     30389.5740 1.55915509E+04
     30390.4257 1.40781073E+04
     30391.2775 1.35140670E+04
     30392.1293 1.33492069E+04
     30392.9811 1.35113057E+04
     30393.8330 1.40723398E+04
     30394.6850 1.55816142E+04
     30395.5370 1.60603225E+04
     30396.3890 1.60693731E+04
     30397.2411 1.60676857E+04
     30418.4040 1.60243411E+04
     31198.3631 1.45234721E+04
     31998.3211 1.31623215E+04
     32498.5145 1.23918427E+04
     32964.4896 1.17668761E+04
     32965.4134 1.17655888E+04
     32966.3372 1.17491885E+04
     32967.2611 1.12147751E+04
     32968.1851 1.02664313E+04
     32969.1091 9.90012228E+03
     32970.0331 9.77813712E+03
     32970.9572 9.89808577E+03
     32971.8814 1.02622006E+04
     32972.8056 1.12078747E+04
     32973.7298 1.17395948E+04
     32974.6541 1.17535825E+04
     32975.5785 1.17524680E+04
     33155.0501 1.15221827E+04
     34005.1796 1.04394562E+04
     34877.1073 9.45797380E+03
     35771.3921 8.56834304E+03
     36688.6073 7.76203122E+03
     37399.4083 7.20162117E+03
     37400.4563 7.20074354E+03
     37401.5045 7.18460829E+03
     37402.5527 6.79152814E+03
     37403.6009 6.32216609E+03
     37404.6492 6.10478421E+03
     37405.6976 6.02551183E+03
     37406.7460 6.10351626E+03
     37407.7945 6.31953277E+03
     37408.8430 6.78723953E+03
     37409.8917 7.17833381E+03
     37410.9403 7.19286678E+03
     37411.9890 7.19216838E+03
     37629.3408 7.03128746E+03
     38594.1957 6.36907492E+03
     39069.0247 6.07183039E+03
     39070.1196 6.07116478E+03
     39071.2145 6.07044885E+03
     39072.3095 6.06696813E+03
     39073.4045 6.02048071E+03
     39074.4996 5.84003651E+03
     39075.5948 5.71536873E+03
     39076.6900 5.83878216E+03
     39077.7853 6.01785480E+03
     39078.8807 6.06298333E+03
     39079.9761 6.06513083E+03
     39081.0716 6.06451741E+03
     39082.1671 6.06385402E+03
     39583.7905 5.76900250E+03
     40202.0264 5.42980347E+03
     40203.1530 5.42920774E+03
     40204.2797 5.42849823E+03
     40205.4065 5.42160752E+03
     40206.5333 5.32575242E+03
     40207.6601 5.04873300E+03
     40208.7871 4.92214152E+03
     40209.9140 5.04766576E+03
     40211.0411 5.32344377E+03
     40212.1682 5.41804684E+03
     40213.2954 5.42374141E+03
     40214.4227 5.42326089E+03
     40215.5500 5.42266784E+03
     40516.0256 5.26711652E+03
     40517.1610 5.26577777E+03
     40518.2965 5.16131872E+03
     40519.4320 4.70375521E+03
     40520.5677 4.42784152E+03
     40521.7033 4.21962764E+03
     40522.8391 4.14101974E+03
     40523.9749 4.21875152E+03
     40525.1107 4.42599488E+03
     40526.2466 4.70079840E+03
     40527.3826 5.15687480E+03
     40528.5187 5.26001131E+03
     40529.6548 5.26019411E+03
     40598.7594 5.22527285E+03
     41639.7533 4.73262198E+03
     41701.0432 4.70546395E+03
     41702.2118 4.70494637E+03
     41703.3805 4.70418868E+03
     41704.5493 4.69055906E+03
     41705.7181 4.52376483E+03
     41706.8870 4.25598766E+03
     41708.0559 4.18781127E+03
     41709.2249 4.25509423E+03
     41710.3940 4.52182661E+03
     41711.5632 4.68747931E+03
     41712.7324 4.70006409E+03
     41713.9017 4.69978974E+03
     41715.0710 4.69927569E+03
     42707.4393 4.28627519E+03
     43757.3077 3.89761377E+03
     43758.5339 3.89718412E+03
     43759.7602 3.89630106E+03
     43760.9866 3.87192641E+03
     43762.2131 3.66188709E+03
     43763.4396 3.49754584E+03
     43764.6662 3.45665252E+03
     43765.8928 3.49680948E+03
     43767.1196 3.66033544E+03
     43768.3464 3.86939048E+03
     43769.5732 3.89288348E+03
     43770.8002 3.89291084E+03
     43772.0272 3.89248624E+03
     43802.5018 3.88189778E+03
     44234.0892 3.73571681E+03
     45127.7071 3.46174849E+03
     46284.8278 3.13473676E+03
     46530.1232 3.07044601E+03
     46531.4271 3.07004839E+03
     46532.7311 3.05950064E+03
     46534.0352 2.88564208E+03
     46535.3394 2.72520793E+03
     46536.6437 2.62648550E+03
     46537.9480 2.58895622E+03
     46539.2524 2.62593256E+03
     46540.5568 2.72405713E+03
     46541.8614 2.88380518E+03
     46543.1660 3.05682164E+03
     46544.4707 3.06667636E+03
     46545.7754 3.06640028E+03
     46717.3608 3.02248239E+03
     46718.6700 3.02214616E+03
     46719.9793 3.02106403E+03
     46721.2886 2.98411687E+03
     46722.5981 2.80115264E+03
     46723.9076 2.70377784E+03
     46725.2171 2.67357624E+03
     46726.5268 2.70320649E+03
     46727.8365 2.79996618E+03
     46729.1463 2.98216943E+03
     46730.4561 3.01840998E+03
     46731.7661 3.01882722E+03
     46733.0761 3.01850004E+03
     47471.6183 2.83852959E+03
     48688.8393 2.57024004E+03
     49937.2710 2.32724485E+03
     51217.7139 2.10724444E+03
     51278.0949 2.09752659E+03
     51279.5319 2.09729059E+03
     51280.9690 2.09613043E+03
     51282.4062 2.05651050E+03
     51283.8434 1.93908859E+03
     51285.2808 1.87764464E+03
     51286.7182 1.85614035E+03
     51288.1557 1.87724602E+03
     51289.5932 1.93826361E+03
     51291.0309 2.05517497E+03
     51292.4686 2.09428826E+03
     51293.9064 2.09498578E+03
     51295.3443 2.09476069E+03
     52530.9886 1.90799039E+03
     53877.9370 1.72752709E+03
     55259.4226 1.56408701E+03
     56676.3309 1.41606892E+03
     57105.1512 1.37475865E+03
     57106.7515 1.37460726E+03
     57108.3519 1.37444330E+03
     57109.9523 1.37359455E+03
     57111.5529 1.36237694E+03
     57113.1536 1.32317020E+03
     57114.7543 1.29958157E+03
     57116.3552 1.32288417E+03
     57117.9561 1.36177994E+03
     57119.5571 1.37268780E+03
     57121.1583 1.37323328E+03
     57122.7595 1.37309478E+03
     57124.3607 1.37294373E+03
     58129.5701 1.28202066E+03
     59072.3653 1.20428289E+03
     59074.0208 1.20414664E+03
     59075.6763 1.20315391E+03
     59077.3319 1.17346466E+03
     59078.9876 1.11341995E+03
     59080.6434 1.07809190E+03
     59082.2993 1.06489514E+03
     59083.9553 1.07786162E+03
     59085.6114 1.11294337E+03
     59087.2676 1.17270652E+03
     59088.9239 1.20210531E+03
     59090.5802 1.20283419E+03
     59092.2367 1.20270806E+03
     59558.5577 1.16647075E+03
     59560.2267 1.16634337E+03
     59561.8959 1.16619019E+03
     59563.5651 1.16464582E+03
     59565.2345 1.14433924E+03
     59566.9039 1.09665922E+03
     59568.5734 1.07886011E+03
     59570.2430 1.09642442E+03
     59571.9127 1.14384375E+03
     59573.5826 1.16388396E+03
     59575.2525 1.16517260E+03
     59576.9225 1.16507140E+03
     59578.5925 1.16494425E+03
     59620.0719 1.16179189E+03
     61148.7917 1.05172445E+03
     62716.7094 9.52056794E+02
     62908.7265 9.40677653E+02
     62910.4895 9.40573766E+02
     62912.2525 9.40423043E+02
     62914.0156 9.37790891E+02
     62915.7789 9.09391279E+02
     62917.5422 8.73463111E+02
     62919.3057 8.63363220E+02
     62921.0692 8.73275695E+02
     62922.8328 9.08997748E+02
     62924.5966 9.37171944E+02
     62926.3604 9.39593989E+02
     62928.1243 9.39537450E+02
     62929.8884 9.39434064E+02
     64324.8302 8.61808697E+02
     65974.1848 7.80092157E+02
     67665.8306 7.06102605E+02
     67708.6761 7.04345227E+02
     67710.5735 7.04267139E+02
     67712.4711 7.04117153E+02
     67714.3688 7.00319027E+02
     67716.2665 6.72877077E+02
     67718.1644 6.51308702E+02
     67720.0624 6.44293497E+02
     67721.9605 6.51168559E+02
     67723.8587 6.72586696E+02
     67725.7570 6.99857382E+02
     67727.6554 7.03495960E+02
     67729.5539 7.03490407E+02
     67731.4526 7.03413236E+02
     69400.8519 6.39111350E+02
     71180.3609 5.78458183E+02
     73005.4983 5.23544942E+02
     73121.6576 5.20275477E+02
     74586.3199 4.81418907E+02
     74588.4101 4.81350982E+02
     74590.5004 4.78907916E+02
     74592.5908 4.55208100E+02
     74594.6814 4.31216639E+02
     74596.7720 4.12685745E+02
     74598.8628 4.05689241E+02
     74598.8628 4.05689197E+02
     74600.9537 4.12597105E+02
     74603.0447 4.31030881E+02
     74605.1359 4.54912935E+02
     74607.2271 4.78487834E+02
     74609.3185 4.80821223E+02
     74611.4100 4.80783147E+02
     75012.5274 4.70728128E+02
     75014.6296 4.70673120E+02
     75016.7318 4.70100240E+02
     75018.8342 4.56597088E+02
     75020.9367 4.35331086E+02
     75023.0393 4.20314595E+02
     75025.1420 4.14579271E+02
     75027.2449 4.20224053E+02
     75029.3478 4.35143105E+02
     75031.4509 4.56299765E+02
     75033.5541 4.69685325E+02
     75035.6574 4.70153379E+02
     75037.7609 4.70104418E+02
     75068.5987 4.69343578E+02
     75070.7024 4.69291239E+02
     75072.8062 4.69150610E+02
     75074.9102 4.64907086E+02
     75077.0143 4.45783330E+02
     75079.1184 4.32526584E+02
     75081.2227 4.27710038E+02
     75083.3272 4.32433210E+02
     75085.4317 4.45590475E+02
     75087.5363 4.64601134E+02
     75089.6411 4.68736187E+02
     75091.7460 4.68773017E+02
     75093.8510 4.68721711E+02
     76511.6541 4.35401098E+02
     78473.4914 3.94029256E+02
     80485.6322 3.56577559E+02
     81535.3559 3.38804156E+02
     81537.6408 3.38766667E+02
     81539.9259 3.38725541E+02
     81542.2111 3.38486467E+02
     81544.4964 3.35368196E+02
     81546.7818 3.25895401E+02
     81549.0674 3.21048459E+02
     81551.3531 3.25824502E+02
     81553.6389 3.35220618E+02
     81555.9249 3.38262007E+02
     81558.2110 3.38425976E+02
     81560.4972 3.38392215E+02
     81562.7836 3.38354797E+02
     82549.3664 3.22675585E+02
     84666.0168 2.91987864E+02
     86630.6293 2.66703949E+02
     86633.0570 2.66674402E+02
     86635.4849 2.66638413E+02
     86637.9129 2.66256539E+02
     86640.3410 2.61606012E+02
     86642.7693 2.52785111E+02
     86645.1977 2.49722853E+02
     86647.6262 2.52730237E+02
     86650.0549 2.61491375E+02
     86652.4837 2.66079932E+02
     86654.9127 2.66402439E+02
     86657.3417 2.66379419E+02
     86659.7710 2.66349970E+02
     86836.9403 2.64210501E+02
     87586.1142 2.55397169E+02
     87588.5687 2.55368458E+02
     87591.0233 2.55261450E+02
     87593.4781 2.52001040E+02
     87595.9330 2.41840996E+02
     87598.3881 2.34437971E+02
     87600.8433 2.31622950E+02
     87603.2986 2.34387147E+02
     87605.7540 2.41735929E+02
     87608.2096 2.51835279E+02
     87610.6654 2.55035550E+02
     87613.1213 2.55085933E+02
     87615.5773 2.55058143E+02
     89063.5285 2.39068303E+02
     90273.6514 2.26655961E+02
     92097.3615 2.09498717E+02
     93904.5714 1.94009561E+02
     93907.2029 1.93988016E+02
     93909.8346 1.93956604E+02
     93912.4665 1.93409444E+02
     93915.0985 1.88298797E+02
     93917.7307 1.82518600E+02
     93920.3630 1.80555883E+02
     93922.9954 1.82478903E+02
     93925.6280 1.88216563E+02
     93928.2608 1.93281154E+02
     93930.8937 1.93784773E+02
     93933.5267 1.93773205E+02
     93936.1599 1.93751791E+02
     94458.8323 1.89548159E+02
     96880.8536 1.71492345E+02
     99364.9781 1.55151841E+02
    101912.7980 1.40364175E+02
    104525.9467 1.26982205E+02
    105017.5384 1.24645668E+02
    105020.4814 1.24631774E+02
    105023.4245 1.24605996E+02
    105026.3679 1.23992530E+02
    105029.3114 1.20133135E+02
    105032.2550 1.16669979E+02
    105035.1988 1.15376844E+02
    105038.1428 1.16644542E+02
    105041.0870 1.20080633E+02
    105044.0313 1.23910310E+02
    105046.9758 1.24495462E+02
    105049.9204 1.24493588E+02
    105052.8652 1.24479839E+02
    107206.0992 1.14872683E+02
    109954.9735 1.03914961E+02
    112774.3318 9.40189406E+01
    113068.1993 9.30546187E+01
    113071.3679 9.30440199E+01
    113074.5367 9.29870189E+01
    113077.7056 9.14230588E+01
    113080.8748 8.76635966E+01
    113084.0441 8.46801028E+01
    113087.2136 8.35354347E+01
    113090.3833 8.46616423E+01
    113093.5531 8.76252971E+01
    113096.7231 9.13627927E+01
    113099.8933 9.29044921E+01
    113103.0637 9.29407681E+01
    113106.2343 9.29307147E+01
    115375.7136 8.58964064E+01
    115378.9468 8.58868636E+01
    115382.1803 8.58761844E+01
    115385.4139 8.58041155E+01
    115388.6477 8.48882552E+01
    115391.8817 8.25348618E+01
    115395.1159 8.14869599E+01
    115398.3503 8.25167961E+01
    115401.5848 8.48507648E+01
    115404.8195 8.57469810E+01
    115408.0544 8.57999183E+01
    115411.2895 8.57915287E+01
    115414.5248 8.57820059E+01
    115665.9813 8.50454085E+01
    118631.7757 7.69261288E+01
    121673.6161 6.95800564E+01
    123698.5428 6.51720502E+01
    123702.0093 6.51640784E+01
    123705.4760 6.50350039E+01
    123708.9429 6.29567312E+01
    123712.4100 5.97892738E+01
    123715.8773 5.72757662E+01
    123719.3448 5.63331897E+01
    123722.8125 5.72632813E+01
    123726.2803 5.97631498E+01
    123729.7484 6.29153163E+01
    123733.2166 6.49772923E+01
    123736.6851 6.50916930E+01
    123740.1537 6.50851848E+01
    123851.0930 6.48542990E+01
    123854.5638 6.48470300E+01
    123858.0348 6.48291307E+01
    123861.5060 6.43355035E+01
    123864.9773 6.21728080E+01
    123868.4489 6.02934087E+01
    123871.9207 5.95693835E+01
    123875.3926 6.02802243E+01
    123878.8647 6.21455611E+01
    123882.3371 6.42928401E+01
    123885.8096 6.47715184E+01
    123889.2823 6.47749944E+01
    123892.7553 6.47678574E+01
    124793.4524 6.29337622E+01
    125849.8218 6.08645465E+01
    125853.3486 6.08577724E+01
    125856.8756 6.08492807E+01
    125860.4028 6.07494095E+01
    125863.9302 5.96450002E+01
    125867.4578 5.78854859E+01
    125870.9856 5.72443646E+01
    125874.5135 5.78728093E+01
    125878.0417 5.96187359E+01
    125881.5701 6.07089420E+01
    125885.0987 6.07951912E+01
    125888.6274 6.07901571E+01
    125892.1564 6.07834090E+01
    127993.2846 5.69207655E+01
    129994.0580 5.35236152E+01
    132620.2005 4.94464677E+01
    136020.7185 4.47192186E+01
    139508.4292 4.04428387E+01
    141807.2407 3.79014687E+01
    141811.2147 3.78972385E+01
    141815.1889 3.78908989E+01
    141819.1633 3.77763016E+01
    141823.1379 3.68454043E+01
    141827.1128 3.57921152E+01
    141831.0879 3.53915068E+01
    141835.0632 3.57842627E+01
    141839.0388 3.68291921E+01
    141843.0145 3.77511303E+01
    141846.9905 3.78571752E+01
    141850.9667 3.78550799E+01
    141854.9432 3.78508779E+01
    143085.5684 3.65744382E+01
    146754.4291 3.30751936E+01
    150517.3632 2.99099673E+01
    152562.4708 2.83481199E+01
    155644.5409 2.61841210E+01
    159635.4265 2.36769759E+01
    162064.1025 2.22972713E+01
    162068.6441 2.22947506E+01
    162073.1860 2.22859584E+01
    162077.7282 2.20371439E+01
    162082.2706 2.12084657E+01
    162086.8133 2.04847279E+01
    162091.3562 2.02056009E+01
    162095.8994 2.04802314E+01
    162100.4429 2.11991364E+01
    162104.9865 2.20225101E+01
    162109.5305 2.22661008E+01
    162114.0747 2.22699162E+01
    162118.6192 2.22674700E+01
    163728.6426 2.14093578E+01
    164089.9037 2.12225157E+01
    164094.5022 2.12201484E+01
    164099.1009 2.12174190E+01
    164103.6998 2.11952067E+01
    164108.2990 2.09253858E+01
    164112.8985 2.03457017E+01
    164117.4982 2.01065641E+01
    164122.0982 2.03412247E+01
    164126.6984 2.09161168E+01
    164131.2989 2.11810433E+01
    164135.8996 2.11985074E+01
    164140.5006 2.11965080E+01
    164145.1019 2.11941473E+01
    167926.8129 1.93584381E+01
    168778.1867 1.89728909E+01
    168782.9165 1.89707651E+01
    168787.6466 1.89667225E+01
    168792.3769 1.88710228E+01
    168797.1075 1.83210153E+01
    168801.8384 1.77674107E+01
    168806.5696 1.75518934E+01
    168811.3010 1.77635044E+01
    168816.0326 1.83129410E+01
    168820.7646 1.88584440E+01
    168825.4968 1.89498133E+01
    168830.2292 1.89496249E+01
    168834.9620 1.89475228E+01
    172232.6287 1.75035594E+01
    176648.8499 1.58260274E+01
    176936.3567 1.57239291E+01
    180510.8285 1.45215438E+01
    185139.3113 1.31292355E+01
    186120.4927 1.28558086E+01
    186125.7085 1.28543715E+01
    186130.9246 1.28524800E+01
    186136.1410 1.28267175E+01
    186141.3577 1.25729158E+01
    186146.5746 1.22119511E+01
    186151.7919 1.20721523E+01
    186157.0095 1.22092607E+01
    186162.2273 1.25673558E+01
    186167.4455 1.28181416E+01
    186172.6639 1.28410109E+01
    186177.8827 1.28400342E+01
    186183.1017 1.28386037E+01
    189886.4731 1.18701405E+01
    190587.3845 1.16972380E+01
    190592.7255 1.16958659E+01
    190598.0668 1.16831748E+01
    190603.4084 1.14083994E+01
    190608.7502 1.08465722E+01
    190614.0924 1.03886402E+01
    190619.4349 1.02193063E+01
    190624.7777 1.03863586E+01
    190630.1208 1.08417984E+01
    190635.4642 1.14008361E+01
    190640.8079 1.16727542E+01
    190646.1518 1.16828179E+01
    190651.4961 1.16815802E+01
    194755.3570 1.07315428E+01
    199749.0841 9.70193711E+00
    203115.7156 9.07685679E+00
    203115.7156 9.07685679E+00
    207219.0633 8.38176243E+00
    207219.0633 8.38176243E+00
    217334.6796 6.93138397E+00
    223278.5325 6.22433137E+00
    223284.7896 6.22363334E+00
    223291.0471 6.22250926E+00
    223297.3049 6.20009653E+00
    223303.5631 6.03981312E+00
    223309.8216 5.85602743E+00
    223316.0805 5.78384237E+00
    223322.3397 5.85473526E+00
    223328.5993 6.03714088E+00
    223334.8592 6.19594880E+00
    223341.1195 6.21694769E+00
    223347.3801 6.21668051E+00
    223353.6411 6.21598801E+00
    223367.3815 6.21446318E+00
    223373.6411 6.21376206E+00
    223379.9010 6.21191291E+00
    223386.1614 6.16125356E+00
    223392.4220 5.94492212E+00
    223398.6830 5.73999337E+00
    223404.9444 5.66049288E+00
    223411.2061 5.73872806E+00
    223417.4682 5.94229568E+00
    223423.7306 6.15714246E+00
    223429.9934 6.20636127E+00
    223436.2565 6.20682029E+00
    223442.5200 6.20613302E+00
    228488.5903 5.67724320E+00
    238640.3648 4.77338076E+00
    238647.0524 4.77284637E+00
    238653.7404 4.77219974E+00
    238660.4288 4.76556456E+00
    238667.1175 4.69067299E+00
    238673.8067 4.55570008E+00
    238680.4961 4.50138209E+00
    238687.1860 4.55469347E+00
    238693.8763 4.68859016E+00
    238700.5669 4.76237000E+00
    238707.2579 4.76793188E+00
    238713.9492 4.76751140E+00
    238720.6410 4.76697878E+00
    240849.3033 4.60106274E+00
    254623.8759 3.68508203E+00
    270069.6062 2.91283733E+00
    277987.6016 2.59527245E+00
    277995.3919 2.59497257E+00
    278003.1826 2.59307250E+00
    278010.9738 2.54455081E+00
    278018.7654 2.42083898E+00
    278026.5574 2.31725591E+00
    278034.3499 2.27974341E+00
    278042.1428 2.31674479E+00
    278049.9361 2.41976908E+00
    278057.7299 2.54285563E+00
    278065.5241 2.59075163E+00
    278073.3187 2.59206842E+00
    278081.1138 2.59178744E+00
    287510.2561 2.26847247E+00
    288263.4190 2.24487904E+00
    288271.4973 2.24462702E+00
    288279.5760 2.24426554E+00
    288287.6551 2.23826703E+00
    288295.7347 2.18671883E+00
    288303.8148 2.11930320E+00
    288311.8953 2.09262832E+00
    288319.9763 2.11883440E+00
    288328.0577 2.18574846E+00
    288336.1396 2.23676558E+00
    288344.2219 2.24225548E+00
    288352.3047 2.24211424E+00
    288360.3879 2.24186370E+00
    298345.2795 1.95670458E+00
    298353.6403 1.95648390E+00
    298362.0016 1.95600224E+00
    298370.3633 1.94362214E+00
    298378.7255 1.87925652E+00
    298387.0881 1.81361343E+00
    298395.4512 1.78800002E+00
    298403.8148 1.81321253E+00
    298412.1789 1.87842382E+00
    298420.5434 1.94232079E+00
    298428.9084 1.95425001E+00
    298437.2739 1.95429313E+00
    298445.6398 1.95407565E+00
    307358.9932 1.73718604E+00
    330151.5405 1.30496875E+00
    356595.2576 9.58742422E-01
    387643.8622 6.86340173E-01
    424614.9104 4.76486694E-01
    469381.5923 3.18827100E-01
    524700.1509 2.03925849E-01
    594799.7580 1.23273121E-01
    686518.1466 6.92907368E-02
    811679.4863 3.53386413E-02
    992653.3174 1.57205492E-02
   1277483.9231 5.68967239E-03
   1791548.4107 1.45410227E-03
   2997925.1058 1.81552592E-04
