 RELATIVE CHANGES OF VECTOR PSI
  ITER  ID    TEMP        NE       POP     RAD      MAXIMUM   ilev   ifr

    1   70  9.25E-02  0.00E+00  0.00E+00  0.00E+00  9.25E-02    0    0
    1   69  9.11E-02  0.00E+00  0.00E+00  0.00E+00  9.11E-02    0    0
    1   68  8.98E-02  0.00E+00  0.00E+00  0.00E+00  8.98E-02    0    0
    1   67  8.84E-02  0.00E+00  0.00E+00  0.00E+00  8.84E-02    0    0
    1   66  8.69E-02  0.00E+00  0.00E+00  0.00E+00  8.69E-02    0    0
    1   65  8.53E-02  0.00E+00  0.00E+00  0.00E+00  8.53E-02    0    0
    1   64  8.39E-02  0.00E+00  0.00E+00  0.00E+00  8.39E-02    0    0
    1   63  8.28E-02  0.00E+00  0.00E+00  0.00E+00  8.28E-02    0    0
    1   62  8.23E-02  0.00E+00  0.00E+00  0.00E+00  8.23E-02    0    0
    1   61  8.26E-02  0.00E+00  0.00E+00  0.00E+00  8.26E-02    0    0
    1   60  8.40E-02  0.00E+00  0.00E+00  0.00E+00  8.40E-02    0    0
    1   59  8.62E-02  0.00E+00  0.00E+00  0.00E+00  8.62E-02    0    0
    1   58  8.94E-02  0.00E+00  0.00E+00  0.00E+00  8.94E-02    0    0
    1   57  9.35E-02  0.00E+00  0.00E+00  0.00E+00  9.35E-02    0    0
    1   56  9.87E-02  0.00E+00  0.00E+00  0.00E+00  9.87E-02    0    0
    1   55  1.05E-01  0.00E+00  0.00E+00  0.00E+00  1.05E-01    0    0
    1   54  1.13E-01  0.00E+00  0.00E+00  0.00E+00  1.13E-01    0    0
    1   53  1.22E-01  0.00E+00  0.00E+00  0.00E+00  1.22E-01    0    0
    1   52  1.28E-01  0.00E+00  0.00E+00  0.00E+00  1.28E-01    0    0
    1   51  1.18E-01  0.00E+00  0.00E+00  0.00E+00  1.18E-01    0    0
    1   50  7.24E-02  0.00E+00  0.00E+00  0.00E+00  7.24E-02    0    0
    1   49  2.93E-02  0.00E+00  0.00E+00  0.00E+00  2.93E-02    0    0
    1   48  8.50E-03  0.00E+00  0.00E+00  0.00E+00  8.50E-03    0    0
    1   47  2.38E-03  0.00E+00  0.00E+00  0.00E+00  2.38E-03    0    0
    1   46 -1.97E-03  0.00E+00  0.00E+00  0.00E+00 -1.97E-03    0    0
    1   45 -5.54E-03  0.00E+00  0.00E+00  0.00E+00 -5.54E-03    0    0
    1   44 -8.36E-03  0.00E+00  0.00E+00  0.00E+00 -8.36E-03    0    0
    1   43 -1.07E-02  0.00E+00  0.00E+00  0.00E+00 -1.07E-02    0    0
    1   42 -1.27E-02  0.00E+00  0.00E+00  0.00E+00 -1.27E-02    0    0
    1   41 -1.44E-02  0.00E+00  0.00E+00  0.00E+00 -1.44E-02    0    0
    1   40 -1.58E-02  0.00E+00  0.00E+00  0.00E+00 -1.58E-02    0    0
    1   39 -1.72E-02  0.00E+00  0.00E+00  0.00E+00 -1.72E-02    0    0
    1   38 -1.84E-02  0.00E+00  0.00E+00  0.00E+00 -1.84E-02    0    0
    1   37 -1.96E-02  0.00E+00  0.00E+00  0.00E+00 -1.96E-02    0    0
    1   36 -2.07E-02  0.00E+00  0.00E+00  0.00E+00 -2.07E-02    0    0
    1   35 -2.19E-02  0.00E+00  0.00E+00  0.00E+00 -2.19E-02    0    0
    1   34 -2.30E-02  0.00E+00  0.00E+00  0.00E+00 -2.30E-02    0    0
    1   33 -2.42E-02  0.00E+00  0.00E+00  0.00E+00 -2.42E-02    0    0
    1   32 -2.55E-02  0.00E+00  0.00E+00  0.00E+00 -2.55E-02    0    0
    1   31 -2.67E-02  0.00E+00  0.00E+00  0.00E+00 -2.67E-02    0    0
    1   30 -2.80E-02  0.00E+00  0.00E+00  0.00E+00 -2.80E-02    0    0
    1   29 -2.92E-02  0.00E+00  0.00E+00  0.00E+00 -2.92E-02    0    0
    1   28 -3.05E-02  0.00E+00  0.00E+00  0.00E+00 -3.05E-02    0    0
    1   27 -3.19E-02  0.00E+00  0.00E+00  0.00E+00 -3.19E-02    0    0
    1   26 -3.34E-02  0.00E+00  0.00E+00  0.00E+00 -3.34E-02    0    0
    1   25 -3.48E-02  0.00E+00  0.00E+00  0.00E+00 -3.48E-02    0    0
    1   24 -3.64E-02  0.00E+00  0.00E+00  0.00E+00 -3.64E-02    0    0
    1   23 -3.81E-02  0.00E+00  0.00E+00  0.00E+00 -3.81E-02    0    0
    1   22 -3.98E-02  0.00E+00  0.00E+00  0.00E+00 -3.98E-02    0    0
    1   21 -4.17E-02  0.00E+00  0.00E+00  0.00E+00 -4.17E-02    0    0
    1   20 -4.37E-02  0.00E+00  0.00E+00  0.00E+00 -4.37E-02    0    0
    1   19 -4.60E-02  0.00E+00  0.00E+00  0.00E+00 -4.60E-02    0    0
    1   18 -4.88E-02  0.00E+00  0.00E+00  0.00E+00 -4.88E-02    0    0
    1   17 -5.23E-02  0.00E+00  0.00E+00  0.00E+00 -5.23E-02    0    0
    1   16 -5.55E-02  0.00E+00  0.00E+00  0.00E+00 -5.55E-02    0    0
    1   15 -5.84E-02  0.00E+00  0.00E+00  0.00E+00 -5.84E-02    0    0
    1   14 -6.11E-02  0.00E+00  0.00E+00  0.00E+00 -6.11E-02    0    0
    1   13 -6.32E-02  0.00E+00  0.00E+00  0.00E+00 -6.32E-02    0    0
    1   12 -6.49E-02  0.00E+00  0.00E+00  0.00E+00 -6.49E-02    0    0
    1   11 -6.63E-02  0.00E+00  0.00E+00  0.00E+00 -6.63E-02    0    0
    1   10 -6.80E-02  0.00E+00  0.00E+00  0.00E+00 -6.80E-02    0    0
    1    9 -7.01E-02  0.00E+00  0.00E+00  0.00E+00 -7.01E-02    0    0
    1    8 -7.27E-02  0.00E+00  0.00E+00  0.00E+00 -7.27E-02    0    0
    1    7 -7.67E-02  0.00E+00  0.00E+00  0.00E+00 -7.67E-02    0    0
    1    6 -8.24E-02  0.00E+00  0.00E+00  0.00E+00 -8.24E-02    0    0
    1    5 -8.98E-02  0.00E+00  0.00E+00  0.00E+00 -8.98E-02    0    0
    1    4 -9.78E-02  0.00E+00  0.00E+00  0.00E+00 -9.78E-02    0    0
    1    3 -1.06E-01  0.00E+00  0.00E+00  0.00E+00 -1.06E-01    0    0
    1    2 -1.12E-01  0.00E+00  0.00E+00  0.00E+00 -1.12E-01    0    0
    1    1 -8.77E-02  0.00E+00  0.00E+00  0.00E+00 -8.77E-02    0    0
    2   70 -3.80E-02  0.00E+00  0.00E+00  0.00E+00 -3.80E-02    0    0
    2   69 -3.80E-02  0.00E+00  0.00E+00  0.00E+00 -3.80E-02    0    0
    2   68 -3.87E-02  0.00E+00  0.00E+00  0.00E+00 -3.87E-02    0    0
    2   67 -3.91E-02  0.00E+00  0.00E+00  0.00E+00 -3.91E-02    0    0
    2   66 -3.94E-02  0.00E+00  0.00E+00  0.00E+00 -3.94E-02    0    0
    2   65 -4.00E-02  0.00E+00  0.00E+00  0.00E+00 -4.00E-02    0    0
    2   64 -4.00E-02  0.00E+00  0.00E+00  0.00E+00 -4.00E-02    0    0
    2   63 -4.00E-02  0.00E+00  0.00E+00  0.00E+00 -4.00E-02    0    0
    2   62 -4.00E-02  0.00E+00  0.00E+00  0.00E+00 -4.00E-02    0    0
    2   61 -4.00E-02  0.00E+00  0.00E+00  0.00E+00 -4.00E-02    0    0
    2   60 -4.02E-02  0.00E+00  0.00E+00  0.00E+00 -4.02E-02    0    0
    2   59 -4.04E-02  0.00E+00  0.00E+00  0.00E+00 -4.04E-02    0    0
    2   58 -4.06E-02  0.00E+00  0.00E+00  0.00E+00 -4.06E-02    0    0
    2   57 -4.07E-02  0.00E+00  0.00E+00  0.00E+00 -4.07E-02    0    0
    2   56 -4.06E-02  0.00E+00  0.00E+00  0.00E+00 -4.06E-02    0    0
    2   55 -4.03E-02  0.00E+00  0.00E+00  0.00E+00 -4.03E-02    0    0
    2   54 -3.93E-02  0.00E+00  0.00E+00  0.00E+00 -3.93E-02    0    0
    2   53 -3.73E-02  0.00E+00  0.00E+00  0.00E+00 -3.73E-02    0    0
    2   52 -3.28E-02  0.00E+00  0.00E+00  0.00E+00 -3.28E-02    0    0
    2   51 -2.12E-02  0.00E+00  0.00E+00  0.00E+00 -2.12E-02    0    0
    2   50 -1.55E-04  0.00E+00  0.00E+00  0.00E+00 -1.55E-04    0    0
    2   49  8.95E-03  0.00E+00  0.00E+00  0.00E+00  8.95E-03    0    0
    2   48 -1.23E-03  0.00E+00  0.00E+00  0.00E+00 -1.23E-03    0    0
    2   47 -1.22E-02  0.00E+00  0.00E+00  0.00E+00 -1.22E-02    0    0
    2   46 -1.17E-02  0.00E+00  0.00E+00  0.00E+00 -1.17E-02    0    0
    2   45 -1.18E-02  0.00E+00  0.00E+00  0.00E+00 -1.18E-02    0    0
    2   44 -1.21E-02  0.00E+00  0.00E+00  0.00E+00 -1.21E-02    0    0
    2   43 -1.25E-02  0.00E+00  0.00E+00  0.00E+00 -1.25E-02    0    0
    2   42 -1.29E-02  0.00E+00  0.00E+00  0.00E+00 -1.29E-02    0    0
    2   41 -1.34E-02  0.00E+00  0.00E+00  0.00E+00 -1.34E-02    0    0
    2   40 -1.40E-02  0.00E+00  0.00E+00  0.00E+00 -1.40E-02    0    0
    2   39 -1.47E-02  0.00E+00  0.00E+00  0.00E+00 -1.47E-02    0    0
    2   38 -1.55E-02  0.00E+00  0.00E+00  0.00E+00 -1.55E-02    0    0
    2   37 -1.64E-02  0.00E+00  0.00E+00  0.00E+00 -1.64E-02    0    0
    2   36 -1.75E-02  0.00E+00  0.00E+00  0.00E+00 -1.75E-02    0    0
    2   35 -1.87E-02  0.00E+00  0.00E+00  0.00E+00 -1.87E-02    0    0
    2   34 -2.00E-02  0.00E+00  0.00E+00  0.00E+00 -2.00E-02    0    0
    2   33 -2.13E-02  0.00E+00  0.00E+00  0.00E+00 -2.13E-02    0    0
    2   32 -2.28E-02  0.00E+00  0.00E+00  0.00E+00 -2.28E-02    0    0
    2   31 -2.43E-02  0.00E+00  0.00E+00  0.00E+00 -2.43E-02    0    0
    2   30 -2.59E-02  0.00E+00  0.00E+00  0.00E+00 -2.59E-02    0    0
    2   29 -2.76E-02  0.00E+00  0.00E+00  0.00E+00 -2.76E-02    0    0
    2   28 -2.95E-02  0.00E+00  0.00E+00  0.00E+00 -2.95E-02    0    0
    2   27 -3.14E-02  0.00E+00  0.00E+00  0.00E+00 -3.14E-02    0    0
    2   26 -3.34E-02  0.00E+00  0.00E+00  0.00E+00 -3.34E-02    0    0
    2   25 -3.53E-02  0.00E+00  0.00E+00  0.00E+00 -3.53E-02    0    0
    2   24 -3.72E-02  0.00E+00  0.00E+00  0.00E+00 -3.72E-02    0    0
    2   23 -3.92E-02  0.00E+00  0.00E+00  0.00E+00 -3.92E-02    0    0
    2   22 -4.15E-02  0.00E+00  0.00E+00  0.00E+00 -4.15E-02    0    0
    2   21 -4.40E-02  0.00E+00  0.00E+00  0.00E+00 -4.40E-02    0    0
    2   20 -4.66E-02  0.00E+00  0.00E+00  0.00E+00 -4.66E-02    0    0
    2   19 -4.97E-02  0.00E+00  0.00E+00  0.00E+00 -4.97E-02    0    0
    2   18 -5.30E-02  0.00E+00  0.00E+00  0.00E+00 -5.30E-02    0    0
    2   17 -5.54E-02  0.00E+00  0.00E+00  0.00E+00 -5.54E-02    0    0
    2   16 -5.61E-02  0.00E+00  0.00E+00  0.00E+00 -5.61E-02    0    0
    2   15 -5.57E-02  0.00E+00  0.00E+00  0.00E+00 -5.57E-02    0    0
    2   14 -5.48E-02  0.00E+00  0.00E+00  0.00E+00 -5.48E-02    0    0
    2   13 -5.38E-02  0.00E+00  0.00E+00  0.00E+00 -5.38E-02    0    0
    2   12 -5.28E-02  0.00E+00  0.00E+00  0.00E+00 -5.28E-02    0    0
    2   11 -5.22E-02  0.00E+00  0.00E+00  0.00E+00 -5.22E-02    0    0
    2   10 -5.20E-02  0.00E+00  0.00E+00  0.00E+00 -5.20E-02    0    0
    2    9 -5.20E-02  0.00E+00  0.00E+00  0.00E+00 -5.20E-02    0    0
    2    8 -5.20E-02  0.00E+00  0.00E+00  0.00E+00 -5.20E-02    0    0
    2    7 -5.19E-02  0.00E+00  0.00E+00  0.00E+00 -5.19E-02    0    0
    2    6 -5.19E-02  0.00E+00  0.00E+00  0.00E+00 -5.19E-02    0    0
    2    5 -5.18E-02  0.00E+00  0.00E+00  0.00E+00 -5.18E-02    0    0
    2    4 -5.18E-02  0.00E+00  0.00E+00  0.00E+00 -5.18E-02    0    0
    2    3 -5.19E-02  0.00E+00  0.00E+00  0.00E+00 -5.19E-02    0    0
    2    2 -5.31E-02  0.00E+00  0.00E+00  0.00E+00 -5.31E-02    0    0
    2    1 -7.15E-02  0.00E+00  0.00E+00  0.00E+00 -7.15E-02    0    0
    3   70  6.05E-03  0.00E+00  0.00E+00  0.00E+00  6.05E-03    0    0
    3   69  6.51E-03  0.00E+00  0.00E+00  0.00E+00  6.51E-03    0    0
    3   68  6.92E-03  0.00E+00  0.00E+00  0.00E+00  6.92E-03    0    0
    3   67  6.55E-03  0.00E+00  0.00E+00  0.00E+00  6.55E-03    0    0
    3   66  6.78E-03  0.00E+00  0.00E+00  0.00E+00  6.78E-03    0    0
    3   65  7.44E-03  0.00E+00  0.00E+00  0.00E+00  7.44E-03    0    0
    3   64  7.46E-03  0.00E+00  0.00E+00  0.00E+00  7.46E-03    0    0
    3   63  7.40E-03  0.00E+00  0.00E+00  0.00E+00  7.40E-03    0    0
    3   62  7.28E-03  0.00E+00  0.00E+00  0.00E+00  7.28E-03    0    0
    3   61  7.09E-03  0.00E+00  0.00E+00  0.00E+00  7.09E-03    0    0
    3   60  6.82E-03  0.00E+00  0.00E+00  0.00E+00  6.82E-03    0    0
    3   59  6.47E-03  0.00E+00  0.00E+00  0.00E+00  6.47E-03    0    0
    3   58  6.04E-03  0.00E+00  0.00E+00  0.00E+00  6.04E-03    0    0
    3   57  5.52E-03  0.00E+00  0.00E+00  0.00E+00  5.52E-03    0    0
    3   56  4.93E-03  0.00E+00  0.00E+00  0.00E+00  4.93E-03    0    0
    3   55  4.27E-03  0.00E+00  0.00E+00  0.00E+00  4.27E-03    0    0
    3   54  3.62E-03  0.00E+00  0.00E+00  0.00E+00  3.62E-03    0    0
    3   53  3.16E-03  0.00E+00  0.00E+00  0.00E+00  3.16E-03    0    0
    3   52  3.50E-03  0.00E+00  0.00E+00  0.00E+00  3.50E-03    0    0
    3   51  7.28E-03  0.00E+00  0.00E+00  0.00E+00  7.28E-03    0    0
    3   50  1.46E-02  0.00E+00  0.00E+00  0.00E+00  1.46E-02    0    0
    3   49  1.25E-02  0.00E+00  0.00E+00  0.00E+00  1.25E-02    0    0
    3   48  9.12E-03  0.00E+00  0.00E+00  0.00E+00  9.12E-03    0    0
    3   47  2.99E-03  0.00E+00  0.00E+00  0.00E+00  2.99E-03    0    0
    3   46 -1.14E-03  0.00E+00  0.00E+00  0.00E+00 -1.14E-03    0    0
    3   45 -1.98E-03  0.00E+00  0.00E+00  0.00E+00 -1.98E-03    0    0
    3   44 -2.44E-03  0.00E+00  0.00E+00  0.00E+00 -2.44E-03    0    0
    3   43 -2.73E-03  0.00E+00  0.00E+00  0.00E+00 -2.73E-03    0    0
    3   42 -2.93E-03  0.00E+00  0.00E+00  0.00E+00 -2.93E-03    0    0
    3   41 -3.13E-03  0.00E+00  0.00E+00  0.00E+00 -3.13E-03    0    0
    3   40 -3.38E-03  0.00E+00  0.00E+00  0.00E+00 -3.38E-03    0    0
    3   39 -3.71E-03  0.00E+00  0.00E+00  0.00E+00 -3.71E-03    0    0
    3   38 -4.15E-03  0.00E+00  0.00E+00  0.00E+00 -4.15E-03    0    0
    3   37 -4.72E-03  0.00E+00  0.00E+00  0.00E+00 -4.72E-03    0    0
    3   36 -5.48E-03  0.00E+00  0.00E+00  0.00E+00 -5.48E-03    0    0
    3   35 -6.42E-03  0.00E+00  0.00E+00  0.00E+00 -6.42E-03    0    0
    3   34 -7.52E-03  0.00E+00  0.00E+00  0.00E+00 -7.52E-03    0    0
    3   33 -8.76E-03  0.00E+00  0.00E+00  0.00E+00 -8.76E-03    0    0
    3   32 -1.02E-02  0.00E+00  0.00E+00  0.00E+00 -1.02E-02    0    0
    3   31 -1.20E-02  0.00E+00  0.00E+00  0.00E+00 -1.20E-02    0    0
    3   30 -1.41E-02  0.00E+00  0.00E+00  0.00E+00 -1.41E-02    0    0
    3   29 -1.64E-02  0.00E+00  0.00E+00  0.00E+00 -1.64E-02    0    0
    3   28 -1.89E-02  0.00E+00  0.00E+00  0.00E+00 -1.89E-02    0    0
    3   27 -2.14E-02  0.00E+00  0.00E+00  0.00E+00 -2.14E-02    0    0
    3   26 -2.40E-02  0.00E+00  0.00E+00  0.00E+00 -2.40E-02    0    0
    3   25 -2.66E-02  0.00E+00  0.00E+00  0.00E+00 -2.66E-02    0    0
    3   24 -2.96E-02  0.00E+00  0.00E+00  0.00E+00 -2.96E-02    0    0
    3   23 -3.30E-02  0.00E+00  0.00E+00  0.00E+00 -3.30E-02    0    0
    3   22 -3.68E-02  0.00E+00  0.00E+00  0.00E+00 -3.68E-02    0    0
    3   21 -4.05E-02  0.00E+00  0.00E+00  0.00E+00 -4.05E-02    0    0
    3   20 -4.37E-02  0.00E+00  0.00E+00  0.00E+00 -4.37E-02    0    0
    3   19 -4.58E-02  0.00E+00  0.00E+00  0.00E+00 -4.58E-02    0    0
    3   18 -4.66E-02  0.00E+00  0.00E+00  0.00E+00 -4.66E-02    0    0
    3   17 -4.62E-02  0.00E+00  0.00E+00  0.00E+00 -4.62E-02    0    0
    3   16 -4.50E-02  0.00E+00  0.00E+00  0.00E+00 -4.50E-02    0    0
    3   15 -4.38E-02  0.00E+00  0.00E+00  0.00E+00 -4.38E-02    0    0
    3   14 -4.29E-02  0.00E+00  0.00E+00  0.00E+00 -4.29E-02    0    0
    3   13 -4.23E-02  0.00E+00  0.00E+00  0.00E+00 -4.23E-02    0    0
    3   12 -4.19E-02  0.00E+00  0.00E+00  0.00E+00 -4.19E-02    0    0
    3   11 -4.17E-02  0.00E+00  0.00E+00  0.00E+00 -4.17E-02    0    0
    3   10 -4.18E-02  0.00E+00  0.00E+00  0.00E+00 -4.18E-02    0    0
    3    9 -4.19E-02  0.00E+00  0.00E+00  0.00E+00 -4.19E-02    0    0
    3    8 -4.17E-02  0.00E+00  0.00E+00  0.00E+00 -4.17E-02    0    0
    3    7 -4.14E-02  0.00E+00  0.00E+00  0.00E+00 -4.14E-02    0    0
    3    6 -4.10E-02  0.00E+00  0.00E+00  0.00E+00 -4.10E-02    0    0
    3    5 -4.04E-02  0.00E+00  0.00E+00  0.00E+00 -4.04E-02    0    0
    3    4 -3.99E-02  0.00E+00  0.00E+00  0.00E+00 -3.99E-02    0    0
    3    3 -3.95E-02  0.00E+00  0.00E+00  0.00E+00 -3.95E-02    0    0
    3    2 -3.98E-02  0.00E+00  0.00E+00  0.00E+00 -3.98E-02    0    0
    3    1 -5.24E-02  0.00E+00  0.00E+00  0.00E+00 -5.24E-02    0    0
    4   70 -1.85E-03  0.00E+00  0.00E+00  0.00E+00 -1.85E-03    0    0
    4   69 -1.91E-03  0.00E+00  0.00E+00  0.00E+00 -1.91E-03    0    0
    4   68 -1.96E-03  0.00E+00  0.00E+00  0.00E+00 -1.96E-03    0    0
    4   67 -2.05E-03  0.00E+00  0.00E+00  0.00E+00 -2.05E-03    0    0
    4   66 -2.06E-03  0.00E+00  0.00E+00  0.00E+00 -2.06E-03    0    0
    4   65 -2.08E-03  0.00E+00  0.00E+00  0.00E+00 -2.08E-03    0    0
    4   64 -2.09E-03  0.00E+00  0.00E+00  0.00E+00 -2.09E-03    0    0
    4   63 -2.10E-03  0.00E+00  0.00E+00  0.00E+00 -2.10E-03    0    0
    4   62 -2.09E-03  0.00E+00  0.00E+00  0.00E+00 -2.09E-03    0    0
    4   61 -2.07E-03  0.00E+00  0.00E+00  0.00E+00 -2.07E-03    0    0
    4   60 -2.04E-03  0.00E+00  0.00E+00  0.00E+00 -2.04E-03    0    0
    4   59 -1.99E-03  0.00E+00  0.00E+00  0.00E+00 -1.99E-03    0    0
    4   58 -1.94E-03  0.00E+00  0.00E+00  0.00E+00 -1.94E-03    0    0
    4   57 -1.87E-03  0.00E+00  0.00E+00  0.00E+00 -1.87E-03    0    0
    4   56 -1.79E-03  0.00E+00  0.00E+00  0.00E+00 -1.79E-03    0    0
    4   55 -1.70E-03  0.00E+00  0.00E+00  0.00E+00 -1.70E-03    0    0
    4   54 -1.62E-03  0.00E+00  0.00E+00  0.00E+00 -1.62E-03    0    0
    4   53 -1.54E-03  0.00E+00  0.00E+00  0.00E+00 -1.54E-03    0    0
    4   52 -1.43E-03  0.00E+00  0.00E+00  0.00E+00 -1.43E-03    0    0
    4   51 -8.72E-04  0.00E+00  0.00E+00  0.00E+00 -8.72E-04    0    0
    4   50  8.50E-04  0.00E+00  0.00E+00  0.00E+00  8.50E-04    0    0
    4   49  1.83E-03  0.00E+00  0.00E+00  0.00E+00  1.83E-03    0    0
    4   48  7.87E-04  0.00E+00  0.00E+00  0.00E+00  7.87E-04    0    0
    4   47  1.44E-03  0.00E+00  0.00E+00  0.00E+00  1.44E-03    0    0
    4   46 -5.01E-04  0.00E+00  0.00E+00  0.00E+00 -5.01E-04    0    0
    4   45 -7.10E-04  0.00E+00  0.00E+00  0.00E+00 -7.10E-04    0    0
    4   44 -8.19E-04  0.00E+00  0.00E+00  0.00E+00 -8.19E-04    0    0
    4   43 -8.51E-04  0.00E+00  0.00E+00  0.00E+00 -8.51E-04    0    0
    4   42 -8.51E-04  0.00E+00  0.00E+00  0.00E+00 -8.51E-04    0    0
    4   41 -8.47E-04  0.00E+00  0.00E+00  0.00E+00 -8.47E-04    0    0
    4   40 -8.60E-04  0.00E+00  0.00E+00  0.00E+00 -8.60E-04    0    0
    4   39 -9.03E-04  0.00E+00  0.00E+00  0.00E+00 -9.03E-04    0    0
    4   38 -9.86E-04  0.00E+00  0.00E+00  0.00E+00 -9.86E-04    0    0
    4   37 -1.13E-03  0.00E+00  0.00E+00  0.00E+00 -1.13E-03    0    0
    4   36 -1.36E-03  0.00E+00  0.00E+00  0.00E+00 -1.36E-03    0    0
    4   35 -1.69E-03  0.00E+00  0.00E+00  0.00E+00 -1.69E-03    0    0
    4   34 -2.14E-03  0.00E+00  0.00E+00  0.00E+00 -2.14E-03    0    0
    4   33 -2.75E-03  0.00E+00  0.00E+00  0.00E+00 -2.75E-03    0    0
    4   32 -3.62E-03  0.00E+00  0.00E+00  0.00E+00 -3.62E-03    0    0
    4   31 -4.83E-03  0.00E+00  0.00E+00  0.00E+00 -4.83E-03    0    0
    4   30 -6.40E-03  0.00E+00  0.00E+00  0.00E+00 -6.40E-03    0    0
    4   29 -8.30E-03  0.00E+00  0.00E+00  0.00E+00 -8.30E-03    0    0
    4   28 -1.04E-02  0.00E+00  0.00E+00  0.00E+00 -1.04E-02    0    0
    4   27 -1.28E-02  0.00E+00  0.00E+00  0.00E+00 -1.28E-02    0    0
    4   26 -1.57E-02  0.00E+00  0.00E+00  0.00E+00 -1.57E-02    0    0
    4   25 -1.92E-02  0.00E+00  0.00E+00  0.00E+00 -1.92E-02    0    0
    4   24 -2.36E-02  0.00E+00  0.00E+00  0.00E+00 -2.36E-02    0    0
    4   23 -2.83E-02  0.00E+00  0.00E+00  0.00E+00 -2.83E-02    0    0
    4   22 -3.24E-02  0.00E+00  0.00E+00  0.00E+00 -3.24E-02    0    0
    4   21 -3.47E-02  0.00E+00  0.00E+00  0.00E+00 -3.47E-02    0    0
    4   20 -3.56E-02  0.00E+00  0.00E+00  0.00E+00 -3.56E-02    0    0
    4   19 -3.55E-02  0.00E+00  0.00E+00  0.00E+00 -3.55E-02    0    0
    4   18 -3.50E-02  0.00E+00  0.00E+00  0.00E+00 -3.50E-02    0    0
    4   17 -3.45E-02  0.00E+00  0.00E+00  0.00E+00 -3.45E-02    0    0
    4   16 -3.40E-02  0.00E+00  0.00E+00  0.00E+00 -3.40E-02    0    0
    4   15 -3.37E-02  0.00E+00  0.00E+00  0.00E+00 -3.37E-02    0    0
    4   14 -3.37E-02  0.00E+00  0.00E+00  0.00E+00 -3.37E-02    0    0
    4   13 -3.39E-02  0.00E+00  0.00E+00  0.00E+00 -3.39E-02    0    0
    4   12 -3.42E-02  0.00E+00  0.00E+00  0.00E+00 -3.42E-02    0    0
    4   11 -3.44E-02  0.00E+00  0.00E+00  0.00E+00 -3.44E-02    0    0
    4   10 -3.47E-02  0.00E+00  0.00E+00  0.00E+00 -3.47E-02    0    0
    4    9 -3.49E-02  0.00E+00  0.00E+00  0.00E+00 -3.49E-02    0    0
    4    8 -3.48E-02  0.00E+00  0.00E+00  0.00E+00 -3.48E-02    0    0
    4    7 -3.44E-02  0.00E+00  0.00E+00  0.00E+00 -3.44E-02    0    0
    4    6 -3.38E-02  0.00E+00  0.00E+00  0.00E+00 -3.38E-02    0    0
    4    5 -3.30E-02  0.00E+00  0.00E+00  0.00E+00 -3.30E-02    0    0
    4    4 -3.23E-02  0.00E+00  0.00E+00  0.00E+00 -3.23E-02    0    0
    4    3 -3.17E-02  0.00E+00  0.00E+00  0.00E+00 -3.17E-02    0    0
    4    2 -3.21E-02  0.00E+00  0.00E+00  0.00E+00 -3.21E-02    0    0
    4    1 -4.59E-02  0.00E+00  0.00E+00  0.00E+00 -4.59E-02    0    0
    5   70  6.01E-04  0.00E+00  0.00E+00  0.00E+00  6.01E-04    0    0
    5   69  6.23E-04  0.00E+00  0.00E+00  0.00E+00  6.23E-04    0    0
    5   68  6.41E-04  0.00E+00  0.00E+00  0.00E+00  6.41E-04    0    0
    5   67  6.81E-04  0.00E+00  0.00E+00  0.00E+00  6.81E-04    0    0
    5   66  6.70E-04  0.00E+00  0.00E+00  0.00E+00  6.70E-04    0    0
    5   65  6.78E-04  0.00E+00  0.00E+00  0.00E+00  6.78E-04    0    0
    5   64  6.83E-04  0.00E+00  0.00E+00  0.00E+00  6.83E-04    0    0
    5   63  6.86E-04  0.00E+00  0.00E+00  0.00E+00  6.86E-04    0    0
    5   62  6.86E-04  0.00E+00  0.00E+00  0.00E+00  6.86E-04    0    0
    5   61  6.84E-04  0.00E+00  0.00E+00  0.00E+00  6.84E-04    0    0
    5   60  6.77E-04  0.00E+00  0.00E+00  0.00E+00  6.77E-04    0    0
    5   59  6.70E-04  0.00E+00  0.00E+00  0.00E+00  6.70E-04    0    0
    5   58  6.61E-04  0.00E+00  0.00E+00  0.00E+00  6.61E-04    0    0
    5   57  6.49E-04  0.00E+00  0.00E+00  0.00E+00  6.49E-04    0    0
    5   56  6.33E-04  0.00E+00  0.00E+00  0.00E+00  6.33E-04    0    0
    5   55  6.10E-04  0.00E+00  0.00E+00  0.00E+00  6.10E-04    0    0
    5   54  5.79E-04  0.00E+00  0.00E+00  0.00E+00  5.79E-04    0    0
    5   53  5.36E-04  0.00E+00  0.00E+00  0.00E+00  5.36E-04    0    0
    5   52  4.69E-04  0.00E+00  0.00E+00  0.00E+00  4.69E-04    0    0
    5   51  3.97E-04  0.00E+00  0.00E+00  0.00E+00  3.97E-04    0    0
    5   50  5.05E-04  0.00E+00  0.00E+00  0.00E+00  5.05E-04    0    0
    5   49  6.47E-04  0.00E+00  0.00E+00  0.00E+00  6.47E-04    0    0
    5   48  4.98E-04  0.00E+00  0.00E+00  0.00E+00  4.98E-04    0    0
    5   47  3.69E-04  0.00E+00  0.00E+00  0.00E+00  3.69E-04    0    0
    5   46  3.29E-05  0.00E+00  0.00E+00  0.00E+00  3.29E-05    0    0
    5   45 -6.85E-05  0.00E+00  0.00E+00  0.00E+00 -6.85E-05    0    0
    5   44 -1.02E-04  0.00E+00  0.00E+00  0.00E+00 -1.02E-04    0    0
    5   43 -1.12E-04  0.00E+00  0.00E+00  0.00E+00 -1.12E-04    0    0
    5   42 -1.12E-04  0.00E+00  0.00E+00  0.00E+00 -1.12E-04    0    0
    5   41 -1.11E-04  0.00E+00  0.00E+00  0.00E+00 -1.11E-04    0    0
    5   40 -1.12E-04  0.00E+00  0.00E+00  0.00E+00 -1.12E-04    0    0
    5   39 -1.19E-04  0.00E+00  0.00E+00  0.00E+00 -1.19E-04    0    0
    5   38 -1.33E-04  0.00E+00  0.00E+00  0.00E+00 -1.33E-04    0    0
    5   37 -1.59E-04  0.00E+00  0.00E+00  0.00E+00 -1.59E-04    0    0
    5   36 -2.04E-04  0.00E+00  0.00E+00  0.00E+00 -2.04E-04    0    0
    5   35 -2.75E-04  0.00E+00  0.00E+00  0.00E+00 -2.75E-04    0    0
    5   34 -3.83E-04  0.00E+00  0.00E+00  0.00E+00 -3.83E-04    0    0
    5   33 -5.58E-04  0.00E+00  0.00E+00  0.00E+00 -5.58E-04    0    0
    5   32 -8.48E-04  0.00E+00  0.00E+00  0.00E+00 -8.48E-04    0    0
    5   31 -1.30E-03  0.00E+00  0.00E+00  0.00E+00 -1.30E-03    0    0
    5   30 -1.95E-03  0.00E+00  0.00E+00  0.00E+00 -1.95E-03    0    0
    5   29 -2.80E-03  0.00E+00  0.00E+00  0.00E+00 -2.80E-03    0    0
    5   28 -3.92E-03  0.00E+00  0.00E+00  0.00E+00 -3.92E-03    0    0
    5   27 -5.52E-03  0.00E+00  0.00E+00  0.00E+00 -5.52E-03    0    0
    5   26 -7.99E-03  0.00E+00  0.00E+00  0.00E+00 -7.99E-03    0    0
    5   25 -1.14E-02  0.00E+00  0.00E+00  0.00E+00 -1.14E-02    0    0
    5   24 -1.54E-02  0.00E+00  0.00E+00  0.00E+00 -1.54E-02    0    0
    5   23 -1.86E-02  0.00E+00  0.00E+00  0.00E+00 -1.86E-02    0    0
    5   22 -2.04E-02  0.00E+00  0.00E+00  0.00E+00 -2.04E-02    0    0
    5   21 -2.10E-02  0.00E+00  0.00E+00  0.00E+00 -2.10E-02    0    0
    5   20 -2.12E-02  0.00E+00  0.00E+00  0.00E+00 -2.12E-02    0    0
    5   19 -2.15E-02  0.00E+00  0.00E+00  0.00E+00 -2.15E-02    0    0
    5   18 -2.21E-02  0.00E+00  0.00E+00  0.00E+00 -2.21E-02    0    0
    5   17 -2.28E-02  0.00E+00  0.00E+00  0.00E+00 -2.28E-02    0    0
    5   16 -2.34E-02  0.00E+00  0.00E+00  0.00E+00 -2.34E-02    0    0
    5   15 -2.41E-02  0.00E+00  0.00E+00  0.00E+00 -2.41E-02    0    0
    5   14 -2.48E-02  0.00E+00  0.00E+00  0.00E+00 -2.48E-02    0    0
    5   13 -2.56E-02  0.00E+00  0.00E+00  0.00E+00 -2.56E-02    0    0
    5   12 -2.63E-02  0.00E+00  0.00E+00  0.00E+00 -2.63E-02    0    0
    5   11 -2.68E-02  0.00E+00  0.00E+00  0.00E+00 -2.68E-02    0    0
    5   10 -2.73E-02  0.00E+00  0.00E+00  0.00E+00 -2.73E-02    0    0
    5    9 -2.76E-02  0.00E+00  0.00E+00  0.00E+00 -2.76E-02    0    0
    5    8 -2.74E-02  0.00E+00  0.00E+00  0.00E+00 -2.74E-02    0    0
    5    7 -2.69E-02  0.00E+00  0.00E+00  0.00E+00 -2.69E-02    0    0
    5    6 -2.61E-02  0.00E+00  0.00E+00  0.00E+00 -2.61E-02    0    0
    5    5 -2.52E-02  0.00E+00  0.00E+00  0.00E+00 -2.52E-02    0    0
    5    4 -2.43E-02  0.00E+00  0.00E+00  0.00E+00 -2.43E-02    0    0
    5    3 -2.36E-02  0.00E+00  0.00E+00  0.00E+00 -2.36E-02    0    0
    5    2 -2.41E-02  0.00E+00  0.00E+00  0.00E+00 -2.41E-02    0    0
    5    1 -4.03E-02  0.00E+00  0.00E+00  0.00E+00 -4.03E-02    0    0
    6   70 -1.17E-04  0.00E+00  0.00E+00  0.00E+00 -1.17E-04    0    0
    6   69 -1.24E-04  0.00E+00  0.00E+00  0.00E+00 -1.24E-04    0    0
    6   68 -1.29E-04  0.00E+00  0.00E+00  0.00E+00 -1.29E-04    0    0
    6   67 -1.40E-04  0.00E+00  0.00E+00  0.00E+00 -1.40E-04    0    0
    6   66 -1.40E-04  0.00E+00  0.00E+00  0.00E+00 -1.40E-04    0    0
    6   65 -1.42E-04  0.00E+00  0.00E+00  0.00E+00 -1.42E-04    0    0
    6   64 -1.43E-04  0.00E+00  0.00E+00  0.00E+00 -1.43E-04    0    0
    6   63 -1.43E-04  0.00E+00  0.00E+00  0.00E+00 -1.43E-04    0    0
    6   62 -1.42E-04  0.00E+00  0.00E+00  0.00E+00 -1.42E-04    0    0
    6   61 -1.39E-04  0.00E+00  0.00E+00  0.00E+00 -1.39E-04    0    0
    6   60 -1.36E-04  0.00E+00  0.00E+00  0.00E+00 -1.36E-04    0    0
    6   59 -1.30E-04  0.00E+00  0.00E+00  0.00E+00 -1.30E-04    0    0
    6   58 -1.24E-04  0.00E+00  0.00E+00  0.00E+00 -1.24E-04    0    0
    6   57 -1.16E-04  0.00E+00  0.00E+00  0.00E+00 -1.16E-04    0    0
    6   56 -1.06E-04  0.00E+00  0.00E+00  0.00E+00 -1.06E-04    0    0
    6   55 -9.33E-05  0.00E+00  0.00E+00  0.00E+00 -9.33E-05    0    0
    6   54 -7.65E-05  0.00E+00  0.00E+00  0.00E+00 -7.65E-05    0    0
    6   53 -5.57E-05  0.00E+00  0.00E+00  0.00E+00 -5.57E-05    0    0
    6   52 -2.77E-05  0.00E+00  0.00E+00  0.00E+00 -2.77E-05    0    0
    6   51  1.08E-05  0.00E+00  0.00E+00  0.00E+00  1.08E-05    0    0
    6   50  7.87E-05  0.00E+00  0.00E+00  0.00E+00  7.87E-05    0    0
    6   49  1.28E-04  0.00E+00  0.00E+00  0.00E+00  1.28E-04    0    0
    6   48  8.73E-05  0.00E+00  0.00E+00  0.00E+00  8.73E-05    0    0
    6   47  6.57E-05  0.00E+00  0.00E+00  0.00E+00  6.57E-05    0    0
    6   46 -3.81E-06  0.00E+00  0.00E+00  0.00E+00 -3.81E-06    0    0
    6   45 -2.73E-05  0.00E+00  0.00E+00  0.00E+00 -2.73E-05    0    0
    6   44 -3.34E-05  0.00E+00  0.00E+00  0.00E+00 -3.34E-05    0    0
    6   43 -3.50E-05  0.00E+00  0.00E+00  0.00E+00 -3.50E-05    0    0
    6   42 -3.51E-05  0.00E+00  0.00E+00  0.00E+00 -3.51E-05    0    0
    6   41 -3.51E-05  0.00E+00  0.00E+00  0.00E+00 -3.51E-05    0    0
    6   40 -3.60E-05  0.00E+00  0.00E+00  0.00E+00 -3.60E-05    0    0
    6   39 -3.80E-05  0.00E+00  0.00E+00  0.00E+00 -3.80E-05    0    0
    6   38 -4.17E-05  0.00E+00  0.00E+00  0.00E+00 -4.17E-05    0    0
    6   37 -4.79E-05  0.00E+00  0.00E+00  0.00E+00 -4.79E-05    0    0
    6   36 -5.82E-05  0.00E+00  0.00E+00  0.00E+00 -5.82E-05    0    0
    6   35 -7.42E-05  0.00E+00  0.00E+00  0.00E+00 -7.42E-05    0    0
    6   34 -9.96E-05  0.00E+00  0.00E+00  0.00E+00 -9.96E-05    0    0
    6   33 -1.44E-04  0.00E+00  0.00E+00  0.00E+00 -1.44E-04    0    0
    6   32 -2.18E-04  0.00E+00  0.00E+00  0.00E+00 -2.18E-04    0    0
    6   31 -3.35E-04  0.00E+00  0.00E+00  0.00E+00 -3.35E-04    0    0
    6   30 -5.06E-04  0.00E+00  0.00E+00  0.00E+00 -5.06E-04    0    0
    6   29 -7.49E-04  0.00E+00  0.00E+00  0.00E+00 -7.49E-04    0    0
    6   28 -1.14E-03  0.00E+00  0.00E+00  0.00E+00 -1.14E-03    0    0
    6   27 -1.83E-03  0.00E+00  0.00E+00  0.00E+00 -1.83E-03    0    0
    6   26 -3.05E-03  0.00E+00  0.00E+00  0.00E+00 -3.05E-03    0    0
    6   25 -4.74E-03  0.00E+00  0.00E+00  0.00E+00 -4.74E-03    0    0
    6   24 -6.41E-03  0.00E+00  0.00E+00  0.00E+00 -6.41E-03    0    0
    6   23 -7.47E-03  0.00E+00  0.00E+00  0.00E+00 -7.47E-03    0    0
    6   22 -8.05E-03  0.00E+00  0.00E+00  0.00E+00 -8.05E-03    0    0
    6   21 -8.55E-03  0.00E+00  0.00E+00  0.00E+00 -8.55E-03    0    0
    6   20 -9.26E-03  0.00E+00  0.00E+00  0.00E+00 -9.26E-03    0    0
    6   19 -1.02E-02  0.00E+00  0.00E+00  0.00E+00 -1.02E-02    0    0
    6   18 -1.14E-02  0.00E+00  0.00E+00  0.00E+00 -1.14E-02    0    0
    6   17 -1.27E-02  0.00E+00  0.00E+00  0.00E+00 -1.27E-02    0    0
    6   16 -1.37E-02  0.00E+00  0.00E+00  0.00E+00 -1.37E-02    0    0
    6   15 -1.47E-02  0.00E+00  0.00E+00  0.00E+00 -1.47E-02    0    0
    6   14 -1.57E-02  0.00E+00  0.00E+00  0.00E+00 -1.57E-02    0    0
    6   13 -1.67E-02  0.00E+00  0.00E+00  0.00E+00 -1.67E-02    0    0
    6   12 -1.75E-02  0.00E+00  0.00E+00  0.00E+00 -1.75E-02    0    0
    6   11 -1.82E-02  0.00E+00  0.00E+00  0.00E+00 -1.82E-02    0    0
    6   10 -1.88E-02  0.00E+00  0.00E+00  0.00E+00 -1.88E-02    0    0
    6    9 -1.92E-02  0.00E+00  0.00E+00  0.00E+00 -1.92E-02    0    0
    6    8 -1.89E-02  0.00E+00  0.00E+00  0.00E+00 -1.89E-02    0    0
    6    7 -1.83E-02  0.00E+00  0.00E+00  0.00E+00 -1.83E-02    0    0
    6    6 -1.74E-02  0.00E+00  0.00E+00  0.00E+00 -1.74E-02    0    0
    6    5 -1.64E-02  0.00E+00  0.00E+00  0.00E+00 -1.64E-02    0    0
    6    4 -1.54E-02  0.00E+00  0.00E+00  0.00E+00 -1.54E-02    0    0
    6    3 -1.47E-02  0.00E+00  0.00E+00  0.00E+00 -1.47E-02    0    0
    6    2 -1.52E-02  0.00E+00  0.00E+00  0.00E+00 -1.52E-02    0    0
    6    1 -3.30E-02  0.00E+00  0.00E+00  0.00E+00 -3.30E-02    0    0
    7   70  2.85E-05  0.00E+00  0.00E+00  0.00E+00  2.85E-05    0    0
    7   69  2.99E-05  0.00E+00  0.00E+00  0.00E+00  2.99E-05    0    0
    7   68  3.10E-05  0.00E+00  0.00E+00  0.00E+00  3.10E-05    0    0
    7   67  3.37E-05  0.00E+00  0.00E+00  0.00E+00  3.37E-05    0    0
    7   66  3.20E-05  0.00E+00  0.00E+00  0.00E+00  3.20E-05    0    0
    7   65  3.24E-05  0.00E+00  0.00E+00  0.00E+00  3.24E-05    0    0
    7   64  3.27E-05  0.00E+00  0.00E+00  0.00E+00  3.27E-05    0    0
    7   63  3.27E-05  0.00E+00  0.00E+00  0.00E+00  3.27E-05    0    0
    7   62  3.24E-05  0.00E+00  0.00E+00  0.00E+00  3.24E-05    0    0
    7   61  3.20E-05  0.00E+00  0.00E+00  0.00E+00  3.20E-05    0    0
    7   60  3.14E-05  0.00E+00  0.00E+00  0.00E+00  3.14E-05    0    0
    7   59  3.08E-05  0.00E+00  0.00E+00  0.00E+00  3.08E-05    0    0
    7   58  2.98E-05  0.00E+00  0.00E+00  0.00E+00  2.98E-05    0    0
    7   57  2.86E-05  0.00E+00  0.00E+00  0.00E+00  2.86E-05    0    0
    7   56  2.71E-05  0.00E+00  0.00E+00  0.00E+00  2.71E-05    0    0
    7   55  2.55E-05  0.00E+00  0.00E+00  0.00E+00  2.55E-05    0    0
    7   54  2.37E-05  0.00E+00  0.00E+00  0.00E+00  2.37E-05    0    0
    7   53  2.19E-05  0.00E+00  0.00E+00  0.00E+00  2.19E-05    0    0
    7   52  2.04E-05  0.00E+00  0.00E+00  0.00E+00  2.04E-05    0    0
    7   51  2.10E-05  0.00E+00  0.00E+00  0.00E+00  2.10E-05    0    0
    7   50  3.02E-05  0.00E+00  0.00E+00  0.00E+00  3.02E-05    0    0
    7   49  3.99E-05  0.00E+00  0.00E+00  0.00E+00  3.99E-05    0    0
    7   48  2.88E-05  0.00E+00  0.00E+00  0.00E+00  2.88E-05    0    0
    7   47  2.10E-05  0.00E+00  0.00E+00  0.00E+00  2.10E-05    0    0
    7   46  3.66E-06  0.00E+00  0.00E+00  0.00E+00  3.66E-06    0    0
    7   45 -2.12E-06  0.00E+00  0.00E+00  0.00E+00 -2.12E-06    0    0
    7   44 -4.08E-06  0.00E+00  0.00E+00  0.00E+00 -4.08E-06    0    0
    7   43 -4.85E-06  0.00E+00  0.00E+00  0.00E+00 -4.85E-06    0    0
    7   42 -5.15E-06  0.00E+00  0.00E+00  0.00E+00 -5.15E-06    0    0
    7   41 -5.35E-06  0.00E+00  0.00E+00  0.00E+00 -5.35E-06    0    0
    7   40 -5.66E-06  0.00E+00  0.00E+00  0.00E+00 -5.66E-06    0    0
    7   39 -6.18E-06  0.00E+00  0.00E+00  0.00E+00 -6.18E-06    0    0
    7   38 -7.02E-06  0.00E+00  0.00E+00  0.00E+00 -7.02E-06    0    0
    7   37 -8.40E-06  0.00E+00  0.00E+00  0.00E+00 -8.40E-06    0    0
    7   36 -1.06E-05  0.00E+00  0.00E+00  0.00E+00 -1.06E-05    0    0
    7   35 -1.39E-05  0.00E+00  0.00E+00  0.00E+00 -1.39E-05    0    0
    7   34 -1.93E-05  0.00E+00  0.00E+00  0.00E+00 -1.93E-05    0    0
    7   33 -2.90E-05  0.00E+00  0.00E+00  0.00E+00 -2.90E-05    0    0
    7   32 -4.53E-05  0.00E+00  0.00E+00  0.00E+00 -4.53E-05    0    0
    7   31 -6.94E-05  0.00E+00  0.00E+00  0.00E+00 -6.94E-05    0    0
    7   30 -1.03E-04  0.00E+00  0.00E+00  0.00E+00 -1.03E-04    0    0
    7   29 -1.51E-04  0.00E+00  0.00E+00  0.00E+00 -1.51E-04    0    0
    7   28 -2.45E-04  0.00E+00  0.00E+00  0.00E+00 -2.45E-04    0    0
    7   27 -4.34E-04  0.00E+00  0.00E+00  0.00E+00 -4.34E-04    0    0
    7   26 -7.57E-04  0.00E+00  0.00E+00  0.00E+00 -7.57E-04    0    0
    7   25 -1.16E-03  0.00E+00  0.00E+00  0.00E+00 -1.16E-03    0    0
    7   24 -1.52E-03  0.00E+00  0.00E+00  0.00E+00 -1.52E-03    0    0
    7   23 -1.78E-03  0.00E+00  0.00E+00  0.00E+00 -1.78E-03    0    0
    7   22 -2.05E-03  0.00E+00  0.00E+00  0.00E+00 -2.05E-03    0    0
    7   21 -2.46E-03  0.00E+00  0.00E+00  0.00E+00 -2.46E-03    0    0
    7   20 -3.02E-03  0.00E+00  0.00E+00  0.00E+00 -3.02E-03    0    0
    7   19 -3.70E-03  0.00E+00  0.00E+00  0.00E+00 -3.70E-03    0    0
    7   18 -4.44E-03  0.00E+00  0.00E+00  0.00E+00 -4.44E-03    0    0
    7   17 -5.19E-03  0.00E+00  0.00E+00  0.00E+00 -5.19E-03    0    0
    7   16 -5.84E-03  0.00E+00  0.00E+00  0.00E+00 -5.84E-03    0    0
    7   15 -6.42E-03  0.00E+00  0.00E+00  0.00E+00 -6.42E-03    0    0
    7   14 -7.11E-03  0.00E+00  0.00E+00  0.00E+00 -7.11E-03    0    0
    7   13 -7.82E-03  0.00E+00  0.00E+00  0.00E+00 -7.82E-03    0    0
    7   12 -8.45E-03  0.00E+00  0.00E+00  0.00E+00 -8.45E-03    0    0
    7   11 -8.98E-03  0.00E+00  0.00E+00  0.00E+00 -8.98E-03    0    0
    7   10 -9.51E-03  0.00E+00  0.00E+00  0.00E+00 -9.51E-03    0    0
    7    9 -9.88E-03  0.00E+00  0.00E+00  0.00E+00 -9.88E-03    0    0
    7    8 -9.58E-03  0.00E+00  0.00E+00  0.00E+00 -9.58E-03    0    0
    7    7 -8.99E-03  0.00E+00  0.00E+00  0.00E+00 -8.99E-03    0    0
    7    6 -8.20E-03  0.00E+00  0.00E+00  0.00E+00 -8.20E-03    0    0
    7    5 -7.32E-03  0.00E+00  0.00E+00  0.00E+00 -7.32E-03    0    0
    7    4 -6.56E-03  0.00E+00  0.00E+00  0.00E+00 -6.56E-03    0    0
    7    3 -6.09E-03  0.00E+00  0.00E+00  0.00E+00 -6.09E-03    0    0
    7    2 -6.35E-03  0.00E+00  0.00E+00  0.00E+00 -6.35E-03    0    0
    7    1 -2.16E-02  0.00E+00  0.00E+00  0.00E+00 -2.16E-02    0    0
    8   70 -5.95E-06  0.00E+00  0.00E+00  0.00E+00 -5.95E-06    0    0
    8   69 -6.28E-06  0.00E+00  0.00E+00  0.00E+00 -6.28E-06    0    0
    8   68 -6.54E-06  0.00E+00  0.00E+00  0.00E+00 -6.54E-06    0    0
    8   67 -7.18E-06  0.00E+00  0.00E+00  0.00E+00 -7.18E-06    0    0
    8   66 -4.89E-06  0.00E+00  0.00E+00  0.00E+00 -4.89E-06    0    0
    8   65 -4.97E-06  0.00E+00  0.00E+00  0.00E+00 -4.97E-06    0    0
    8   64 -4.99E-06  0.00E+00  0.00E+00  0.00E+00 -4.99E-06    0    0
    8   63 -4.96E-06  0.00E+00  0.00E+00  0.00E+00 -4.96E-06    0    0
    8   62 -4.87E-06  0.00E+00  0.00E+00  0.00E+00 -4.87E-06    0    0
    8   61 -4.72E-06  0.00E+00  0.00E+00  0.00E+00 -4.72E-06    0    0
    8   60 -4.52E-06  0.00E+00  0.00E+00  0.00E+00 -4.52E-06    0    0
    8   59 -4.49E-06  0.00E+00  0.00E+00  0.00E+00 -4.49E-06    0    0
    8   58 -4.17E-06  0.00E+00  0.00E+00  0.00E+00 -4.17E-06    0    0
    8   57 -3.78E-06  0.00E+00  0.00E+00  0.00E+00 -3.78E-06    0    0
    8   56 -3.31E-06  0.00E+00  0.00E+00  0.00E+00 -3.31E-06    0    0
    8   55 -2.74E-06  0.00E+00  0.00E+00  0.00E+00 -2.74E-06    0    0
    8   54 -2.05E-06  0.00E+00  0.00E+00  0.00E+00 -2.05E-06    0    0
    8   53 -1.17E-06  0.00E+00  0.00E+00  0.00E+00 -1.17E-06    0    0
    8   52  4.23E-08  0.00E+00  0.00E+00  0.00E+00  4.23E-08    0    0
    8   51  1.99E-06  0.00E+00  0.00E+00  0.00E+00  1.99E-06    0    0
    8   50  5.93E-06  0.00E+00  0.00E+00  0.00E+00  5.93E-06    0    0
    8   49  9.02E-06  0.00E+00  0.00E+00  0.00E+00  9.02E-06    0    0
    8   48  6.24E-06  0.00E+00  0.00E+00  0.00E+00  6.24E-06    0    0
    8   47  4.69E-06  0.00E+00  0.00E+00  0.00E+00  4.69E-06    0    0
    8   46  6.36E-07  0.00E+00  0.00E+00  0.00E+00  6.36E-07    0    0
    8   45 -7.58E-07  0.00E+00  0.00E+00  0.00E+00 -7.58E-07    0    0
    8   44 -1.19E-06  0.00E+00  0.00E+00  0.00E+00 -1.19E-06    0    0
    8   43 -1.37E-06  0.00E+00  0.00E+00  0.00E+00 -1.37E-06    0    0
    8   42 -1.45E-06  0.00E+00  0.00E+00  0.00E+00 -1.45E-06    0    0
    8   41 -1.50E-06  0.00E+00  0.00E+00  0.00E+00 -1.50E-06    0    0
    8   40 -1.57E-06  0.00E+00  0.00E+00  0.00E+00 -1.57E-06    0    0
    8   39 -1.68E-06  0.00E+00  0.00E+00  0.00E+00 -1.68E-06    0    0
    8   38 -1.85E-06  0.00E+00  0.00E+00  0.00E+00 -1.85E-06    0    0
    8   37 -2.13E-06  0.00E+00  0.00E+00  0.00E+00 -2.13E-06    0    0
    8   36 -2.56E-06  0.00E+00  0.00E+00  0.00E+00 -2.56E-06    0    0
    8   35 -3.22E-06  0.00E+00  0.00E+00  0.00E+00 -3.22E-06    0    0
    8   34 -4.28E-06  0.00E+00  0.00E+00  0.00E+00 -4.28E-06    0    0
    8   33 -6.25E-06  0.00E+00  0.00E+00  0.00E+00 -6.25E-06    0    0
    8   32 -9.50E-06  0.00E+00  0.00E+00  0.00E+00 -9.50E-06    0    0
    8   31 -1.41E-05  0.00E+00  0.00E+00  0.00E+00 -1.41E-05    0    0
    8   30 -1.99E-05  0.00E+00  0.00E+00  0.00E+00 -1.99E-05    0    0
    8   29 -2.83E-05  0.00E+00  0.00E+00  0.00E+00 -2.83E-05    0    0
    8   28 -4.69E-05  0.00E+00  0.00E+00  0.00E+00 -4.69E-05    0    0
    8   27 -8.58E-05  0.00E+00  0.00E+00  0.00E+00 -8.58E-05    0    0
    8   26 -1.47E-04  0.00E+00  0.00E+00  0.00E+00 -1.47E-04    0    0
    8   25 -2.12E-04  0.00E+00  0.00E+00  0.00E+00 -2.12E-04    0    0
    8   24 -2.66E-04  0.00E+00  0.00E+00  0.00E+00 -2.66E-04    0    0
    8   23 -3.28E-04  0.00E+00  0.00E+00  0.00E+00 -3.28E-04    0    0
    8   22 -4.36E-04  0.00E+00  0.00E+00  0.00E+00 -4.36E-04    0    0
    8   21 -6.13E-04  0.00E+00  0.00E+00  0.00E+00 -6.13E-04    0    0
    8   20 -8.36E-04  0.00E+00  0.00E+00  0.00E+00 -8.36E-04    0    0
    8   19 -1.06E-03  0.00E+00  0.00E+00  0.00E+00 -1.06E-03    0    0
    8   18 -1.27E-03  0.00E+00  0.00E+00  0.00E+00 -1.27E-03    0    0
    8   17 -1.44E-03  0.00E+00  0.00E+00  0.00E+00 -1.44E-03    0    0
    8   16 -1.57E-03  0.00E+00  0.00E+00  0.00E+00 -1.57E-03    0    0
    8   15 -1.67E-03  0.00E+00  0.00E+00  0.00E+00 -1.67E-03    0    0
    8   14 -1.81E-03  0.00E+00  0.00E+00  0.00E+00 -1.81E-03    0    0
    8   13 -2.00E-03  0.00E+00  0.00E+00  0.00E+00 -2.00E-03    0    0
    8   12 -2.17E-03  0.00E+00  0.00E+00  0.00E+00 -2.17E-03    0    0
    8   11 -2.34E-03  0.00E+00  0.00E+00  0.00E+00 -2.34E-03    0    0
    8   10 -2.53E-03  0.00E+00  0.00E+00  0.00E+00 -2.53E-03    0    0
    8    9 -2.68E-03  0.00E+00  0.00E+00  0.00E+00 -2.68E-03    0    0
    8    8 -2.51E-03  0.00E+00  0.00E+00  0.00E+00 -2.51E-03    0    0
    8    7 -2.21E-03  0.00E+00  0.00E+00  0.00E+00 -2.21E-03    0    0
    8    6 -1.85E-03  0.00E+00  0.00E+00  0.00E+00 -1.85E-03    0    0
    8    5 -1.48E-03  0.00E+00  0.00E+00  0.00E+00 -1.48E-03    0    0
    8    4 -1.18E-03  0.00E+00  0.00E+00  0.00E+00 -1.18E-03    0    0
    8    3 -1.01E-03  0.00E+00  0.00E+00  0.00E+00 -1.01E-03    0    0
    8    2 -1.04E-03  0.00E+00  0.00E+00  0.00E+00 -1.04E-03    0    0
    8    1 -8.08E-03  0.00E+00  0.00E+00  0.00E+00 -8.08E-03    0    0
    9   70  1.06E-06  0.00E+00  0.00E+00  0.00E+00  1.06E-06    0    0
    9   69  1.13E-06  0.00E+00  0.00E+00  0.00E+00  1.13E-06    0    0
    9   68  1.18E-06  0.00E+00  0.00E+00  0.00E+00  1.18E-06    0    0
    9   67  1.32E-06  0.00E+00  0.00E+00  0.00E+00  1.32E-06    0    0
    9   66  1.35E-06  0.00E+00  0.00E+00  0.00E+00  1.35E-06    0    0
    9   65  1.36E-06  0.00E+00  0.00E+00  0.00E+00  1.36E-06    0    0
    9   64  1.37E-06  0.00E+00  0.00E+00  0.00E+00  1.37E-06    0    0
    9   63  1.38E-06  0.00E+00  0.00E+00  0.00E+00  1.38E-06    0    0
    9   62  1.37E-06  0.00E+00  0.00E+00  0.00E+00  1.37E-06    0    0
    9   61  1.37E-06  0.00E+00  0.00E+00  0.00E+00  1.37E-06    0    0
    9   60  1.35E-06  0.00E+00  0.00E+00  0.00E+00  1.35E-06    0    0
    9   59  1.33E-06  0.00E+00  0.00E+00  0.00E+00  1.33E-06    0    0
    9   58  1.30E-06  0.00E+00  0.00E+00  0.00E+00  1.30E-06    0    0
    9   57  1.27E-06  0.00E+00  0.00E+00  0.00E+00  1.27E-06    0    0
    9   56  1.24E-06  0.00E+00  0.00E+00  0.00E+00  1.24E-06    0    0
    9   55  1.20E-06  0.00E+00  0.00E+00  0.00E+00  1.20E-06    0    0
    9   54  1.17E-06  0.00E+00  0.00E+00  0.00E+00  1.17E-06    0    0
    9   53  1.15E-06  0.00E+00  0.00E+00  0.00E+00  1.15E-06    0    0
    9   52  1.17E-06  0.00E+00  0.00E+00  0.00E+00  1.17E-06    0    0
    9   51  1.34E-06  0.00E+00  0.00E+00  0.00E+00  1.34E-06    0    0
    9   50  2.07E-06  0.00E+00  0.00E+00  0.00E+00  2.07E-06    0    0
    9   49  2.75E-06  0.00E+00  0.00E+00  0.00E+00  2.75E-06    0    0
    9   48  1.99E-06  0.00E+00  0.00E+00  0.00E+00  1.99E-06    0    0
    9   47  1.50E-06  0.00E+00  0.00E+00  0.00E+00  1.50E-06    0    0
    9   46  4.50E-07  0.00E+00  0.00E+00  0.00E+00  4.50E-07    0    0
    9   45  8.84E-08  0.00E+00  0.00E+00  0.00E+00  8.84E-08    0    0
    9   44 -4.24E-08  0.00E+00  0.00E+00  0.00E+00 -4.24E-08    0    0
    9   43 -1.02E-07  0.00E+00  0.00E+00  0.00E+00 -1.02E-07    0    0
    9   42 -1.30E-07  0.00E+00  0.00E+00  0.00E+00 -1.30E-07    0    0
    9   41 -1.47E-07  0.00E+00  0.00E+00  0.00E+00 -1.47E-07    0    0
    9   40 -1.63E-07  0.00E+00  0.00E+00  0.00E+00 -1.63E-07    0    0
    9   39 -1.84E-07  0.00E+00  0.00E+00  0.00E+00 -1.84E-07    0    0
    9   38 -2.16E-07  0.00E+00  0.00E+00  0.00E+00 -2.16E-07    0    0
    9   37 -2.66E-07  0.00E+00  0.00E+00  0.00E+00 -2.66E-07    0    0
    9   36 -3.43E-07  0.00E+00  0.00E+00  0.00E+00 -3.43E-07    0    0
    9   35 -4.58E-07  0.00E+00  0.00E+00  0.00E+00 -4.58E-07    0    0
    9   34 -6.47E-07  0.00E+00  0.00E+00  0.00E+00 -6.47E-07    0    0
    9   33 -1.01E-06  0.00E+00  0.00E+00  0.00E+00 -1.01E-06    0    0
    9   32 -1.60E-06  0.00E+00  0.00E+00  0.00E+00 -1.60E-06    0    0
    9   31 -2.40E-06  0.00E+00  0.00E+00  0.00E+00 -2.40E-06    0    0
    9   30 -3.36E-06  0.00E+00  0.00E+00  0.00E+00 -3.36E-06    0    0
    9   29 -4.71E-06  0.00E+00  0.00E+00  0.00E+00 -4.71E-06    0    0
    9   28 -8.01E-06  0.00E+00  0.00E+00  0.00E+00 -8.01E-06    0    0
    9   27 -1.51E-05  0.00E+00  0.00E+00  0.00E+00 -1.51E-05    0    0
    9   26 -2.58E-05  0.00E+00  0.00E+00  0.00E+00 -2.58E-05    0    0
    9   25 -3.52E-05  0.00E+00  0.00E+00  0.00E+00 -3.52E-05    0    0
    9   24 -4.10E-05  0.00E+00  0.00E+00  0.00E+00 -4.10E-05    0    0
    9   23 -5.26E-05  0.00E+00  0.00E+00  0.00E+00 -5.26E-05    0    0
    9   22 -8.35E-05  0.00E+00  0.00E+00  0.00E+00 -8.35E-05    0    0
    9   21 -1.36E-04  0.00E+00  0.00E+00  0.00E+00 -1.36E-04    0    0
    9   20 -1.96E-04  0.00E+00  0.00E+00  0.00E+00 -1.96E-04    0    0
    9   19 -2.46E-04  0.00E+00  0.00E+00  0.00E+00 -2.46E-04    0    0
    9   18 -2.75E-04  0.00E+00  0.00E+00  0.00E+00 -2.75E-04    0    0
    9   17 -2.85E-04  0.00E+00  0.00E+00  0.00E+00 -2.85E-04    0    0
    9   16 -2.80E-04  0.00E+00  0.00E+00  0.00E+00 -2.80E-04    0    0
    9   15 -2.68E-04  0.00E+00  0.00E+00  0.00E+00 -2.68E-04    0    0
    9   14 -2.60E-04  0.00E+00  0.00E+00  0.00E+00 -2.60E-04    0    0
    9   13 -2.57E-04  0.00E+00  0.00E+00  0.00E+00 -2.57E-04    0    0
    9   12 -2.55E-04  0.00E+00  0.00E+00  0.00E+00 -2.55E-04    0    0
    9   11 -2.55E-04  0.00E+00  0.00E+00  0.00E+00 -2.55E-04    0    0
    9   10 -2.63E-04  0.00E+00  0.00E+00  0.00E+00 -2.63E-04    0    0
    9    9 -2.80E-04  0.00E+00  0.00E+00  0.00E+00 -2.80E-04    0    0
    9    8 -2.44E-04  0.00E+00  0.00E+00  0.00E+00 -2.44E-04    0    0
    9    7 -1.94E-04  0.00E+00  0.00E+00  0.00E+00 -1.94E-04    0    0
    9    6 -1.35E-04  0.00E+00  0.00E+00  0.00E+00 -1.35E-04    0    0
    9    5 -7.50E-05  0.00E+00  0.00E+00  0.00E+00 -7.50E-05    0    0
    9    4 -2.79E-05  0.00E+00  0.00E+00  0.00E+00 -2.79E-05    0    0
    9    3 -2.94E-06  0.00E+00  0.00E+00  0.00E+00 -2.94E-06    0    0
    9    2  8.91E-06  0.00E+00  0.00E+00  0.00E+00  8.91E-06    0    0
    9    1 -1.07E-03  0.00E+00  0.00E+00  0.00E+00 -1.07E-03    0    0
   10   70 -9.17E-08  0.00E+00  0.00E+00  0.00E+00 -9.17E-08    0    0
   10   69 -1.04E-07  0.00E+00  0.00E+00  0.00E+00 -1.04E-07    0    0
   10   68 -1.13E-07  0.00E+00  0.00E+00  0.00E+00 -1.13E-07    0    0
   10   67 -1.36E-07  0.00E+00  0.00E+00  0.00E+00 -1.36E-07    0    0
   10   66 -1.41E-07  0.00E+00  0.00E+00  0.00E+00 -1.41E-07    0    0
   10   65 -1.44E-07  0.00E+00  0.00E+00  0.00E+00 -1.44E-07    0    0
   10   64 -1.44E-07  0.00E+00  0.00E+00  0.00E+00 -1.44E-07    0    0
   10   63 -1.42E-07  0.00E+00  0.00E+00  0.00E+00 -1.42E-07    0    0
   10   62 -1.37E-07  0.00E+00  0.00E+00  0.00E+00 -1.37E-07    0    0
   10   61 -1.29E-07  0.00E+00  0.00E+00  0.00E+00 -1.29E-07    0    0
   10   60 -1.19E-07  0.00E+00  0.00E+00  0.00E+00 -1.19E-07    0    0
   10   59 -1.06E-07  0.00E+00  0.00E+00  0.00E+00 -1.06E-07    0    0
   10   58 -9.01E-08  0.00E+00  0.00E+00  0.00E+00 -9.01E-08    0    0
   10   57 -7.03E-08  0.00E+00  0.00E+00  0.00E+00 -7.03E-08    0    0
   10   56 -4.60E-08  0.00E+00  0.00E+00  0.00E+00 -4.60E-08    0    0
   10   55 -1.60E-08  0.00E+00  0.00E+00  0.00E+00 -1.60E-08    0    0
   10   54  2.17E-08  0.00E+00  0.00E+00  0.00E+00  2.17E-08    0    0
   10   53  7.18E-08  0.00E+00  0.00E+00  0.00E+00  7.18E-08    0    0
   10   52  1.45E-07  0.00E+00  0.00E+00  0.00E+00  1.45E-07    0    0
   10   51  2.72E-07  0.00E+00  0.00E+00  0.00E+00  2.72E-07    0    0
   10   50  5.43E-07  0.00E+00  0.00E+00  0.00E+00  5.43E-07    0    0
   10   49  7.49E-07  0.00E+00  0.00E+00  0.00E+00  7.49E-07    0    0
   10   48  5.37E-07  0.00E+00  0.00E+00  0.00E+00  5.37E-07    0    0
   10   47  4.21E-07  0.00E+00  0.00E+00  0.00E+00  4.21E-07    0    0
   10   46  1.52E-07  0.00E+00  0.00E+00  0.00E+00  1.52E-07    0    0
   10   45  5.68E-08  0.00E+00  0.00E+00  0.00E+00  5.68E-08    0    0
   10   44  2.29E-08  0.00E+00  0.00E+00  0.00E+00  2.29E-08    0    0
   10   43  5.73E-09  0.00E+00  0.00E+00  0.00E+00  5.73E-09    0    0
   10   42 -3.24E-09  0.00E+00  0.00E+00  0.00E+00 -3.24E-09    0    0
   10   41 -8.85E-09  0.00E+00  0.00E+00  0.00E+00 -8.85E-09    0    0
   10   40 -1.35E-08  0.00E+00  0.00E+00  0.00E+00 -1.35E-08    0    0
   10   39 -1.85E-08  0.00E+00  0.00E+00  0.00E+00 -1.85E-08    0    0
   10   38 -2.48E-08  0.00E+00  0.00E+00  0.00E+00 -2.48E-08    0    0
   10   37 -3.36E-08  0.00E+00  0.00E+00  0.00E+00 -3.36E-08    0    0
   10   36 -4.66E-08  0.00E+00  0.00E+00  0.00E+00 -4.66E-08    0    0
   10   35 -6.53E-08  0.00E+00  0.00E+00  0.00E+00 -6.53E-08    0    0
   10   34 -9.58E-08  0.00E+00  0.00E+00  0.00E+00 -9.58E-08    0    0
   10   33 -1.55E-07  0.00E+00  0.00E+00  0.00E+00 -1.55E-07    0    0
   10   32 -2.53E-07  0.00E+00  0.00E+00  0.00E+00 -2.53E-07    0    0
   10   31 -3.81E-07  0.00E+00  0.00E+00  0.00E+00 -3.81E-07    0    0
   10   30 -5.27E-07  0.00E+00  0.00E+00  0.00E+00 -5.27E-07    0    0
   10   29 -7.23E-07  0.00E+00  0.00E+00  0.00E+00 -7.23E-07    0    0
   10   28 -1.26E-06  0.00E+00  0.00E+00  0.00E+00 -1.26E-06    0    0
   10   27 -2.47E-06  0.00E+00  0.00E+00  0.00E+00 -2.47E-06    0    0
   10   26 -4.25E-06  0.00E+00  0.00E+00  0.00E+00 -4.25E-06    0    0
   10   25 -5.57E-06  0.00E+00  0.00E+00  0.00E+00 -5.57E-06    0    0
   10   24 -5.83E-06  0.00E+00  0.00E+00  0.00E+00 -5.83E-06    0    0
   10   23 -7.71E-06  0.00E+00  0.00E+00  0.00E+00 -7.71E-06    0    0
   10   22 -1.48E-05  0.00E+00  0.00E+00  0.00E+00 -1.48E-05    0    0
   10   21 -2.67E-05  0.00E+00  0.00E+00  0.00E+00 -2.67E-05    0    0
   10   20 -3.83E-05  0.00E+00  0.00E+00  0.00E+00 -3.83E-05    0    0
   10   19 -4.51E-05  0.00E+00  0.00E+00  0.00E+00 -4.51E-05    0    0
   10   18 -4.64E-05  0.00E+00  0.00E+00  0.00E+00 -4.64E-05    0    0
   10   17 -4.36E-05  0.00E+00  0.00E+00  0.00E+00 -4.36E-05    0    0
   10   16 -3.89E-05  0.00E+00  0.00E+00  0.00E+00 -3.89E-05    0    0
   10   15 -3.39E-05  0.00E+00  0.00E+00  0.00E+00 -3.39E-05    0    0
   10   14 -2.97E-05  0.00E+00  0.00E+00  0.00E+00 -2.97E-05    0    0
   10   13 -2.64E-05  0.00E+00  0.00E+00  0.00E+00 -2.64E-05    0    0
   10   12 -2.36E-05  0.00E+00  0.00E+00  0.00E+00 -2.36E-05    0    0
   10   11 -2.13E-05  0.00E+00  0.00E+00  0.00E+00 -2.13E-05    0    0
   10   10 -2.00E-05  0.00E+00  0.00E+00  0.00E+00 -2.00E-05    0    0
   10    9 -2.16E-05  0.00E+00  0.00E+00  0.00E+00 -2.16E-05    0    0
   10    8 -1.88E-05  0.00E+00  0.00E+00  0.00E+00 -1.88E-05    0    0
   10    7 -1.53E-05  0.00E+00  0.00E+00  0.00E+00 -1.53E-05    0    0
   10    6 -1.07E-05  0.00E+00  0.00E+00  0.00E+00 -1.07E-05    0    0
   10    5 -5.22E-06  0.00E+00  0.00E+00  0.00E+00 -5.22E-06    0    0
   10    4 -7.55E-07  0.00E+00  0.00E+00  0.00E+00 -7.55E-07    0    0
   10    3  1.21E-06  0.00E+00  0.00E+00  0.00E+00  1.21E-06    0    0
   10    2  3.61E-06  0.00E+00  0.00E+00  0.00E+00  3.61E-06    0    0
   10    1 -5.31E-05  0.00E+00  0.00E+00  0.00E+00 -5.31E-05    0    0
