   70   20
   8.358971E-08   1.144799E-07   1.560215E-07   2.116466E-07   2.858021E-07   3.842460E-07
   5.144489E-07   6.861372E-07   9.120247E-07   1.208817E-06   1.598491E-06   2.109936E-06
   2.781165E-06   3.662121E-06   4.818288E-06   6.335394E-06   8.325606E-06   1.093549E-05
   1.435560E-05   1.883269E-05   2.468590E-05   3.232724E-05   4.228705E-05   5.524634E-05
   7.207923E-05   9.390671E-05   1.221585E-04   1.586501E-04   2.056848E-04   2.661751E-04
   3.437880E-04   4.431245E-04   5.699201E-04   7.313056E-04   9.360441E-04   1.194735E-03
   1.520056E-03   1.926873E-03   2.432179E-03   3.054744E-03   3.814314E-03   4.730355E-03
   5.819744E-03   7.093516E-03   8.553347E-03   1.018766E-02   1.196898E-02   1.392501E-02
   1.598797E-02   1.801621E-02   1.994778E-02   2.176352E-02   2.351613E-02   2.530578E-02
   2.723047E-02   2.937551E-02   3.182175E-02   3.465410E-02   3.796769E-02   4.187375E-02
   4.650549E-02   5.202327E-02   5.861913E-02   6.652008E-02   7.599017E-02   8.733975E-02
   1.009364E-01   1.172174E-01   1.367075E-01   1.600023E-01
   5.588515E+03   4.295239E+10   5.706496E-12   3.340396E+12   8.481742E+03
   3.779640E+02   1.702950E+02   1.409615E+02   1.437408E+02   1.588907E+02
   1.813115E+02   2.091773E+02   2.416921E+02   2.784593E+02   3.192611E+02
   3.639686E+02   4.124998E+02   4.647987E+02   5.615571E+04   4.280212E+10
   6.045345E+03   1.457158E+11   7.070670E-12   4.046717E+12   5.091079E+04
   3.051283E+03   1.525041E+03   1.324436E+03   1.386233E+03   1.556625E+03
   1.794496E+03   2.084824E+03   2.420961E+03   2.799559E+03   3.218750E+03
   3.677395E+03   4.174728E+03   4.710162E+03   3.479346E+05   1.452550E+11
   6.110097E+03   1.958849E+11   9.535325E-12   5.457914E+12   8.449632E+04
   5.262552E+03   2.665849E+03   2.329636E+03   2.446593E+03   2.752927E+03
   3.177806E+03   3.695280E+03   4.293842E+03   4.967677E+03   5.713527E+03
   6.529381E+03   7.413847E+03   8.365814E+03   5.460522E+05   1.952720E+11
   6.147071E+03   2.475006E+11   1.288512E-11   7.392442E+12   1.285871E+05
   8.183256E+03   4.176810E+03   3.662817E+03   3.854015E+03   4.341535E+03
   5.015317E+03   5.834970E+03   6.782563E+03   7.849014E+03   9.029206E+03
   1.031994E+04   1.171896E+04   1.322436E+04   7.817208E+05   2.467291E+11
   6.173862E+03   3.052539E+11   1.737064E-11   9.994186E+12   1.889911E+05
   1.221489E+04   6.268446E+03   5.510852E+03   5.806417E+03   6.546278E+03
   7.566246E+03   8.805992E+03   1.023871E+04   1.185077E+04   1.363448E+04
   1.558495E+04   1.769862E+04   1.997240E+04   1.079158E+06   3.043038E+11
   6.193783E+03   3.701607E+11   2.334445E-11   1.347116E+13   2.709417E+05
   1.771261E+04   9.126167E+03   8.038048E+03   8.477667E+03   9.563689E+03
   1.105813E+04   1.287346E+04   1.497075E+04   1.733017E+04   1.994043E+04
   2.279428E+04   2.588627E+04   2.921146E+04   1.451924E+06   3.690089E+11
   6.207483E+03   4.420461E+11   3.127428E-11   1.810084E+13   3.797386E+05
   2.501976E+04   1.292636E+04   1.139955E+04   1.203128E+04   1.357815E+04
   1.570410E+04   1.828544E+04   2.126710E+04   2.462096E+04   2.833092E+04
   3.238643E+04   3.677938E+04   4.150205E+04   1.908426E+06   4.406695E+11
   6.216645E+03   5.217936E+11   4.176291E-11   2.423971E+13   5.230182E+05
   3.463978E+04   1.792912E+04   1.582475E+04   1.670935E+04   1.886287E+04
   2.182013E+04   2.540981E+04   2.955557E+04   3.421833E+04   3.937551E+04
   4.501212E+04   5.111619E+04   5.767594E+04   2.463924E+06   5.201665E+11
   6.225310E+03   6.140126E+11   5.556725E-11   3.233193E+13   7.163562E+05
   4.767805E+04   2.471999E+04   2.183590E+04   2.306648E+04   2.604608E+04
   3.013451E+04   3.509593E+04   4.082506E+04   4.726790E+04   5.439294E+04
   6.217884E+04   7.060799E+04   7.966234E+04   3.163426E+06   6.120959E+11
   6.250217E+03   7.453883E+11   7.346649E-11   4.281284E+13   1.023232E+06
   6.906480E+04   3.598480E+04   3.185877E+04   3.369575E+04   3.807666E+04
   4.407469E+04   5.134794E+04   5.974354E+04   6.918265E+04   7.961875E+04
   9.101940E+04   1.033567E+05   1.166005E+05   4.244023E+06   7.430673E+11
   6.273277E+03   8.999916E+11   9.693043E-11   5.656973E+13   1.449484E+06
   9.910465E+04   5.186994E+04   4.601849E+04   4.872713E+04   5.509991E+04
   6.380761E+04   7.435928E+04   8.653492E+04   1.002205E+05   1.153476E+05
   1.318671E+05   1.497348E+05   1.689007E+05   5.641955E+06   8.971954E+11
   6.291876E+03   1.075520E+12   1.277493E-10   7.466626E+13   2.022896E+06
   1.397460E+05   7.340585E+04   6.523397E+04   6.913638E+04   7.822109E+04
   9.061456E+04   1.056240E+05   1.229383E+05   1.423951E+05   1.638954E+05
   1.873659E+05   2.127370E+05   2.399272E+05   7.379599E+06   1.072183E+12
   6.309912E+03   1.282486E+12   1.681297E-10   9.840017E+13   2.813170E+06
   1.962845E+05   1.034644E+05   9.209463E+04   9.768936E+04   1.105841E+05
   1.281485E+05   1.494086E+05   1.739259E+05   2.014697E+05   2.318970E+05
   2.650972E+05   3.009610E+05   3.393546E+05   9.608398E+06   1.278514E+12
   6.331850E+03   1.539842E+12   2.208604E-10   1.294059E+14   3.948004E+06
   2.788008E+05   1.475802E+05   1.316189E+05   1.397624E+05   1.583114E+05
   1.835312E+05   2.140372E+05   2.492038E+05   2.886989E+05   3.323113E+05
   3.798711E+05   4.312012E+05   4.860766E+05   1.261454E+07   1.535084E+12
   6.354687E+03   1.850644E+12   2.898273E-10   1.699843E+14   5.546320E+06
   3.965735E+05   2.108378E+05   1.884141E+05   2.002906E+05   2.270216E+05
   2.632978E+05   3.071473E+05   3.576755E+05   4.144019E+05   4.770125E+05
   5.452423E+05   6.188011E+05   6.973060E+05   1.655468E+07   1.844941E+12
   6.375997E+03   2.215922E+12   3.801629E-10   2.231772E+14   7.749601E+06
   5.605370E+05   2.992135E+05   2.678903E+05   2.850649E+05   3.233061E+05
   3.751127E+05   4.376936E+05   5.097765E+05   5.906686E+05   6.799025E+05
   7.770638E+05   8.816759E+05   9.930892E+05   2.156773E+07   2.209110E+12
   6.407498E+03   2.704678E+12   4.974574E-10   2.922301E+14   1.111696E+07
   8.178059E+05   4.391327E+05   3.942394E+05   4.201376E+05   4.769231E+05
   5.536598E+05   6.462678E+05   7.528753E+05   8.724444E+05   1.004246E+06
   1.147596E+06   1.301665E+06   1.465286E+06   2.881008E+07   2.696399E+12
   6.460225E+03   3.435260E+12   6.482149E-10   3.808809E+14   1.684699E+07
   1.274415E+06   6.910347E+05   6.232004E+05   6.657707E+05   7.568695E+05
   8.794776E+05   1.027220E+06   1.197143E+06   1.387567E+06   1.597244E+06
   1.824919E+06   2.068981E+06   2.327080E+06   4.059199E+07   3.424830E+12
   6.521837E+03   4.428121E+12   8.429730E-10   4.953567E+14   2.605045E+07
   2.034806E+06   1.115793E+06   1.011499E+06   1.083641E+06   1.234001E+06
   1.435447E+06   1.677767E+06   1.956167E+06   2.267824E+06   2.610502E+06
   2.981775E+06   3.378350E+06   3.795254E+06   5.815338E+07   4.414792E+12
   6.587647E+03   5.737804E+12   1.094846E-09   6.433780E+14   4.055982E+07
   3.276302E+06   1.817805E+06   1.656878E+06   1.780290E+06   2.030895E+06
   2.365085E+06   2.766339E+06   3.226776E+06   3.741550E+06   4.306527E+06
   4.916865E+06   5.565659E+06   6.242141E+06   8.349628E+07   5.720706E+12
   6.659745E+03   7.498415E+12   1.419489E-09   8.340928E+14   6.387226E+07
   5.348627E+06   3.005246E+06   2.755219E+06   2.969815E+06   3.394279E+06
   3.957547E+06   4.632487E+06   5.405876E+06   6.269129E+06   7.214290E+06
   8.231325E+06   9.305232E+06   1.041194E+07   1.205445E+08   7.476340E+12
   6.745147E+03   9.998350E+12   1.834834E-09   1.077845E+15   1.033649E+08
   9.024002E+06   5.144820E+06   4.748716E+06   5.137327E+06   5.884422E+06
   6.870352E+06   8.048963E+06   9.397080E+06   1.089859E+07   1.253709E+07
   1.429032E+07   1.612347E+07   1.797908E+07   1.773895E+08   9.969303E+12
   6.847750E+03   1.366940E+13   2.362846E-09   1.387224E+15   1.730380E+08
   1.586030E+07   9.197764E+06   8.556801E+06   9.296654E+06   1.067576E+07
   1.248433E+07   1.464026E+07   1.710060E+07   1.983273E+07   2.279986E+07
   2.594831E+07   2.919043E+07   3.237752E+07   2.668020E+08   1.363032E+13
   6.965558E+03   1.905057E+13   3.032234E-09   1.778715E+15   2.972016E+08
   2.875612E+07   1.699529E+07   1.595009E+07   1.741158E+07   2.005095E+07
   2.348871E+07   2.757339E+07   3.222110E+07   3.736095E+07   4.290403E+07
   4.871141E+07   5.454692E+07   6.000030E+07   4.048113E+08   1.899703E+13
   7.086709E+03   2.649891E+13   3.884997E-09   2.276862E+15   5.086634E+08
   5.193622E+07   3.127836E+07   2.961141E+07   3.247716E+07   3.750452E+07
   4.400907E+07   5.171047E+07   6.044174E+07   7.004417E+07   8.029786E+07
   9.083846E+07   1.010252E+08   1.097312E+08   6.000692E+08   2.642579E+13
   7.196818E+03   3.597657E+13   4.980694E-09   2.917011E+15   8.413950E+08
   9.007187E+07   5.515105E+07   5.261298E+07   5.794353E+07   6.707514E+07
   7.882035E+07   9.267709E+07   1.083203E+08   1.254029E+08   1.434028E+08
   1.614134E+08   1.778038E+08   1.897269E+08   8.439648E+08   3.587888E+13
   7.293542E+03   4.759414E+13   6.390824E-09   3.741443E+15   1.342194E+09
   1.496043E+08   9.290643E+07   8.921132E+07   9.859534E+07   1.143655E+08
   1.345439E+08   1.582626E+08   1.849058E+08   2.137425E+08   2.435957E+08
   2.723507E+08   2.961678E+08   3.085614E+08   1.124454E+09   4.746670E+13
   7.374754E+03   6.126778E+13   8.208282E-09   4.805313E+15   2.061122E+09
   2.374670E+08   1.491877E+08   1.440216E+08   1.596266E+08   1.854586E+08
   2.183613E+08   2.568890E+08   2.999153E+08   3.459732E+08   3.925728E+08
   4.351366E+08   4.654086E+08   4.703142E+08   1.419688E+09   6.110557E+13
   7.447803E+03   7.768171E+13   1.053903E-08   6.170765E+15   3.097995E+09
   3.674846E+08   2.332367E+08   2.262209E+08   2.513597E+08   2.924392E+08
   3.445354E+08   4.052784E+08   4.726347E+08   5.437303E+08   6.134801E+08
   6.724146E+08   7.038822E+08   6.842136E+08   1.720863E+09   7.747810E+13
   7.513518E+03   9.719078E+13   1.352334E-08   7.920597E+15   4.569412E+09
   5.561553E+08   3.561746E+08   3.468946E+08   3.862859E+08   4.499376E+08
   5.303125E+08   6.235739E+08   7.260964E+08   8.323813E+08   9.323851E+08
   1.007381E+09   1.026015E+09   9.507669E+08   2.006889E+09   9.693831E+13
   7.572489E+03   1.201530E+14   1.733795E-08   1.015925E+16   6.625786E+09
   8.249694E+08   5.325417E+08   5.205612E+08   5.807752E+08   6.771201E+08
   7.982472E+08   9.380068E+08   1.090017E+09   1.244005E+09   1.380777E+09
   1.464991E+09   1.441992E+09   1.262415E+09   2.256072E+09   1.198433E+14
   7.625681E+03   1.470272E+14   2.220322E-08   1.301689E+16   9.467380E+09
   1.202810E+09   7.819461E+08   7.668271E+08   8.569442E+08   9.998679E+08
   1.178734E+09   1.383756E+09   1.603832E+09   1.820181E+09   1.997272E+09
   2.071508E+09   1.955769E+09   1.604088E+09   2.450238E+09   1.466511E+14
   7.672845E+03   1.780681E+14   2.839754E-08   1.665833E+16   1.332866E+10
   1.723556E+09   1.127417E+09   1.108731E+09   1.240773E+09   1.448536E+09
   1.707280E+09   2.001555E+09   2.312330E+09   2.606124E+09   2.819414E+09
   2.843887E+09   2.555729E+09   1.950857E+09   2.573851E+09   1.776157E+14
   7.715634E+03   2.139761E+14   3.625920E-08   2.128342E+16   1.855008E+10
   2.437041E+09   1.602959E+09   1.580345E+09   1.770704E+09   2.068015E+09
   2.436290E+09   2.851235E+09   3.280600E+09   3.665903E+09   3.897145E+09
   3.800046E+09   3.224717E+09   2.278945E+09   2.620353E+09   2.134360E+14
   7.757126E+03   2.561873E+14   4.618956E-08   2.712868E+16   2.566646E+10
   3.423576E+09   2.263810E+09   2.237203E+09   2.509489E+09   2.931611E+09
   3.451250E+09   4.030060E+09   4.613547E+09   5.100729E+09   5.305717E+09
   4.964308E+09   3.943297E+09   2.568281E+09   2.589384E+09   2.555451E+14
   7.797934E+03   3.058250E+14   5.867903E-08   3.448374E+16   3.533683E+10
   4.783665E+09   3.179486E+09   3.149361E+09   3.536318E+09   4.131661E+09
   4.859226E+09   5.658220E+09   6.436845E+09   7.022796E+09   7.110719E+09
   6.330919E+09   4.668129E+09   2.793927E+09   2.481447E+09   3.050639E+14
   7.838161E+03   3.640012E+14   7.431288E-08   4.369448E+16   4.840247E+10
   6.647561E+09   4.440556E+09   4.408273E+09   4.954585E+09   5.788452E+09
   6.798801E+09   7.888929E+09   8.904979E+09   9.557308E+09   9.362028E+09
   7.860888E+09   5.341943E+09   2.934332E+09   2.302113E+09   3.631024E+14
   7.880918E+03   4.336139E+14   9.373301E-08   5.513855E+16   6.629397E+10
   9.243873E+09   6.207518E+09   6.176695E+09   6.948670E+09   8.116665E+09
   9.517183E+09   1.099477E+10   1.229081E+10   1.292241E+10   1.215096E+10
   9.522064E+09   5.920950E+09   2.980361E+09   2.064439E+09   4.325528E+14
   7.927711E+03   5.177739E+14   1.176598E-07   6.923993E+16   9.096415E+10
   1.289362E+10   8.707891E+09   8.686247E+09   9.781227E+09   1.142148E+10
   1.336325E+10   1.535340E+10   1.695518E+10   1.737068E+10   1.553037E+10
   1.123276E+10   6.352180E+09   2.925821E+09   1.784452E+09   5.165201E+14
   7.980889E+03   6.212611E+14   1.468341E-07   8.643309E+16   1.254280E+11
   1.810900E+10   1.230856E+10   1.231210E+10   1.387836E+10   1.619747E+10
   1.889938E+10   2.156472E+10   2.344952E+10   2.324805E+10   1.953403E+10
   1.288885E+10   6.594578E+09   2.774008E+09   1.482394E+09   6.197751E+14
   8.043203E+03   7.510539E+14   1.819557E-07   1.071260E+17   1.743830E+11
   2.571801E+10   1.760976E+10   1.767114E+10   1.994188E+10   2.325796E+10
   2.704398E+10   3.058951E+10   3.261128E+10   3.100187E+10   2.414072E+10
   1.436374E+10   6.622572E+09   2.537264E+09   1.180278E+09   7.492829E+14
   8.118452E+03   9.181546E+14   2.235701E-07   1.316309E+17   2.455833E+11
   3.714442E+10   2.565730E+10   2.584428E+10   2.920388E+10   3.402863E+10
   3.939463E+10   4.406201E+10   4.577772E+10   4.122056E+10   2.925717E+10
   1.553023E+10   6.433645E+09   2.237024E+09   8.990519E+08   9.160250E+14
   8.211592E+03   1.140147E+15   2.718984E-07   1.600614E+17   3.523205E+11
   5.494424E+10   3.835733E+10   3.881424E+10   4.392932E+10   5.112485E+10
   5.885294E+10   6.486239E+10   6.510771E+10   5.461606E+10   3.467607E+10
   1.627890E+10   6.049905E+09   1.901423E+09   6.552767E+08   1.137552E+15
   8.328237E+03   1.444569E+15   3.266416E-07   1.922126E+17   5.177273E+11
   8.381264E+10   5.927377E+10   6.031592E+10   6.839447E+10   7.946832E+10
   9.080023E+10   9.809647E+10   9.393791E+10   7.181447E+10   4.001464E+10
   1.653636E+10   5.515515E+09   1.561045E+09   4.584582E+08   1.441350E+15
   8.475595E+03   1.877101E+15   3.867364E-07   2.274086E+17   7.842000E+11
   1.328903E+11   9.548462E+10   9.782920E+10   1.111833E+11   1.288920E+11
   1.457716E+11   1.531295E+11   1.372513E+11   9.300400E+10   4.475900E+10
   1.629908E+10   4.892558E+09   1.244038E+09   3.103183E+08   1.873013E+15
   8.662625E+03   2.515165E+15   4.501326E-07   2.643563E+17   1.232373E+12
   2.208210E+11   1.617643E+11   1.671178E+11   1.904249E+11   2.200053E+11
   2.451634E+11   2.470975E+11   2.014515E+11   1.172614E+11   4.837499E+10
   1.564221E+10   4.249531E+09   9.711165E+08   2.060419E+08   2.509823E+15
   8.935815E+03   3.620400E+15   5.113949E-07   2.995713E+17   2.120567E+12
   4.105092E+11   3.088926E+11   3.227946E+11   3.690486E+11   4.238634E+11
   4.605379E+11   4.321086E+11   3.030633E+11   1.449898E+11   5.104290E+10
   1.480637E+10   3.673418E+09   7.598905E+08   1.390009E+08   3.612926E+15
   9.372603E+03   5.929357E+15   5.640127E-07   3.284569E+17   4.310122E+12
   9.353427E+11   7.322097E+11   7.779924E+11   8.926873E+11   1.011055E+12
   1.039124E+12   8.400906E+11   4.578788E+11   1.728813E+11   5.255929E+10
   1.393953E+10   3.212254E+09   6.125040E+08   9.949235E+07   5.916874E+15
   9.993186E+03   1.075345E+16   5.999836E-07   3.449520E+17   9.915779E+12
   2.487828E+12   2.047377E+12   2.219050E+12   2.545163E+12   2.779819E+12
   2.513916E+12   1.538984E+12   6.123068E+11   1.899445E+11   5.245950E+10
   1.318165E+10   2.908578E+09   5.290133E+08   8.034157E+07   1.073202E+16
   1.069669E+04   1.909229E+16   6.185176E-07   3.475821E+17   2.177181E+13
   6.308753E+12   5.453141E+12   6.012345E+12   6.818923E+12   6.899096E+12
   4.985114E+12   2.191889E+12   6.930033E+11   1.941914E+11   5.145237E+10
   1.268011E+10   2.765061E+09   4.979675E+08   7.473466E+07   1.905568E+16
   1.124660E+04   2.849946E+16   6.371808E-07   3.492105E+17   3.757245E+13
   1.203176E+13   1.075429E+13   1.196391E+13   1.329695E+13   1.221158E+13
   7.066182E+12   2.504173E+12   7.132836E+11   1.920847E+11   5.007628E+10
   1.224080E+10   2.654404E+09   4.755334E+08   7.088107E+07   2.844504E+16
   1.164606E+04   3.742197E+16   6.588572E-07   3.531067E+17   5.450519E+13
   1.865657E+13   1.704488E+13   1.903303E+13   2.066454E+13   1.725572E+13
   8.409346E+12   2.636205E+12   7.143220E+11   1.886809E+11   4.871430E+10
   1.182088E+10   2.543282E+09   4.511019E+08   6.623375E+07   3.734940E+16
   1.195800E+04   4.589924E+16   6.823452E-07   3.585202E+17   7.213888E+13
   2.592945E+13   2.406545E+13   2.690064E+13   2.849304E+13   2.175441E+13
   9.290706E+12   2.697104E+12   7.097731E+11   1.851733E+11   4.743205E+10
   1.141983E+10   2.432883E+09   4.257864E+08   6.123863E+07   4.580806E+16
   1.222534E+04   5.440753E+16   7.079334E-07   3.651450E+17   9.122352E+13
   3.412288E+13   3.207069E+13   3.582782E+13   3.695300E+13   2.586207E+13
   9.916454E+12   2.726468E+12   7.030637E+11   1.816560E+11   4.618018E+10
   1.102206E+10   2.320901E+09   3.996653E+08   5.605605E+07   5.429623E+16
   1.247181E+04   6.341914E+16   7.365494E-07   3.730569E+17   1.128475E+14
   4.372399E+13   4.154277E+13   4.632077E+13   4.638301E+13   2.973377E+13
   1.038907E+13   2.738650E+12   6.950345E+11   1.780377E+11   4.490386E+10
   1.061169E+10   2.204039E+09   3.723088E+08   5.068387E+07   6.328491E+16
   1.271010E+04   7.333599E+16   7.692077E-07   3.824532E+17   1.382144E+14
   5.533280E+13   5.309116E+13   5.900513E+13   5.712241E+13   3.344579E+13
   1.075701E+13   2.739399E+12   6.858780E+11   1.742292E+11   4.356466E+10
   1.017787E+10   2.080050E+09   3.434473E+08   4.513497E+07   7.317462E+16
   1.294741E+04   8.452910E+16   8.069552E-07   3.935814E+17   1.687014E+14
   6.968720E+13   6.747630E+13   7.463581E+13   6.947921E+13   3.701399E+13
   1.104446E+13   2.731313E+12   6.756117E+11   1.701627E+11   4.213658E+10
   9.713694E+09   1.947748E+09   3.130514E+08   3.946658E+07   8.433469E+16
   1.318828E+04   9.738598E+16   8.508980E-07   4.067069E+17   2.059956E+14
   8.773641E+13   8.568404E+13   9.415348E+13   8.372408E+13   4.041850E+13
   1.126465E+13   2.715691E+12   6.641989E+11   1.657873E+11   4.060225E+10
   9.215376E+09   1.806932E+09   2.813415E+08   3.378266E+07   9.715054E+16
   1.343579E+04   1.123376E+17   9.022582E-07   4.221201E+17   2.522285E+14
   1.107260E+14   1.090130E+14   1.187381E+14   1.000624E+14   4.361845E+13
   1.142547E+13   2.693235E+12   6.515876E+11   1.610636E+11   3.895019E+10
   8.681466E+09   1.658191E+09   2.487380E+08   2.821742E+07   1.120504E+17
   1.369225E+04   1.298866E+17   9.624229E-07   4.401364E+17   3.101568E+14
   1.403186E+14   1.391983E+14   1.498740E+14   1.185987E+14   4.656448E+13
   1.153223E+13   2.664347E+12   6.377215E+11   1.559615E+11   3.717374E+10
   8.112597E+09   1.502836E+09   2.158290E+08   2.292060E+07   1.295334E+17
   1.395954E+04   1.506344E+17   1.032992E-06   4.610982E+17   3.833918E+14
   1.787563E+14   1.785763E+14   1.894134E+14   1.392917E+14   4.920808E+13
   1.158888E+13   2.629261E+12   6.225453E+11   1.504583E+11   3.527071E+10
   7.511429E+09   1.342855E+09   1.833294E+08   1.804032E+07   1.501960E+17
   1.423910E+04   1.752970E+17   1.115836E-06   4.853914E+17   4.766575E+14
   2.290570E+14   2.302786E+14   2.396006E+14   1.618982E+14   5.150753E+13
   1.159874E+13   2.588135E+12   6.060118E+11   1.445392E+11   3.324310E+10
   6.882454E+09   1.180768E+09   1.520132E+08   1.370308E+07   1.747477E+17
   1.453213E+04   2.047298E+17   1.213083E-06   5.134152E+17   5.961323E+14
   2.952831E+14   2.984892E+14   3.030591E+14   1.859431E+14   5.343287E+13
   1.156476E+13   2.541098E+12   5.880904E+11   1.382015E+11   3.109911E+10
   6.232602E+09   1.019694E+09   1.226847E+08   1.000337E+07   2.040353E+17
   1.483949E+04   2.399358E+17   1.327123E-06   5.455740E+17   7.498074E+14
   3.828491E+14   3.887193E+14   3.826545E+14   2.107156E+14   5.496808E+13
   1.148983E+13   2.488301E+12   5.687795E+11   1.314576E+11   2.885387E+10
   5.571173E+09   8.631634E+08   9.609067E+07   6.989064E+06   2.390502E+17
   1.516159E+04   2.820673E+17   1.460584E-06   5.822615E+17   9.478842E+14
   4.988837E+14   5.080955E+14   4.812056E+14   2.353232E+14   5.611203E+13
   1.137696E+13   2.429962E+12   5.481161E+11   1.243383E+11   2.652994E+10
   4.909555E+09   7.148423E+08   7.283115E+07   4.654661E+06   2.809297E+17
   1.549873E+04   3.324648E+17   1.616376E-06   6.238497E+17   1.203400E+15
   6.527675E+14   6.657609E+14   6.011131E+14   2.588201E+14   5.687797E+13
   1.122921E+13   2.366346E+12   5.261696E+11   1.168906E+11   2.415609E+10
   4.260395E+09   5.781508E+08   5.327538E+07   2.943758E+06   3.309945E+17
   1.585117E+04   3.926903E+17   1.797783E-06   6.707079E+17   1.532987E+15
   8.568023E+14   8.732937E+14   7.438373E+14   2.803410E+14   5.729025E+13
   1.104963E+13   2.297754E+12   5.030355E+11   1.091739E+11   2.176501E+10
   3.636355E+09   4.558367E+08   3.750979E+07   1.761216E+06   3.907811E+17
   1.623084E+04   4.654792E+17   2.005005E-06   7.202040E+17   1.959923E+15
   1.129348E+15   1.147635E+15   9.105647E+14   2.991548E+14   5.733774E+13
   1.083441E+13   2.224187E+12   4.791858E+11   1.014814E+11   1.947911E+10
   3.073618E+09   3.543330E+08   2.587217E+07   1.023947E+06   4.629814E+17
   1.661638E+04   5.513500E+17   2.248594E-06   7.780512E+17   2.507149E+15
   1.487398E+15   1.502064E+15   1.096620E+15   3.148550E+14   5.713064E+13
   1.059939E+13   2.146806E+12   4.541561E+11   9.348222E+10   1.716725E+10
   2.533786E+09   2.648550E+08   1.681706E+07   5.456522E+05   5.480895E+17
   1.701851E+04   6.534651E+17   2.530083E-06   8.419751E+17   3.209659E+15
   1.959339E+15   1.959052E+15   1.298459E+15   3.272645E+14   5.666819E+13
   1.034103E+13   2.065642E+12   4.284126E+11   8.546372E+10   1.494662E+10
   2.049076E+09   1.922232E+08   1.045903E+07   2.727536E+05   6.492063E+17
