   1    7.6946E-08  3.2882E-10  8.5469E-03  5.6819E+03  9.3097E+10  1.6389E-11
   2    1.0514E-07  8.1607E-10  2.6014E-02  6.1234E+03  2.9728E+11  2.0477E-11
   3    1.4245E-07  1.8569E-09  2.9787E-02  6.1853E+03  3.9468E+11  2.7472E-11
   4    1.9165E-07  3.3764E-09  3.1978E-02  6.2162E+03  4.8933E+11  3.6843E-11
   5    2.5638E-07  5.5111E-09  3.3975E-02  6.2379E+03  5.9318E+11  4.9216E-11
   6    3.4142E-07  8.5197E-09  3.6785E-02  6.2625E+03  7.2132E+11  6.5393E-11
   7    4.5304E-07  1.2831E-08  4.0454E-02  6.2892E+03  8.7886E+11  8.6529E-11
   8    5.9951E-07  1.9055E-08  4.4534E-02  6.3125E+03  1.0613E+12  1.1425E-10
   9    7.9169E-07  2.8028E-08  4.8854E-02  6.3305E+03  1.2667E+12  1.5066E-10
  10    1.0439E-06  4.0961E-08  5.3717E-02  6.3462E+03  1.5031E+12  1.9843E-10
  11    1.3748E-06  5.9707E-08  5.9570E-02  6.3627E+03  1.7847E+12  2.6098E-10
  12    1.8091E-06  8.6972E-08  6.6005E-02  6.3761E+03  2.1049E+12  3.4310E-10
  13    2.3788E-06  1.2657E-07  7.2998E-02  6.3862E+03  2.4653E+12  4.5094E-10
  14    3.1260E-06  1.8561E-07  8.5031E-02  6.4188E+03  3.0149E+12  5.8992E-10
  15    4.1055E-06  2.7645E-07  1.0045E-01  6.4571E+03  3.7236E+12  7.7054E-10
  16    5.3884E-06  4.1721E-07  1.1899E-01  6.4962E+03  4.6002E+12  1.0057E-09
  17    7.0667E-06  6.3551E-07  1.4116E-01  6.5357E+03  5.6802E+12  1.3115E-09
  18    9.2593E-06  9.7511E-07  1.6861E-01  6.5786E+03  7.0480E+12  1.7078E-09
  19    1.2120E-05  1.5086E-06  2.0444E-01  6.6295E+03  8.8613E+12  2.2186E-09
  20    1.5845E-05  2.3605E-06  2.5295E-01  6.6919E+03  1.1347E+13  2.8737E-09
  21    2.0688E-05  3.7406E-06  3.1694E-01  6.7624E+03  1.4701E+13  3.7130E-09
  22    2.6976E-05  6.0136E-06  4.0600E-01  6.8470E+03  1.9448E+13  4.7808E-09
  23    3.5127E-05  9.8210E-06  5.2829E-01  6.9430E+03  2.6107E+13  6.1373E-09
  24    4.5672E-05  1.6268E-05  6.9446E-01  7.0481E+03  3.5381E+13  7.8575E-09
  25    5.9290E-05  2.7183E-05  9.0854E-01  7.1540E+03  4.7732E+13  1.0045E-08
  26    7.6846E-05  4.5369E-05  1.1632E+00  7.2503E+03  6.3112E+13  1.2843E-08
  27    9.9436E-05  7.4924E-05  1.4535E+00  7.3348E+03  8.1607E+13  1.6426E-08
  28    1.2845E-04  1.2182E-04  1.7793E+00  7.4088E+03  1.0354E+14  2.1008E-08
  29    1.6565E-04  1.9478E-04  2.1438E+00  7.4748E+03  1.2947E+14  2.6857E-08
  30    2.1324E-04  3.0639E-04  2.5459E+00  7.5330E+03  1.5973E+14  3.4316E-08
  31    2.7403E-04  4.7464E-04  2.9900E+00  7.5853E+03  1.9503E+14  4.3809E-08
  32    3.5149E-04  7.2532E-04  3.4818E+00  7.6330E+03  2.3617E+14  5.5864E-08
  33    4.4997E-04  1.0952E-03  4.0299E+00  7.6775E+03  2.8423E+14  7.1128E-08
  34    5.7479E-04  1.6361E-03  4.6372E+00  7.7188E+03  3.4001E+14  9.0408E-08
  35    7.3251E-04  2.4208E-03  5.3131E+00  7.7579E+03  4.0482E+14  1.1468E-07
  36    9.3103E-04  3.5506E-03  6.0687E+00  7.7957E+03  4.8018E+14  1.4511E-07
  37    1.1798E-03  5.1666E-03  6.9234E+00  7.8334E+03  5.6843E+14  1.8306E-07
  38    1.4899E-03  7.4677E-03  7.9172E+00  7.8741E+03  6.7396E+14  2.3004E-07
  39    1.8741E-03  1.0734E-02  9.0867E+00  7.9192E+03  8.0155E+14  2.8778E-07
  40    2.3464E-03  1.5359E-02  1.0498E+01  7.9712E+03  9.5887E+14  3.5803E-07
  41    2.9219E-03  2.1904E-02  1.2249E+01  8.0335E+03  1.1577E+15  4.4243E-07
  42    3.6153E-03  3.1176E-02  1.4495E+01  8.1105E+03  1.4170E+15  5.4222E-07
  43    4.4397E-03  4.4355E-02  1.7476E+01  8.2074E+03  1.7663E+15  6.5793E-07
  44    5.4047E-03  6.3204E-02  2.1591E+01  8.3310E+03  2.2551E+15  7.8882E-07
  45    6.5135E-03  9.0432E-02  2.7523E+01  8.4900E+03  2.9685E+15  9.3233E-07
  46    7.7605E-03  1.3085E-01  3.7291E+01  8.7162E+03  4.1467E+15  1.0808E-06
  47    9.1289E-03  1.9524E-01  5.6831E+01  9.1458E+03  6.9422E+15  1.2078E-06
  48    1.0657E-02  3.1184E-01  9.5802E+01  9.6329E+03  1.1694E+16  1.3319E-06
  49    1.2291E-02  5.2752E-01  1.6813E+02  1.0212E+04  2.0098E+16  1.4366E-06
  50    1.3918E-02  8.8882E-01  2.7602E+02  1.0777E+04  3.2103E+16  1.5238E-06
  51    1.5502E-02  1.4235E+00  3.9894E+02  1.1233E+04  4.5533E+16  1.6093E-06
  52    1.7045E-02  2.1350E+00  5.2359E+02  1.1593E+04  5.9181E+16  1.6965E-06
  53    1.8589E-02  3.0400E+00  6.4828E+02  1.1892E+04  7.3075E+16  1.7865E-06
  54    2.0204E-02  4.1905E+00  7.7700E+02  1.2158E+04  8.7734E+16  1.8822E-06
  55    2.1955E-02  5.6711E+00  9.1426E+02  1.2408E+04  1.0375E+17  1.9867E-06
  56    2.3905E-02  7.6004E+00  1.0643E+03  1.2651E+04  1.2173E+17  2.1032E-06
  57    2.6117E-02  1.0139E+01  1.2312E+03  1.2893E+04  1.4229E+17  2.2349E-06
  58    2.8657E-02  1.3504E+01  1.4186E+03  1.3137E+04  1.6611E+17  2.3849E-06
  59    3.1599E-02  1.7991E+01  1.6313E+03  1.3387E+04  1.9396E+17  2.5567E-06
  60    3.5028E-02  2.4001E+01  1.8740E+03  1.3644E+04  2.2674E+17  2.7541E-06
  61    3.9043E-02  3.2084E+01  2.1519E+03  1.3910E+04  2.6553E+17  2.9814E-06
  62    4.3762E-02  4.2992E+01  2.4712E+03  1.4185E+04  3.1159E+17  3.2436E-06
  63    4.9325E-02  5.7762E+01  2.8390E+03  1.4471E+04  3.6644E+17  3.5463E-06
  64    5.5900E-02  7.7822E+01  3.2630E+03  1.4769E+04  4.3189E+17  3.8959E-06
  65    6.3684E-02  1.0513E+02  3.7520E+03  1.5078E+04  5.1010E+17  4.2998E-06
  66    7.2911E-02  1.4235E+02  4.3163E+03  1.5401E+04  6.0358E+17  4.7661E-06
  67    8.3852E-02  1.9313E+02  4.9673E+03  1.5736E+04  7.1530E+17  5.3040E-06
  68    9.6828E-02  2.6263E+02  5.7444E+03  1.6102E+04  8.5225E+17  5.9092E-06
  69    1.1222E-01  3.5773E+02  6.6138E+03  1.6466E+04  1.0121E+18  6.6191E-06
  70    1.3041E-01  4.8716E+02  7.6129E+03  1.6843E+04  1.2021E+18  7.4322E-06
