   1    8.3590E-08  3.4066E-10  8.1508E-03  5.5885E+03  4.2952E+10  5.7065E-12
   2    1.1448E-07  8.5984E-10  2.5464E-02  6.0453E+03  1.4572E+11  7.0707E-12
   3    1.5602E-07  1.9723E-09  2.8095E-02  6.1101E+03  1.9588E+11  9.5353E-12
   4    2.1165E-07  3.5665E-09  2.9224E-02  6.1471E+03  2.4750E+11  1.2885E-11
   5    2.8580E-07  5.7629E-09  3.0014E-02  6.1739E+03  3.0525E+11  1.7371E-11
   6    3.8425E-07  8.7515E-09  3.0704E-02  6.1938E+03  3.7016E+11  2.3344E-11
   7    5.1445E-07  1.2791E-08  3.1344E-02  6.2075E+03  4.4205E+11  3.1274E-11
   8    6.8614E-07  1.8234E-08  3.2062E-02  6.2166E+03  5.2179E+11  4.1763E-11
   9    9.1202E-07  2.5602E-08  3.3179E-02  6.2253E+03  6.1401E+11  5.5567E-11
  10    1.2088E-06  3.5887E-08  3.6126E-02  6.2502E+03  7.4539E+11  7.3466E-11
  11    1.5985E-06  5.0633E-08  3.9555E-02  6.2733E+03  8.9999E+11  9.6930E-11
  12    2.1099E-06  7.1808E-08  4.3252E-02  6.2919E+03  1.0755E+12  1.2775E-10
  13    2.7812E-06  1.0231E-07  4.7626E-02  6.3099E+03  1.2825E+12  1.6813E-10
  14    3.6621E-06  1.4676E-07  5.3291E-02  6.3319E+03  1.5398E+12  2.2086E-10
  15    4.8183E-06  2.1232E-07  6.0111E-02  6.3547E+03  1.8506E+12  2.8983E-10
  16    6.3354E-06  3.0943E-07  6.7918E-02  6.3760E+03  2.2159E+12  3.8016E-10
  17    8.3256E-06  4.5539E-07  7.8755E-02  6.4075E+03  2.7047E+12  4.9746E-10
  18    1.0935E-05  6.8308E-07  9.5728E-02  6.4602E+03  3.4353E+12  6.4821E-10
  19    1.4356E-05  1.0495E-06  1.1856E-01  6.5218E+03  4.4281E+12  8.4297E-10
  20    1.8833E-05  1.6461E-06  1.4796E-01  6.5876E+03  5.7378E+12  1.0948E-09
  21    2.4686E-05  2.6254E-06  1.8666E-01  6.6597E+03  7.4984E+12  1.4195E-09
  22    3.2327E-05  4.2594E-06  2.4100E-01  6.7451E+03  9.9984E+12  1.8348E-09
  23    4.2287E-05  7.0538E-06  3.2014E-01  6.8478E+03  1.3669E+13  2.3628E-09
  24    5.5246E-05  1.1946E-05  4.3484E-01  6.9656E+03  1.9051E+13  3.0322E-09
  25    7.2079E-05  2.0570E-05  5.8992E-01  7.0867E+03  2.6499E+13  3.8850E-09
  26    9.3907E-05  3.5512E-05  7.7912E-01  7.1968E+03  3.5977E+13  4.9807E-09
  27    1.2216E-04  6.0635E-05  9.9943E-01  7.2935E+03  4.7594E+13  6.3908E-09
  28    1.5865E-04  1.0155E-04  1.2430E+00  7.3748E+03  6.1268E+13  8.2083E-09
  29    2.0568E-04  1.6652E-04  1.5196E+00  7.4478E+03  7.7682E+13  1.0539E-08
  30    2.6618E-04  2.6784E-04  1.8302E+00  7.5135E+03  9.7191E+13  1.3523E-08
  31    3.4379E-04  4.2327E-04  2.1752E+00  7.5725E+03  1.2015E+14  1.7338E-08
  32    4.4312E-04  6.5828E-04  2.5564E+00  7.6257E+03  1.4703E+14  2.2203E-08
  33    5.6992E-04  1.0088E-03  2.9718E+00  7.6728E+03  1.7807E+14  2.8398E-08
  34    7.3131E-04  1.5250E-03  3.4258E+00  7.7156E+03  2.1398E+14  3.6259E-08
  35    9.3604E-04  2.2786E-03  3.9362E+00  7.7571E+03  2.5619E+14  4.6190E-08
  36    1.1947E-03  3.3713E-03  4.5118E+00  7.7979E+03  3.0583E+14  5.8679E-08
  37    1.5201E-03  4.9445E-03  5.1596E+00  7.8382E+03  3.6400E+14  7.4313E-08
  38    1.9269E-03  7.1964E-03  5.9116E+00  7.8809E+03  4.3361E+14  9.3733E-08
  39    2.4322E-03  1.0407E-02  6.7969E+00  7.9277E+03  5.1777E+14  1.1766E-07
  40    3.0547E-03  1.4971E-02  7.8630E+00  7.9809E+03  6.2126E+14  1.4683E-07
  41    3.8143E-03  2.1442E-02  9.1773E+00  8.0432E+03  7.5105E+14  1.8196E-07
  42    4.7304E-03  3.0613E-02  1.0845E+01  8.1185E+03  9.1815E+14  2.2357E-07
  43    5.8197E-03  4.3624E-02  1.3042E+01  8.2116E+03  1.1401E+15  2.7190E-07
  44    7.0935E-03  6.2148E-02  1.6042E+01  8.3282E+03  1.4446E+15  3.2664E-07
  45    8.5533E-03  8.8674E-02  2.0301E+01  8.4756E+03  1.8771E+15  3.8674E-07
  46    1.0188E-02  1.2702E-01  2.6620E+01  8.6626E+03  2.5152E+15  4.5013E-07
  47    1.1969E-02  1.8444E-01  3.7850E+01  8.9358E+03  3.6204E+15  5.1139E-07
  48    1.3925E-02  2.7919E-01  5.9033E+01  9.3726E+03  5.9294E+15  5.6401E-07
  49    1.5988E-02  4.5590E-01  1.1228E+02  9.9932E+03  1.0753E+16  5.9998E-07
  50    1.8016E-02  7.8551E-01  2.1273E+02  1.0697E+04  1.9092E+16  6.1852E-07
  51    1.9948E-02  1.3103E+00  3.3063E+02  1.1247E+04  2.8499E+16  6.3718E-07
  52    2.1764E-02  2.0127E+00  4.4313E+02  1.1646E+04  3.7422E+16  6.5886E-07
  53    2.3516E-02  2.8820E+00  5.4882E+02  1.1958E+04  4.5899E+16  6.8235E-07
  54    2.5306E-02  3.9570E+00  6.5254E+02  1.2225E+04  5.4408E+16  7.0793E-07
  55    2.7230E-02  5.3157E+00  7.5935E+02  1.2472E+04  6.3419E+16  7.3655E-07
  56    2.9376E-02  7.0670E+00  8.7356E+02  1.2710E+04  7.3336E+16  7.6921E-07
  57    3.1822E-02  9.3569E+00  9.9857E+02  1.2947E+04  8.4529E+16  8.0696E-07
  58    3.4654E-02  1.2382E+01  1.1376E+03  1.3188E+04  9.7386E+16  8.5090E-07
  59    3.7968E-02  1.6410E+01  1.2938E+03  1.3436E+04  1.1234E+17  9.0226E-07
  60    4.1874E-02  2.1809E+01  1.4705E+03  1.3692E+04  1.2989E+17  9.6242E-07
  61    4.6505E-02  2.9085E+01  1.6714E+03  1.3960E+04  1.5063E+17  1.0330E-06
  62    5.2023E-02  3.8940E+01  1.9008E+03  1.4239E+04  1.7530E+17  1.1158E-06
  63    5.8619E-02  5.2344E+01  2.1635E+03  1.4532E+04  2.0473E+17  1.2131E-06
  64    6.6520E-02  7.0628E+01  2.4646E+03  1.4839E+04  2.3994E+17  1.3271E-06
  65    7.5990E-02  9.5601E+01  2.8095E+03  1.5162E+04  2.8207E+17  1.4606E-06
  66    8.7340E-02  1.2973E+02  3.2043E+03  1.5499E+04  3.3246E+17  1.6164E-06
  67    1.0094E-01  1.7636E+02  3.6555E+03  1.5851E+04  3.9269E+17  1.7978E-06
  68    1.1722E-01  2.4014E+02  4.1789E+03  1.6231E+04  4.6548E+17  2.0050E-06
  69    1.3671E-01  3.2731E+02  4.7666E+03  1.6616E+04  5.5135E+17  2.2486E-06
  70    1.6000E-01  4.4614E+02  5.4351E+03  1.7019E+04  6.5347E+17  2.5301E-06
