   70   20
   7.694554E-08   1.051421E-07   1.424481E-07   1.916491E-07   2.563829E-07   3.414216E-07
   4.530442E-07   5.995120E-07   7.916921E-07   1.043874E-06   1.374809E-06   1.809064E-06
   2.378764E-06   3.125976E-06   4.105521E-06   5.388435E-06   7.066725E-06   9.259281E-06
   1.211950E-05   1.584468E-05   2.068815E-05   2.697619E-05   3.512656E-05   4.567169E-05
   5.929041E-05   7.684620E-05   9.943614E-05   1.284503E-04   1.656455E-04   2.132407E-04
   2.740282E-04   3.514947E-04   4.499687E-04   5.747940E-04   7.325098E-04   9.310337E-04
   1.179811E-03   1.489916E-03   1.874083E-03   2.346443E-03   2.921918E-03   3.615280E-03
   4.439708E-03   5.404674E-03   6.513462E-03   7.760545E-03   9.128865E-03   1.065665E-02
   1.229102E-02   1.391790E-02   1.550238E-02   1.704480E-02   1.858933E-02   2.020370E-02
   2.195465E-02   2.390481E-02   2.611656E-02   2.865654E-02   3.159879E-02   3.502792E-02
   3.904309E-02   4.376203E-02   4.932517E-02   5.589987E-02   6.368433E-02   7.291097E-02
   8.385204E-02   9.682800E-02   1.122179E-01   1.304138E-01
   5.681915E+03   9.309664E+10   1.638853E-11   9.623458E+12   3.461032E+04
   1.645010E+03   7.580872E+02   6.340939E+02   6.502742E+02   7.212743E+02
   8.248801E+02   9.531034E+02   1.102449E+03   1.271170E+03   1.458301E+03
   1.663263E+03   1.885677E+03   2.125269E+03   1.860081E+05   9.277528E+10
   6.123436E+03   2.972802E+11   2.047707E-11   1.184385E+13   1.912618E+05
   1.200550E+04   6.098273E+03   5.335917E+03   5.607655E+03   6.312389E+03
   7.288573E+03   8.476969E+03   9.851285E+03   1.139819E+04   1.311014E+04
   1.498237E+04   1.701143E+04   1.919433E+04   1.046805E+06   2.963424E+11
   6.185265E+03   3.946750E+11   2.747216E-11   1.589392E+13   3.113683E+05
   2.025653E+04   1.041910E+04   9.169584E+03   9.666942E+03   1.090249E+04
   1.260401E+04   1.467142E+04   1.706017E+04   1.974761E+04   2.272077E+04
   2.597129E+04   2.949283E+04   3.327956E+04   1.607362E+06   3.934420E+11
   6.216240E+03   4.893315E+11   3.684259E-11   2.135498E+13   4.602031E+05
   3.047250E+04   1.577092E+04   1.391934E+04   1.469713E+04   1.659112E+04
   1.919208E+04   2.234934E+04   2.599573E+04   3.009696E+04   3.463325E+04
   3.959154E+04   4.496158E+04   5.073338E+04   2.230611E+06   4.878076E+11
   6.237875E+03   5.931834E+11   4.921585E-11   2.858715E+13   6.581124E+05
   4.411329E+04   2.292858E+04   2.027678E+04   2.143287E+04   2.421056E+04
   2.801774E+04   3.263615E+04   3.796839E+04   4.396449E+04   5.059537E+04
   5.784141E+04   6.568654E+04   7.411445E+04   2.991982E+06   5.913386E+11
   6.262456E+03   7.213160E+11   6.539334E-11   3.805052E+13   9.436980E+05
   6.413453E+04   3.349624E+04   2.968849E+04   3.141928E+04   3.551714E+04
   4.112172E+04   4.791550E+04   5.575650E+04   6.457156E+04   7.431758E+04
   8.496470E+04   9.648735E+04   1.088583E+05   4.026020E+06   7.190777E+11
   6.289204E+03   8.788637E+11   8.652882E-11   5.042400E+13   1.355241E+06
   9.348451E+04   4.908019E+04   4.360591E+04   4.620853E+04   5.227647E+04
   6.055647E+04   7.058537E+04   8.215561E+04   9.515962E+04   1.095331E+05
   1.252300E+05   1.422090E+05   1.604241E+05   5.425374E+06   8.761440E+11
   6.312450E+03   1.061324E+12   1.142459E-10   6.667468E+13   1.920599E+06
   1.341940E+05   7.077019E+04   6.300750E+04   6.684349E+04   7.567251E+04
   8.769656E+04   1.022503E+05   1.190347E+05   1.378941E+05   1.587334E+05
   1.814825E+05   2.060753E+05   2.324342E+05   7.207366E+06   1.058047E+12
   6.330520E+03   1.266707E+12   1.506588E-10   8.805793E+13   2.675998E+06
   1.888367E+05   9.993323E+04   8.911462E+04   9.462245E+04   1.071767E+05
   1.242484E+05   1.449005E+05   1.687109E+05   1.954579E+05   2.250039E+05
   2.572434E+05   2.920720E+05   3.293626E+05   9.400552E+06   1.262801E+12
   6.346227E+03   1.503129E+12   1.984320E-10   1.161454E+14   3.696706E+06
   2.631096E+05   1.396570E+05   1.247109E+05   1.325186E+05   1.501687E+05
   1.741387E+05   2.031218E+05   2.365278E+05   2.740439E+05   3.154717E+05
   3.606528E+05   4.094235E+05   4.615761E+05   1.214133E+07   1.498500E+12
   6.362678E+03   1.784736E+12   2.609847E-10   1.529501E+14   5.108635E+06
   3.668638E+05   1.953387E+05   1.746860E+05   1.857680E+05   2.106094E+05
   2.443002E+05   2.850164E+05   3.319313E+05   3.846020E+05   4.427406E+05
   5.061071E+05   5.744410E+05   6.474010E+05   1.566843E+07   1.779247E+12
   6.376078E+03   2.104941E+12   3.431015E-10   2.013153E+14   6.992113E+06
   5.057691E+05   2.699827E+05   2.417212E+05   2.572193E+05   2.917262E+05
   3.384742E+05   3.949460E+05   4.599956E+05   5.330017E+05   6.135493E+05
   7.012759E+05   7.957703E+05   8.964770E+05   1.999124E+07   2.098473E+12
   6.386205E+03   2.465307E+12   4.509363E-10   2.648879E+14   9.474945E+06
   6.891087E+05   3.685529E+05   3.302644E+05   3.516074E+05   3.988900E+05
   4.628923E+05   5.401793E+05   6.291805E+05   7.290325E+05   8.391399E+05
   9.589588E+05   1.087846E+06   1.224907E+06   2.520435E+07   2.457736E+12
   6.418830E+03   3.014889E+12   5.899231E-10   3.467407E+14   1.362786E+07
   1.008589E+06   5.427225E+05   4.877156E+05   5.200297E+05   5.905031E+05
   6.856506E+05   8.004343E+05   9.325337E+05   1.080647E+06   1.243835E+06
   1.421190E+06   1.611580E+06   1.813384E+06   3.370841E+07   3.005672E+12
   6.457119E+03   3.723604E+12   7.705436E-10   4.531181E+14   1.986633E+07
   1.500367E+06   8.130893E+05   7.330793E+05   7.830412E+05   8.901047E+05
   1.034226E+06   1.207891E+06   1.407606E+06   1.631357E+06   1.877619E+06
   2.144816E+06   2.430887E+06   2.732795E+06   4.557800E+07   3.712286E+12
   6.496202E+03   4.600216E+12   1.005677E-09   5.916469E+14   2.896408E+07
   2.232586E+06   1.218577E+06   1.102305E+06   1.179543E+06   1.342256E+06
   1.560644E+06   1.823487E+06   2.125506E+06   2.463565E+06   2.835145E+06
   3.237471E+06   3.666756E+06   4.117259E+06   6.143430E+07   4.586313E+12
   6.535695E+03   5.680175E+12   1.311470E-09   7.718653E+14   4.218414E+07
   3.318574E+06   1.824293E+06   1.655681E+06   1.774865E+06   2.021856E+06
   2.352389E+06   2.749716E+06   3.205844E+06   3.715845E+06   4.275502E+06
   4.879875E+06   5.521944E+06   6.190824E+06   8.241279E+07   5.663109E+12
   6.578571E+03   7.048025E+12   1.707758E-09   1.005447E+15   6.183350E+07
   4.971849E+06   2.754121E+06   2.508428E+06   2.694151E+06   3.072572E+06
   3.577416E+06   4.183453E+06   4.878428E+06   5.654435E+06   6.504231E+06
   7.418811E+06   8.384894E+06   9.381454E+06   1.107855E+08   7.026985E+12
   6.629540E+03   8.861301E+12   2.218598E-09   1.306500E+15   9.226631E+07
   7.611341E+06   4.254213E+06   3.890794E+06   4.188253E+06   4.782911E+06
   5.573377E+06   6.520755E+06   7.605697E+06   8.815026E+06   1.013573E+07
   1.155064E+07   1.303357E+07   1.454220E+07   1.507784E+08   8.835054E+12
   6.691884E+03   1.134735E+13   2.873725E-09   1.692425E+15   1.411478E+08
   1.200793E+07   6.784332E+06   6.235783E+06   6.730647E+06   7.698592E+06
   8.979785E+06   1.051226E+07   1.226424E+07   1.421258E+07   1.633247E+07
   1.858927E+07   2.092835E+07   2.325960E+07   2.088299E+08   1.131404E+13
   6.762407E+03   1.470071E+13   3.712983E-09   2.186649E+15   2.193034E+08
   1.930513E+07   1.103832E+07   1.020204E+07   1.104461E+07   1.265531E+07
   1.477733E+07   1.730975E+07   2.019871E+07   2.340176E+07   2.686951E+07
   3.052912E+07   3.426208E+07   3.786940E+07   2.909718E+08   1.465801E+13
   6.847047E+03   1.944773E+13   4.780804E-09   2.814991E+15   3.505104E+08
   3.211647E+07   1.862287E+07   1.732392E+07   1.882046E+07   2.160977E+07
   2.526476E+07   2.961453E+07   3.456289E+07   4.002676E+07   4.590079E+07
   5.202138E+07   5.811442E+07   6.371217E+07   4.113678E+08   1.939198E+13
   6.943037E+03   2.610676E+13   6.137259E-09   3.612548E+15   5.712450E+08
   5.471022E+07   3.221906E+07   3.018708E+07   3.292173E+07   3.788679E+07
   4.435454E+07   5.202646E+07   6.072296E+07   7.027183E+07   8.043587E+07
   9.082872E+07   1.007852E+08   1.091606E+08   5.823365E+08   2.603299E+13
   7.048105E+03   3.538103E+13   7.857455E-09   4.623146E+15   9.425532E+08
   9.462121E+07   5.664794E+07   5.348067E+07   5.856505E+07   6.755881E+07
   7.920142E+07   9.295864E+07   1.084811E+08   1.253945E+08   1.431420E+08
   1.607765E+08   1.766324E+08   1.878649E+08   8.151782E+08   3.528262E+13
   7.153964E+03   4.773173E+13   1.004533E-08   5.907944E+15   1.544244E+09
   1.623237E+08   9.875738E+07   9.393154E+07   1.032732E+08   1.194074E+08
   1.401637E+08   1.645831E+08   1.919746E+08   2.215136E+08   2.518866E+08
   2.807802E+08   3.040877E+08   3.150357E+08   1.103626E+09   4.760104E+13
   7.250331E+03   6.311248E+13   1.284319E-08   7.551362E+15   2.459238E+09
   2.692466E+08   1.661593E+08   1.590820E+08   1.755187E+08   2.033431E+08
   2.389309E+08   2.805995E+08   3.270051E+08   3.763791E+08   4.257490E+08
   4.697519E+08   4.989518E+08   4.989179E+08   1.417289E+09   6.294211E+13
   7.334816E+03   8.160662E+13   1.642570E-08   9.656868E+15   3.795499E+09
   4.302685E+08   2.687838E+08   2.587834E+08   2.863729E+08   3.323124E+08
   3.907506E+08   4.588125E+08   5.339499E+08   6.125200E+08   6.881405E+08
   7.491701E+08   7.757777E+08   7.413792E+08   1.723861E+09   8.138904E+13
   7.408850E+03   1.035419E+14   2.100786E-08   1.235160E+16   5.704000E+09
   6.662185E+08   4.205468E+08   4.068483E+08   4.513599E+08   5.244574E+08
   6.169521E+08   7.240317E+08   8.409764E+08   9.605544E+08   1.069715E+09
   1.144731E+09   1.147618E+09   1.037456E+09   1.995454E+09   1.032689E+14
   7.474767E+03   1.294674E+14   2.685703E-08   1.579352E+16   8.396830E+09
   1.006656E+09   6.412668E+08   6.229780E+08   6.926331E+08   8.056565E+08
   9.479046E+08   1.111427E+09   1.287639E+09   1.462613E+09   1.610742E+09
   1.686388E+09   1.623561E+09   1.374179E+09   2.209432E+09   1.291293E+14
   7.532986E+03   1.597329E+14   3.431624E-08   2.018564E+16   1.212897E+10
   1.487408E+09   9.550485E+08   9.311710E+08   1.037185E+09   1.207402E+09
   1.420429E+09   1.663286E+09   1.920647E+09   2.166509E+09   2.352690E+09
   2.396713E+09   2.196741E+09   1.725439E+09   2.345693E+09   1.593196E+14
   7.585273E+03   1.950326E+14   4.380949E-08   2.577866E+16   1.726137E+10
   2.159681E+09   1.396449E+09   1.365873E+09   1.523765E+09   1.774860E+09
   2.087185E+09   2.439694E+09   2.805449E+09   3.137138E+09   3.347495E+09
   3.296670E+09   2.850214E+09   2.062201E+09   2.394690E+09   1.945323E+14
   7.632951E+03   2.361708E+14   5.586418E-08   3.288443E+16   2.427347E+10
   3.092306E+09   2.012107E+09   1.973646E+09   2.204760E+09   2.569004E+09
   3.018957E+09   3.520636E+09   4.027296E+09   4.454828E+09   4.650908E+09
   4.394715E+09   3.550515E+09   2.353190E+09   2.353588E+09   2.355703E+14
   7.677454E+03   2.842342E+14   7.112800E-08   4.188589E+16   3.382542E+10
   4.381469E+09   2.867513E+09   2.820000E+09   3.153903E+09   3.675519E+09
   4.314765E+09   5.016824E+09   5.701396E+09   6.221961E+09   6.322305E+09
   5.682721E+09   4.250612E+09   2.570327E+09   2.226611E+09   2.835180E+14
   7.718799E+03   3.400147E+14   9.040848E-08   5.326098E+16   4.671368E+10
   6.144098E+09   4.042519E+09   3.984885E+09   4.461093E+09   5.198490E+09
   6.093794E+09   7.058781E+09   7.957208E+09   8.539675E+09   8.393878E+09
   7.110823E+09   4.884405E+09   2.688574E+09   2.023128E+09   3.391662E+14
   7.757938E+03   4.048156E+14   1.146785E-07   6.758519E+16   6.404436E+10
   8.545000E+09   5.650200E+09   5.581703E+09   6.253828E+09   7.285169E+09
   8.523534E+09   9.827106E+09   1.096733E+10   1.152949E+10   1.088309E+10
   8.603998E+09   5.388271E+09   2.694548E+09   1.759851E+09   4.038160E+14
   7.795695E+03   4.801847E+14   1.451062E-07   8.554957E+16   8.728427E+10
   1.180605E+10   7.843538E+09   7.764138E+09   8.704791E+09   1.013423E+10
   1.182773E+10   1.355749E+10   1.494437E+10   1.531572E+10   1.376686E+10
   1.005396E+10   5.704250E+09   2.584995E+09   1.458518E+09   4.790133E+14
   7.833443E+03   5.684332E+14   1.830560E-07   1.079607E+17   1.185100E+11
   1.624804E+10   1.084521E+10   1.075644E+10   1.206595E+10   1.403467E+10
   1.632899E+10   1.858266E+10   2.017257E+10   2.003613E+10   1.698221E+10
   1.133618E+10   5.792156E+09   2.368551E+09   1.144613E+09   5.670659E+14
   7.874115E+03   6.739551E+14   2.300446E-07   1.357133E+17   1.610657E+11
   2.240361E+10   1.502847E+10   1.493604E+10   1.676198E+10   1.947315E+10
   2.256827E+10   2.545418E+10   2.711028E+10   2.589994E+10   2.045457E+10
   1.233792E+10   5.638887E+09   2.066159E+09   8.445826E+08   6.723607E+14
   7.919190E+03   8.015480E+14   2.877831E-07   1.698171E+17   2.195410E+11
   3.102427E+10   2.092482E+10   2.084210E+10   2.339924E+10   2.714068E+10
   3.130188E+10   3.491367E+10   3.630961E+10   3.305395E+10   2.399523E+10
   1.292994E+10   5.248730E+09   1.706715E+09   5.808874E+08   7.996888E+14
   7.971215E+03   9.588674E+14   3.580310E-07   2.113076E+17   3.011684E+11
   4.333398E+10   2.940894E+10   2.936570E+10   3.298064E+10   3.817670E+10
   4.376427E+10   4.813925E+10   4.858386E+10   4.164760E+10   2.736425E+10
   1.302358E+10   4.658041E+09   1.327189E+09   3.690867E+08   9.566947E+14
   8.033535E+03   1.157743E+15   4.424265E-07   2.611443E+17   4.176324E+11
   6.138508E+10   4.196519E+10   4.202616E+10   4.721758E+10   5.451835E+10
   6.202796E+10   6.704143E+10   6.512486E+10   5.178774E+10   3.027267E+10
   1.258592E+10   3.930049E+09   9.659953E+08   2.148528E+08   1.155190E+15
   8.110517E+03   1.416963E+15   5.422202E-07   3.200497E+17   5.886510E+11
   8.878836E+10   6.124041E+10   6.154742E+10   6.918139E+10   7.962719E+10
   8.974133E+10   9.484134E+10   8.769592E+10   6.347498E+10   3.241416E+10
   1.165442E+10   3.145435E+09   6.551447E+08   1.138782E+08   1.413934E+15
   8.207434E+03   1.766346E+15   6.579261E-07   3.882986E+17   8.484734E+11
   1.321219E+11   9.213203E+10   9.300086E+10   1.045954E+11   1.199167E+11
   1.335279E+11   1.370402E+11   1.187689E+11   7.643828E+10   3.350613E+10
   1.033558E+10   2.386619E+09   4.133192E+08   5.484341E+07   1.762697E+15
   8.330966E+03   2.255120E+15   7.888186E-07   4.654117E+17   1.259414E+12
   2.040227E+11   1.442173E+11   1.463746E+11   1.647415E+11   1.879339E+11
   2.059948E+11   2.032442E+11   1.615442E+11   8.995709E+10   3.337515E+10
   8.791517E+09   1.721126E+09   2.433821E+08   2.412168E+07   2.250625E+15
   8.490003E+03   2.968514E+15   9.323304E-07   5.497815E+17   1.941292E+12
   3.303511E+11   2.375013E+11   2.427017E+11   2.733902E+11   3.098356E+11
   3.324087E+11   3.103672E+11   2.194035E+11   1.027500E+11   3.204276E+10
   7.206861E+09   1.188642E+09   1.352662E+08   9.846634E+06   2.962801E+15
   8.716228E+03   4.146655E+15   1.080821E-06   6.366380E+17   3.227907E+12
   5.873156E+11   4.320869E+11   4.456863E+11   5.026363E+11   5.642338E+11
   5.858397E+11   5.019009E+11   2.999799E+11   1.144289E+11   2.996373E+10
   5.781327E+09   8.036307E+08   7.331388E+07   3.912803E+06   4.138913E+15
   9.145790E+03   6.942168E+15   1.207804E-06   7.091252E+17   6.803292E+12
   1.392882E+12   1.067311E+12   1.119269E+12   1.264500E+12   1.391117E+12
   1.342658E+12   9.565851E+11   4.295060E+11   1.273177E+11   2.817034E+10
   4.756039E+09   5.719986E+08   4.334487E+07   1.790069E+06   6.927167E+15
   9.632947E+03   1.169400E+16   1.331887E-06   7.779281E+17   1.435968E+13
   3.318230E+12   2.650291E+12   2.823038E+12   3.178197E+12   3.359506E+12
   2.842159E+12   1.547800E+12   5.229021E+11   1.291606E+11   2.543967E+10
   3.862574E+09   4.085634E+08   2.606837E+07   8.473418E+05   1.166988E+16
   1.021204E+04   2.009836E+16   1.436597E-06   8.315766E+17   3.080897E+13
   8.097872E+12   6.756340E+12   7.299500E+12   8.104690E+12   7.906458E+12
   5.334977E+12   2.108266E+12   5.702269E+11   1.255868E+11   2.293109E+10
   3.225300E+09   3.094823E+08   1.729053E+07   4.670598E+05   2.005863E+16
   1.077650E+04   3.210251E+16   1.523767E-06   8.712000E+17   5.922618E+13
   1.741377E+13   1.508043E+13   1.643383E+13   1.773977E+13   1.527293E+13
   7.864280E+12   2.422747E+12   5.786752E+11   1.198790E+11   2.089537E+10
   2.788321E+09   2.494100E+08   1.264349E+07   2.981627E+05   3.204047E+16
   1.123289E+04   4.553306E+16   1.609337E-06   9.084277E+17   9.648461E+13
   3.080157E+13   2.739296E+13   2.992182E+13   3.109130E+13   2.323682E+13
   9.547669E+12   2.540925E+12   5.691693E+11   1.136211E+11   1.910815E+10
   2.434851E+09   2.041988E+08   9.455085E+06   1.963899E+05   4.544500E+16
   1.159273E+04   5.918095E+16   1.696532E-06   9.463877E+17   1.393975E+14
   4.726277E+13   4.283035E+13   4.670309E+13   4.648318E+13   3.029712E+13
   1.053989E+13   2.572330E+12   5.541949E+11   1.075487E+11   1.750275E+10
   2.131114E+09   1.674782E+08   7.073006E+06   1.291231E+05   5.906480E+16
   1.189213E+04   7.307470E+16   1.786549E-06   9.857631E+17   1.877458E+14
   6.673437E+13   6.134093E+13   6.659563E+13   6.326442E+13   3.627509E+13
   1.113993E+13   2.567321E+12   5.376186E+11   1.017462E+11   1.603038E+10
   1.863204E+09   1.369206E+08   5.256805E+06   8.396317E+04   7.292793E+16
   1.215849E+04   8.773373E+16   1.882204E-06   1.027701E+18   2.434081E+14
   9.005005E+13   8.373132E+13   9.031281E+13   8.153403E+13   4.138860E+13
   1.151820E+13   2.544011E+12   5.201637E+11   9.606188E+10   1.463417E+10
   1.619390E+09   1.108137E+08   3.844081E+06   5.326484E+04   8.755233E+16
   1.240826E+04   1.037542E+17   1.986718E-06   1.073508E+18   3.092803E+14
   1.185985E+14   1.113654E+14   1.190744E+14   1.015741E+14   4.582526E+13
   1.175660E+13   2.508884E+12   5.017697E+11   9.034683E+10   1.327439E+10
   1.392513E+09   8.815819E+07   2.737546E+06   3.248457E+04   1.035322E+17
   1.265105E+04   1.217319E+17   2.103240E-06   1.124451E+18   3.890163E+14
   1.542460E+14   1.460922E+14   1.544544E+14   1.236007E+14   4.969064E+13
   1.189539E+13   2.464389E+12   4.822507E+11   8.450367E+10   1.193085E+10
   1.179584E+09   6.849500E+07   1.880523E+06   1.878421E+04   1.214608E+17
   1.289280E+04   1.422889E+17   2.234869E-06   1.181734E+18   4.871999E+14
   1.994478E+14   1.903507E+14   1.983852E+14   1.476768E+14   5.303594E+13
   1.195578E+13   2.411493E+12   4.614474E+11   7.848280E+10   1.059837E+10
   9.804420E+08   5.166172E+07   1.234984E+06   1.016575E+04   1.419571E+17
   1.313731E+04   1.661058E+17   2.384852E-06   1.246592E+18   6.096543E+14
   2.574407E+14   2.473505E+14   2.531849E+14   1.736621E+14   5.588361E+13
   1.194987E+13   2.350555E+12   4.392497E+11   7.227010E+10   9.281930E+09
   7.964726E+08   3.759882E+07   7.684124E+05   5.081564E+03   1.656979E+17
   1.338715E+04   1.939568E+17   2.556658E-06   1.320295E+18   7.638671E+14
   3.325208E+14   3.213270E+14   3.215696E+14   2.011883E+14   5.824481E+13
   1.188507E+13   2.281710E+12   4.156097E+11   6.588310E+10   7.994323E+09
   6.298626E+08   2.624269E+07   4.488255E+05   2.314780E+03   1.934521E+17
   1.364420E+04   2.267437E+17   2.754085E-06   1.404175E+18   9.595471E+14
   4.304200E+14   4.178754E+14   4.066170E+14   2.296642E+14   6.012932E+13
   1.176636E+13   2.205024E+12   3.905446E+11   5.936685E+10   6.753705E+09
   4.828888E+08   1.745378E+07   2.437415E+05   9.474263E+02   2.261146E+17
   1.390985E+04   2.655315E+17   2.981427E-06   1.499693E+18   1.209352E+15
   5.588108E+14   5.443761E+14   5.116370E+14   2.583159E+14   6.155042E+13
   1.159726E+13   2.120564E+12   3.641304E+11   5.278801E+10   5.580788E+09
   3.572852E+08   1.098454E+07   1.217812E+05   3.430797E+02   2.647411E+17
   1.418523E+04   3.115884E+17   3.243608E-06   1.608473E+18   1.529848E+15
   7.279883E+14   7.105319E+14   6.399168E+14   2.862639E+14   6.252630E+13
   1.138047E+13   2.028440E+12   3.365037E+11   4.623155E+10   4.496647E+09
   2.538509E+08   6.491102E+06   5.532962E+04   1.080455E+02   3.105872E+17
   1.447127E+04   3.664362E+17   3.546270E-06   1.732304E+18   1.942777E+15
   9.517949E+14   9.290342E+14   7.943106E+14   3.126225E+14   6.307952E+13
   1.111812E+13   1.928857E+12   3.078696E+11   3.979816E+10   3.520736E+09
   1.722461E+08   3.571026E+06   2.256716E+04   2.903833E+01   3.651582E+17
   1.476878E+04   4.318897E+17   3.895878E-06   1.873164E+18   2.476597E+15
   1.248780E+15   1.216269E+15   9.766130E+14   3.365929E+14   6.323543E+13
   1.081210E+13   1.822160E+12   2.785047E+11   3.359911E+10   2.668634E+09
   1.109412E+08   1.811824E+06   8.146525E+03   6.522692E+00   4.302464E+17
   1.507839E+04   5.100980E+17   4.299766E-06   2.033197E+18   3.168381E+15
   1.643678E+15   1.593025E+15   1.186808E+15   3.575401E+14   6.302088E+13
   1.046427E+13   1.708890E+12   2.487626E+11   2.775048E+10   1.950196E+09
   6.738347E+07   8.391737E+05   2.563048E+03   1.197127E+00   5.079712E+17
   1.540055E+04   6.035797E+17   4.766120E-06   2.214675E+18   4.066082E+15
   2.169207E+15   2.085020E+15   1.422339E+15   3.750380E+14   6.246332E+13
   1.007670E+13   1.589842E+12   2.190720E+11   2.236491E+10   1.368107E+09
   3.832726E+07   3.509985E+05   6.914309E+02   0.000000E+00   6.008118E+17
   1.573570E+04   7.152982E+17   5.303983E-06   2.419918E+18   5.231597E+15
   2.868494E+15   2.723283E+15   1.677757E+15   3.888818E+14   6.158991E+13
   9.651872E+12   1.466098E+12   1.899252E+11   1.754150E+10   9.172584E+08
   2.027066E+07   1.311238E+05   1.572969E+02   0.000000E+00   7.116799E+17
   1.610247E+04   8.522488E+17   5.909237E-06   2.639367E+18   6.770037E+15
   3.817966E+15   3.561902E+15   1.949266E+15   3.989422E+14   6.039593E+13
   9.196645E+12   1.342275E+12   1.628141E+11   1.351169E+10   5.974588E+08
   1.024589E+07   4.570164E+04   3.225940E+01   0.000000E+00   8.474595E+17
   1.646627E+04   1.012142E+18   6.619130E-06   2.897329E+18   8.738652E+15
   5.057281E+15   4.609157E+15   2.217326E+15   4.054979E+14   5.896925E+13
   8.708433E+12   1.213807E+12   1.363117E+11   9.976119E+09   3.622065E+08
   4.610303E+06   1.328433E+04   5.027148E+00   0.000000E+00   1.005843E+18
   1.684330E+04   1.202114E+18   7.432204E-06   3.185650E+18   1.128022E+16
   6.691873E+15   5.916741E+15   2.475088E+15   4.087797E+14   5.730939E+13
   8.194941E+12   1.085550E+12   1.118686E+11   7.114569E+09   2.072385E+08
   1.890323E+06   3.342231E+03   0.000000E+00   0.000000E+00   1.193825E+18
