 RELATIVE CHANGES OF VECTOR PSI
  ITER  ID    TEMP        NE       POP     RAD      MAXIMUM   ilev   ifr

    1   70  9.18E-02  0.00E+00  0.00E+00  0.00E+00  9.18E-02    0    0
    1   69  9.11E-02  0.00E+00  0.00E+00  0.00E+00  9.11E-02    0    0
    1   68  9.05E-02  0.00E+00  0.00E+00  0.00E+00  9.05E-02    0    0
    1   67  8.98E-02  0.00E+00  0.00E+00  0.00E+00  8.98E-02    0    0
    1   66  8.91E-02  0.00E+00  0.00E+00  0.00E+00  8.91E-02    0    0
    1   65  8.85E-02  0.00E+00  0.00E+00  0.00E+00  8.85E-02    0    0
    1   64  8.82E-02  0.00E+00  0.00E+00  0.00E+00  8.82E-02    0    0
    1   63  8.83E-02  0.00E+00  0.00E+00  0.00E+00  8.83E-02    0    0
    1   62  8.89E-02  0.00E+00  0.00E+00  0.00E+00  8.89E-02    0    0
    1   61  9.01E-02  0.00E+00  0.00E+00  0.00E+00  9.01E-02    0    0
    1   60  9.18E-02  0.00E+00  0.00E+00  0.00E+00  9.18E-02    0    0
    1   59  9.41E-02  0.00E+00  0.00E+00  0.00E+00  9.41E-02    0    0
    1   58  9.69E-02  0.00E+00  0.00E+00  0.00E+00  9.69E-02    0    0
    1   57  1.00E-01  0.00E+00  0.00E+00  0.00E+00  1.00E-01    0    0
    1   56  1.04E-01  0.00E+00  0.00E+00  0.00E+00  1.04E-01    0    0
    1   55  1.09E-01  0.00E+00  0.00E+00  0.00E+00  1.09E-01    0    0
    1   54  1.14E-01  0.00E+00  0.00E+00  0.00E+00  1.14E-01    0    0
    1   53  1.19E-01  0.00E+00  0.00E+00  0.00E+00  1.19E-01    0    0
    1   52  1.23E-01  0.00E+00  0.00E+00  0.00E+00  1.23E-01    0    0
    1   51  1.18E-01  0.00E+00  0.00E+00  0.00E+00  1.18E-01    0    0
    1   50  9.54E-02  0.00E+00  0.00E+00  0.00E+00  9.54E-02    0    0
    1   49  5.15E-02  0.00E+00  0.00E+00  0.00E+00  5.15E-02    0    0
    1   48  9.03E-03  0.00E+00  0.00E+00  0.00E+00  9.03E-03    0    0
    1   47  2.82E-03  0.00E+00  0.00E+00  0.00E+00  2.82E-03    0    0
    1   46 -2.26E-03  0.00E+00  0.00E+00  0.00E+00 -2.26E-03    0    0
    1   45 -6.31E-03  0.00E+00  0.00E+00  0.00E+00 -6.31E-03    0    0
    1   44 -9.43E-03  0.00E+00  0.00E+00  0.00E+00 -9.43E-03    0    0
    1   43 -1.19E-02  0.00E+00  0.00E+00  0.00E+00 -1.19E-02    0    0
    1   42 -1.39E-02  0.00E+00  0.00E+00  0.00E+00 -1.39E-02    0    0
    1   41 -1.56E-02  0.00E+00  0.00E+00  0.00E+00 -1.56E-02    0    0
    1   40 -1.70E-02  0.00E+00  0.00E+00  0.00E+00 -1.70E-02    0    0
    1   39 -1.82E-02  0.00E+00  0.00E+00  0.00E+00 -1.82E-02    0    0
    1   38 -1.93E-02  0.00E+00  0.00E+00  0.00E+00 -1.93E-02    0    0
    1   37 -2.04E-02  0.00E+00  0.00E+00  0.00E+00 -2.04E-02    0    0
    1   36 -2.13E-02  0.00E+00  0.00E+00  0.00E+00 -2.13E-02    0    0
    1   35 -2.24E-02  0.00E+00  0.00E+00  0.00E+00 -2.24E-02    0    0
    1   34 -2.34E-02  0.00E+00  0.00E+00  0.00E+00 -2.34E-02    0    0
    1   33 -2.45E-02  0.00E+00  0.00E+00  0.00E+00 -2.45E-02    0    0
    1   32 -2.57E-02  0.00E+00  0.00E+00  0.00E+00 -2.57E-02    0    0
    1   31 -2.69E-02  0.00E+00  0.00E+00  0.00E+00 -2.69E-02    0    0
    1   30 -2.80E-02  0.00E+00  0.00E+00  0.00E+00 -2.80E-02    0    0
    1   29 -2.92E-02  0.00E+00  0.00E+00  0.00E+00 -2.92E-02    0    0
    1   28 -3.05E-02  0.00E+00  0.00E+00  0.00E+00 -3.05E-02    0    0
    1   27 -3.19E-02  0.00E+00  0.00E+00  0.00E+00 -3.19E-02    0    0
    1   26 -3.34E-02  0.00E+00  0.00E+00  0.00E+00 -3.34E-02    0    0
    1   25 -3.49E-02  0.00E+00  0.00E+00  0.00E+00 -3.49E-02    0    0
    1   24 -3.64E-02  0.00E+00  0.00E+00  0.00E+00 -3.64E-02    0    0
    1   23 -3.79E-02  0.00E+00  0.00E+00  0.00E+00 -3.79E-02    0    0
    1   22 -3.93E-02  0.00E+00  0.00E+00  0.00E+00 -3.93E-02    0    0
    1   21 -4.07E-02  0.00E+00  0.00E+00  0.00E+00 -4.07E-02    0    0
    1   20 -4.24E-02  0.00E+00  0.00E+00  0.00E+00 -4.24E-02    0    0
    1   19 -4.45E-02  0.00E+00  0.00E+00  0.00E+00 -4.45E-02    0    0
    1   18 -4.68E-02  0.00E+00  0.00E+00  0.00E+00 -4.68E-02    0    0
    1   17 -4.93E-02  0.00E+00  0.00E+00  0.00E+00 -4.93E-02    0    0
    1   16 -5.20E-02  0.00E+00  0.00E+00  0.00E+00 -5.20E-02    0    0
    1   15 -5.48E-02  0.00E+00  0.00E+00  0.00E+00 -5.48E-02    0    0
    1   14 -5.72E-02  0.00E+00  0.00E+00  0.00E+00 -5.72E-02    0    0
    1   13 -5.88E-02  0.00E+00  0.00E+00  0.00E+00 -5.88E-02    0    0
    1   12 -5.91E-02  0.00E+00  0.00E+00  0.00E+00 -5.91E-02    0    0
    1   11 -5.93E-02  0.00E+00  0.00E+00  0.00E+00 -5.93E-02    0    0
    1   10 -5.96E-02  0.00E+00  0.00E+00  0.00E+00 -5.96E-02    0    0
    1    9 -6.00E-02  0.00E+00  0.00E+00  0.00E+00 -6.00E-02    0    0
    1    8 -6.08E-02  0.00E+00  0.00E+00  0.00E+00 -6.08E-02    0    0
    1    7 -6.24E-02  0.00E+00  0.00E+00  0.00E+00 -6.24E-02    0    0
    1    6 -6.51E-02  0.00E+00  0.00E+00  0.00E+00 -6.51E-02    0    0
    1    5 -6.88E-02  0.00E+00  0.00E+00  0.00E+00 -6.88E-02    0    0
    1    4 -7.31E-02  0.00E+00  0.00E+00  0.00E+00 -7.31E-02    0    0
    1    3 -7.81E-02  0.00E+00  0.00E+00  0.00E+00 -7.81E-02    0    0
    1    2 -8.45E-02  0.00E+00  0.00E+00  0.00E+00 -8.45E-02    0    0
    1    1 -8.60E-02  0.00E+00  0.00E+00  0.00E+00 -8.60E-02    0    0
    2   70 -4.70E-02  0.00E+00  0.00E+00  0.00E+00 -4.70E-02    0    0
    2   69 -4.58E-02  0.00E+00  0.00E+00  0.00E+00 -4.58E-02    0    0
    2   68 -4.56E-02  0.00E+00  0.00E+00  0.00E+00 -4.56E-02    0    0
    2   67 -4.52E-02  0.00E+00  0.00E+00  0.00E+00 -4.52E-02    0    0
    2   66 -4.48E-02  0.00E+00  0.00E+00  0.00E+00 -4.48E-02    0    0
    2   65 -4.50E-02  0.00E+00  0.00E+00  0.00E+00 -4.50E-02    0    0
    2   64 -4.45E-02  0.00E+00  0.00E+00  0.00E+00 -4.45E-02    0    0
    2   63 -4.40E-02  0.00E+00  0.00E+00  0.00E+00 -4.40E-02    0    0
    2   62 -4.35E-02  0.00E+00  0.00E+00  0.00E+00 -4.35E-02    0    0
    2   61 -4.31E-02  0.00E+00  0.00E+00  0.00E+00 -4.31E-02    0    0
    2   60 -4.26E-02  0.00E+00  0.00E+00  0.00E+00 -4.26E-02    0    0
    2   59 -4.21E-02  0.00E+00  0.00E+00  0.00E+00 -4.21E-02    0    0
    2   58 -4.16E-02  0.00E+00  0.00E+00  0.00E+00 -4.16E-02    0    0
    2   57 -4.09E-02  0.00E+00  0.00E+00  0.00E+00 -4.09E-02    0    0
    2   56 -4.00E-02  0.00E+00  0.00E+00  0.00E+00 -4.00E-02    0    0
    2   55 -3.87E-02  0.00E+00  0.00E+00  0.00E+00 -3.87E-02    0    0
    2   54 -3.68E-02  0.00E+00  0.00E+00  0.00E+00 -3.68E-02    0    0
    2   53 -3.38E-02  0.00E+00  0.00E+00  0.00E+00 -3.38E-02    0    0
    2   52 -2.88E-02  0.00E+00  0.00E+00  0.00E+00 -2.88E-02    0    0
    2   51 -2.03E-02  0.00E+00  0.00E+00  0.00E+00 -2.03E-02    0    0
    2   50 -7.38E-03  0.00E+00  0.00E+00  0.00E+00 -7.38E-03    0    0
    2   49  1.04E-02  0.00E+00  0.00E+00  0.00E+00  1.04E-02    0    0
    2   48  2.40E-02  0.00E+00  0.00E+00  0.00E+00  2.40E-02    0    0
    2   47 -1.11E-02  0.00E+00  0.00E+00  0.00E+00 -1.11E-02    0    0
    2   46 -1.12E-02  0.00E+00  0.00E+00  0.00E+00 -1.12E-02    0    0
    2   45 -1.19E-02  0.00E+00  0.00E+00  0.00E+00 -1.19E-02    0    0
    2   44 -1.27E-02  0.00E+00  0.00E+00  0.00E+00 -1.27E-02    0    0
    2   43 -1.33E-02  0.00E+00  0.00E+00  0.00E+00 -1.33E-02    0    0
    2   42 -1.39E-02  0.00E+00  0.00E+00  0.00E+00 -1.39E-02    0    0
    2   41 -1.44E-02  0.00E+00  0.00E+00  0.00E+00 -1.44E-02    0    0
    2   40 -1.50E-02  0.00E+00  0.00E+00  0.00E+00 -1.50E-02    0    0
    2   39 -1.57E-02  0.00E+00  0.00E+00  0.00E+00 -1.57E-02    0    0
    2   38 -1.64E-02  0.00E+00  0.00E+00  0.00E+00 -1.64E-02    0    0
    2   37 -1.73E-02  0.00E+00  0.00E+00  0.00E+00 -1.73E-02    0    0
    2   36 -1.82E-02  0.00E+00  0.00E+00  0.00E+00 -1.82E-02    0    0
    2   35 -1.93E-02  0.00E+00  0.00E+00  0.00E+00 -1.93E-02    0    0
    2   34 -2.05E-02  0.00E+00  0.00E+00  0.00E+00 -2.05E-02    0    0
    2   33 -2.19E-02  0.00E+00  0.00E+00  0.00E+00 -2.19E-02    0    0
    2   32 -2.33E-02  0.00E+00  0.00E+00  0.00E+00 -2.33E-02    0    0
    2   31 -2.47E-02  0.00E+00  0.00E+00  0.00E+00 -2.47E-02    0    0
    2   30 -2.62E-02  0.00E+00  0.00E+00  0.00E+00 -2.62E-02    0    0
    2   29 -2.80E-02  0.00E+00  0.00E+00  0.00E+00 -2.80E-02    0    0
    2   28 -2.99E-02  0.00E+00  0.00E+00  0.00E+00 -2.99E-02    0    0
    2   27 -3.18E-02  0.00E+00  0.00E+00  0.00E+00 -3.18E-02    0    0
    2   26 -3.38E-02  0.00E+00  0.00E+00  0.00E+00 -3.38E-02    0    0
    2   25 -3.56E-02  0.00E+00  0.00E+00  0.00E+00 -3.56E-02    0    0
    2   24 -3.73E-02  0.00E+00  0.00E+00  0.00E+00 -3.73E-02    0    0
    2   23 -3.91E-02  0.00E+00  0.00E+00  0.00E+00 -3.91E-02    0    0
    2   22 -4.12E-02  0.00E+00  0.00E+00  0.00E+00 -4.12E-02    0    0
    2   21 -4.35E-02  0.00E+00  0.00E+00  0.00E+00 -4.35E-02    0    0
    2   20 -4.62E-02  0.00E+00  0.00E+00  0.00E+00 -4.62E-02    0    0
    2   19 -4.90E-02  0.00E+00  0.00E+00  0.00E+00 -4.90E-02    0    0
    2   18 -5.14E-02  0.00E+00  0.00E+00  0.00E+00 -5.14E-02    0    0
    2   17 -5.30E-02  0.00E+00  0.00E+00  0.00E+00 -5.30E-02    0    0
    2   16 -5.38E-02  0.00E+00  0.00E+00  0.00E+00 -5.38E-02    0    0
    2   15 -5.39E-02  0.00E+00  0.00E+00  0.00E+00 -5.39E-02    0    0
    2   14 -5.34E-02  0.00E+00  0.00E+00  0.00E+00 -5.34E-02    0    0
    2   13 -5.26E-02  0.00E+00  0.00E+00  0.00E+00 -5.26E-02    0    0
    2   12 -5.15E-02  0.00E+00  0.00E+00  0.00E+00 -5.15E-02    0    0
    2   11 -5.08E-02  0.00E+00  0.00E+00  0.00E+00 -5.08E-02    0    0
    2   10 -5.03E-02  0.00E+00  0.00E+00  0.00E+00 -5.03E-02    0    0
    2    9 -5.01E-02  0.00E+00  0.00E+00  0.00E+00 -5.01E-02    0    0
    2    8 -5.00E-02  0.00E+00  0.00E+00  0.00E+00 -5.00E-02    0    0
    2    7 -5.02E-02  0.00E+00  0.00E+00  0.00E+00 -5.02E-02    0    0
    2    6 -5.06E-02  0.00E+00  0.00E+00  0.00E+00 -5.06E-02    0    0
    2    5 -5.10E-02  0.00E+00  0.00E+00  0.00E+00 -5.10E-02    0    0
    2    4 -5.14E-02  0.00E+00  0.00E+00  0.00E+00 -5.14E-02    0    0
    2    3 -5.18E-02  0.00E+00  0.00E+00  0.00E+00 -5.18E-02    0    0
    2    2 -5.23E-02  0.00E+00  0.00E+00  0.00E+00 -5.23E-02    0    0
    2    1 -6.00E-02  0.00E+00  0.00E+00  0.00E+00 -6.00E-02    0    0
    3   70  7.45E-03  0.00E+00  0.00E+00  0.00E+00  7.45E-03    0    0
    3   69  7.70E-03  0.00E+00  0.00E+00  0.00E+00  7.70E-03    0    0
    3   68  7.60E-03  0.00E+00  0.00E+00  0.00E+00  7.60E-03    0    0
    3   67  7.48E-03  0.00E+00  0.00E+00  0.00E+00  7.48E-03    0    0
    3   66  7.39E-03  0.00E+00  0.00E+00  0.00E+00  7.39E-03    0    0
    3   65  7.99E-03  0.00E+00  0.00E+00  0.00E+00  7.99E-03    0    0
    3   64  7.76E-03  0.00E+00  0.00E+00  0.00E+00  7.76E-03    0    0
    3   63  7.47E-03  0.00E+00  0.00E+00  0.00E+00  7.47E-03    0    0
    3   62  7.15E-03  0.00E+00  0.00E+00  0.00E+00  7.15E-03    0    0
    3   61  6.79E-03  0.00E+00  0.00E+00  0.00E+00  6.79E-03    0    0
    3   60  6.39E-03  0.00E+00  0.00E+00  0.00E+00  6.39E-03    0    0
    3   59  5.97E-03  0.00E+00  0.00E+00  0.00E+00  5.97E-03    0    0
    3   58  5.53E-03  0.00E+00  0.00E+00  0.00E+00  5.53E-03    0    0
    3   57  5.08E-03  0.00E+00  0.00E+00  0.00E+00  5.08E-03    0    0
    3   56  4.64E-03  0.00E+00  0.00E+00  0.00E+00  4.64E-03    0    0
    3   55  4.27E-03  0.00E+00  0.00E+00  0.00E+00  4.27E-03    0    0
    3   54  4.03E-03  0.00E+00  0.00E+00  0.00E+00  4.03E-03    0    0
    3   53  4.12E-03  0.00E+00  0.00E+00  0.00E+00  4.12E-03    0    0
    3   52  4.81E-03  0.00E+00  0.00E+00  0.00E+00  4.81E-03    0    0
    3   51  6.73E-03  0.00E+00  0.00E+00  0.00E+00  6.73E-03    0    0
    3   50  9.65E-03  0.00E+00  0.00E+00  0.00E+00  9.65E-03    0    0
    3   49  1.31E-02  0.00E+00  0.00E+00  0.00E+00  1.31E-02    0    0
    3   48  1.22E-02  0.00E+00  0.00E+00  0.00E+00  1.22E-02    0    0
    3   47  2.36E-02  0.00E+00  0.00E+00  0.00E+00  2.36E-02    0    0
    3   46  4.75E-04  0.00E+00  0.00E+00  0.00E+00  4.75E-04    0    0
    3   45 -7.28E-04  0.00E+00  0.00E+00  0.00E+00 -7.28E-04    0    0
    3   44 -1.63E-03  0.00E+00  0.00E+00  0.00E+00 -1.63E-03    0    0
    3   43 -2.16E-03  0.00E+00  0.00E+00  0.00E+00 -2.16E-03    0    0
    3   42 -2.52E-03  0.00E+00  0.00E+00  0.00E+00 -2.52E-03    0    0
    3   41 -2.80E-03  0.00E+00  0.00E+00  0.00E+00 -2.80E-03    0    0
    3   40 -3.09E-03  0.00E+00  0.00E+00  0.00E+00 -3.09E-03    0    0
    3   39 -3.45E-03  0.00E+00  0.00E+00  0.00E+00 -3.45E-03    0    0
    3   38 -3.88E-03  0.00E+00  0.00E+00  0.00E+00 -3.88E-03    0    0
    3   37 -4.42E-03  0.00E+00  0.00E+00  0.00E+00 -4.42E-03    0    0
    3   36 -5.13E-03  0.00E+00  0.00E+00  0.00E+00 -5.13E-03    0    0
    3   35 -6.00E-03  0.00E+00  0.00E+00  0.00E+00 -6.00E-03    0    0
    3   34 -7.08E-03  0.00E+00  0.00E+00  0.00E+00 -7.08E-03    0    0
    3   33 -8.35E-03  0.00E+00  0.00E+00  0.00E+00 -8.35E-03    0    0
    3   32 -9.82E-03  0.00E+00  0.00E+00  0.00E+00 -9.82E-03    0    0
    3   31 -1.15E-02  0.00E+00  0.00E+00  0.00E+00 -1.15E-02    0    0
    3   30 -1.35E-02  0.00E+00  0.00E+00  0.00E+00 -1.35E-02    0    0
    3   29 -1.57E-02  0.00E+00  0.00E+00  0.00E+00 -1.57E-02    0    0
    3   28 -1.80E-02  0.00E+00  0.00E+00  0.00E+00 -1.80E-02    0    0
    3   27 -2.04E-02  0.00E+00  0.00E+00  0.00E+00 -2.04E-02    0    0
    3   26 -2.28E-02  0.00E+00  0.00E+00  0.00E+00 -2.28E-02    0    0
    3   25 -2.53E-02  0.00E+00  0.00E+00  0.00E+00 -2.53E-02    0    0
    3   24 -2.82E-02  0.00E+00  0.00E+00  0.00E+00 -2.82E-02    0    0
    3   23 -3.17E-02  0.00E+00  0.00E+00  0.00E+00 -3.17E-02    0    0
    3   22 -3.56E-02  0.00E+00  0.00E+00  0.00E+00 -3.56E-02    0    0
    3   21 -3.94E-02  0.00E+00  0.00E+00  0.00E+00 -3.94E-02    0    0
    3   20 -4.22E-02  0.00E+00  0.00E+00  0.00E+00 -4.22E-02    0    0
    3   19 -4.38E-02  0.00E+00  0.00E+00  0.00E+00 -4.38E-02    0    0
    3   18 -4.41E-02  0.00E+00  0.00E+00  0.00E+00 -4.41E-02    0    0
    3   17 -4.38E-02  0.00E+00  0.00E+00  0.00E+00 -4.38E-02    0    0
    3   16 -4.31E-02  0.00E+00  0.00E+00  0.00E+00 -4.31E-02    0    0
    3   15 -4.25E-02  0.00E+00  0.00E+00  0.00E+00 -4.25E-02    0    0
    3   14 -4.21E-02  0.00E+00  0.00E+00  0.00E+00 -4.21E-02    0    0
    3   13 -4.18E-02  0.00E+00  0.00E+00  0.00E+00 -4.18E-02    0    0
    3   12 -4.14E-02  0.00E+00  0.00E+00  0.00E+00 -4.14E-02    0    0
    3   11 -4.13E-02  0.00E+00  0.00E+00  0.00E+00 -4.13E-02    0    0
    3   10 -4.13E-02  0.00E+00  0.00E+00  0.00E+00 -4.13E-02    0    0
    3    9 -4.14E-02  0.00E+00  0.00E+00  0.00E+00 -4.14E-02    0    0
    3    8 -4.15E-02  0.00E+00  0.00E+00  0.00E+00 -4.15E-02    0    0
    3    7 -4.17E-02  0.00E+00  0.00E+00  0.00E+00 -4.17E-02    0    0
    3    6 -4.18E-02  0.00E+00  0.00E+00  0.00E+00 -4.18E-02    0    0
    3    5 -4.19E-02  0.00E+00  0.00E+00  0.00E+00 -4.19E-02    0    0
    3    4 -4.18E-02  0.00E+00  0.00E+00  0.00E+00 -4.18E-02    0    0
    3    3 -4.17E-02  0.00E+00  0.00E+00  0.00E+00 -4.17E-02    0    0
    3    2 -4.21E-02  0.00E+00  0.00E+00  0.00E+00 -4.21E-02    0    0
    3    1 -5.05E-02  0.00E+00  0.00E+00  0.00E+00 -5.05E-02    0    0
    4   70 -2.24E-03  0.00E+00  0.00E+00  0.00E+00 -2.24E-03    0    0
    4   69 -2.23E-03  0.00E+00  0.00E+00  0.00E+00 -2.23E-03    0    0
    4   68 -2.19E-03  0.00E+00  0.00E+00  0.00E+00 -2.19E-03    0    0
    4   67 -3.34E-03  0.00E+00  0.00E+00  0.00E+00 -3.34E-03    0    0
    4   66 -3.30E-03  0.00E+00  0.00E+00  0.00E+00 -3.30E-03    0    0
    4   65 -3.25E-03  0.00E+00  0.00E+00  0.00E+00 -3.25E-03    0    0
    4   64 -3.18E-03  0.00E+00  0.00E+00  0.00E+00 -3.18E-03    0    0
    4   63 -3.12E-03  0.00E+00  0.00E+00  0.00E+00 -3.12E-03    0    0
    4   62 -3.04E-03  0.00E+00  0.00E+00  0.00E+00 -3.04E-03    0    0
    4   61 -2.97E-03  0.00E+00  0.00E+00  0.00E+00 -2.97E-03    0    0
    4   60 -2.89E-03  0.00E+00  0.00E+00  0.00E+00 -2.89E-03    0    0
    4   59 -2.81E-03  0.00E+00  0.00E+00  0.00E+00 -2.81E-03    0    0
    4   58 -2.73E-03  0.00E+00  0.00E+00  0.00E+00 -2.73E-03    0    0
    4   57 -2.66E-03  0.00E+00  0.00E+00  0.00E+00 -2.66E-03    0    0
    4   56 -2.58E-03  0.00E+00  0.00E+00  0.00E+00 -2.58E-03    0    0
    4   55 -2.51E-03  0.00E+00  0.00E+00  0.00E+00 -2.51E-03    0    0
    4   54 -2.44E-03  0.00E+00  0.00E+00  0.00E+00 -2.44E-03    0    0
    4   53 -2.35E-03  0.00E+00  0.00E+00  0.00E+00 -2.35E-03    0    0
    4   52 -2.18E-03  0.00E+00  0.00E+00  0.00E+00 -2.18E-03    0    0
    4   51 -1.78E-03  0.00E+00  0.00E+00  0.00E+00 -1.78E-03    0    0
    4   50 -9.06E-04  0.00E+00  0.00E+00  0.00E+00 -9.06E-04    0    0
    4   49  1.11E-04  0.00E+00  0.00E+00  0.00E+00  1.11E-04    0    0
    4   48  1.64E-05  0.00E+00  0.00E+00  0.00E+00  1.64E-05    0    0
    4   47  2.75E-03  0.00E+00  0.00E+00  0.00E+00  2.75E-03    0    0
    4   46  4.59E-03  0.00E+00  0.00E+00  0.00E+00  4.59E-03    0    0
    4   45  2.69E-04  0.00E+00  0.00E+00  0.00E+00  2.69E-04    0    0
    4   44 -1.34E-06  0.00E+00  0.00E+00  0.00E+00 -1.34E-06    0    0
    4   43 -1.77E-04  0.00E+00  0.00E+00  0.00E+00 -1.77E-04    0    0
    4   42 -2.62E-04  0.00E+00  0.00E+00  0.00E+00 -2.62E-04    0    0
    4   41 -3.09E-04  0.00E+00  0.00E+00  0.00E+00 -3.09E-04    0    0
    4   40 -3.51E-04  0.00E+00  0.00E+00  0.00E+00 -3.51E-04    0    0
    4   39 -4.06E-04  0.00E+00  0.00E+00  0.00E+00 -4.06E-04    0    0
    4   38 -4.86E-04  0.00E+00  0.00E+00  0.00E+00 -4.86E-04    0    0
    4   37 -6.12E-04  0.00E+00  0.00E+00  0.00E+00 -6.12E-04    0    0
    4   36 -8.12E-04  0.00E+00  0.00E+00  0.00E+00 -8.12E-04    0    0
    4   35 -1.10E-03  0.00E+00  0.00E+00  0.00E+00 -1.10E-03    0    0
    4   34 -1.52E-03  0.00E+00  0.00E+00  0.00E+00 -1.52E-03    0    0
    4   33 -2.09E-03  0.00E+00  0.00E+00  0.00E+00 -2.09E-03    0    0
    4   32 -2.86E-03  0.00E+00  0.00E+00  0.00E+00 -2.86E-03    0    0
    4   31 -3.89E-03  0.00E+00  0.00E+00  0.00E+00 -3.89E-03    0    0
    4   30 -5.20E-03  0.00E+00  0.00E+00  0.00E+00 -5.20E-03    0    0
    4   29 -6.75E-03  0.00E+00  0.00E+00  0.00E+00 -6.75E-03    0    0
    4   28 -8.56E-03  0.00E+00  0.00E+00  0.00E+00 -8.56E-03    0    0
    4   27 -1.07E-02  0.00E+00  0.00E+00  0.00E+00 -1.07E-02    0    0
    4   26 -1.33E-02  0.00E+00  0.00E+00  0.00E+00 -1.33E-02    0    0
    4   25 -1.67E-02  0.00E+00  0.00E+00  0.00E+00 -1.67E-02    0    0
    4   24 -2.09E-02  0.00E+00  0.00E+00  0.00E+00 -2.09E-02    0    0
    4   23 -2.54E-02  0.00E+00  0.00E+00  0.00E+00 -2.54E-02    0    0
    4   22 -2.90E-02  0.00E+00  0.00E+00  0.00E+00 -2.90E-02    0    0
    4   21 -3.13E-02  0.00E+00  0.00E+00  0.00E+00 -3.13E-02    0    0
    4   20 -3.22E-02  0.00E+00  0.00E+00  0.00E+00 -3.22E-02    0    0
    4   19 -3.23E-02  0.00E+00  0.00E+00  0.00E+00 -3.23E-02    0    0
    4   18 -3.21E-02  0.00E+00  0.00E+00  0.00E+00 -3.21E-02    0    0
    4   17 -3.19E-02  0.00E+00  0.00E+00  0.00E+00 -3.19E-02    0    0
    4   16 -3.19E-02  0.00E+00  0.00E+00  0.00E+00 -3.19E-02    0    0
    4   15 -3.22E-02  0.00E+00  0.00E+00  0.00E+00 -3.22E-02    0    0
    4   14 -3.27E-02  0.00E+00  0.00E+00  0.00E+00 -3.27E-02    0    0
    4   13 -3.33E-02  0.00E+00  0.00E+00  0.00E+00 -3.33E-02    0    0
    4   12 -3.36E-02  0.00E+00  0.00E+00  0.00E+00 -3.36E-02    0    0
    4   11 -3.40E-02  0.00E+00  0.00E+00  0.00E+00 -3.40E-02    0    0
    4   10 -3.44E-02  0.00E+00  0.00E+00  0.00E+00 -3.44E-02    0    0
    4    9 -3.47E-02  0.00E+00  0.00E+00  0.00E+00 -3.47E-02    0    0
    4    8 -3.49E-02  0.00E+00  0.00E+00  0.00E+00 -3.49E-02    0    0
    4    7 -3.52E-02  0.00E+00  0.00E+00  0.00E+00 -3.52E-02    0    0
    4    6 -3.53E-02  0.00E+00  0.00E+00  0.00E+00 -3.53E-02    0    0
    4    5 -3.52E-02  0.00E+00  0.00E+00  0.00E+00 -3.52E-02    0    0
    4    4 -3.50E-02  0.00E+00  0.00E+00  0.00E+00 -3.50E-02    0    0
    4    3 -3.48E-02  0.00E+00  0.00E+00  0.00E+00 -3.48E-02    0    0
    4    2 -3.52E-02  0.00E+00  0.00E+00  0.00E+00 -3.52E-02    0    0
    4    1 -4.52E-02  0.00E+00  0.00E+00  0.00E+00 -4.52E-02    0    0
    5   70  9.45E-04  0.00E+00  0.00E+00  0.00E+00  9.45E-04    0    0
    5   69  9.45E-04  0.00E+00  0.00E+00  0.00E+00  9.45E-04    0    0
    5   68  9.39E-04  0.00E+00  0.00E+00  0.00E+00  9.39E-04    0    0
    5   67  1.04E-03  0.00E+00  0.00E+00  0.00E+00  1.04E-03    0    0
    5   66  1.02E-03  0.00E+00  0.00E+00  0.00E+00  1.02E-03    0    0
    5   65  9.96E-04  0.00E+00  0.00E+00  0.00E+00  9.96E-04    0    0
    5   64  9.73E-04  0.00E+00  0.00E+00  0.00E+00  9.73E-04    0    0
    5   63  9.46E-04  0.00E+00  0.00E+00  0.00E+00  9.46E-04    0    0
    5   62  9.15E-04  0.00E+00  0.00E+00  0.00E+00  9.15E-04    0    0
    5   61  8.83E-04  0.00E+00  0.00E+00  0.00E+00  8.83E-04    0    0
    5   60  8.48E-04  0.00E+00  0.00E+00  0.00E+00  8.48E-04    0    0
    5   59  8.15E-04  0.00E+00  0.00E+00  0.00E+00  8.15E-04    0    0
    5   58  7.76E-04  0.00E+00  0.00E+00  0.00E+00  7.76E-04    0    0
    5   57  7.36E-04  0.00E+00  0.00E+00  0.00E+00  7.36E-04    0    0
    5   56  6.91E-04  0.00E+00  0.00E+00  0.00E+00  6.91E-04    0    0
    5   55  6.38E-04  0.00E+00  0.00E+00  0.00E+00  6.38E-04    0    0
    5   54  5.71E-04  0.00E+00  0.00E+00  0.00E+00  5.71E-04    0    0
    5   53  4.87E-04  0.00E+00  0.00E+00  0.00E+00  4.87E-04    0    0
    5   52  3.77E-04  0.00E+00  0.00E+00  0.00E+00  3.77E-04    0    0
    5   51  2.43E-04  0.00E+00  0.00E+00  0.00E+00  2.43E-04    0    0
    5   50  1.40E-04  0.00E+00  0.00E+00  0.00E+00  1.40E-04    0    0
    5   49  1.46E-04  0.00E+00  0.00E+00  0.00E+00  1.46E-04    0    0
    5   48  2.03E-04  0.00E+00  0.00E+00  0.00E+00  2.03E-04    0    0
    5   47  5.40E-04  0.00E+00  0.00E+00  0.00E+00  5.40E-04    0    0
    5   46 -8.70E-04  0.00E+00  0.00E+00  0.00E+00 -8.70E-04    0    0
    5   45  2.60E-04  0.00E+00  0.00E+00  0.00E+00  2.60E-04    0    0
    5   44  1.61E-04  0.00E+00  0.00E+00  0.00E+00  1.61E-04    0    0
    5   43  1.21E-04  0.00E+00  0.00E+00  0.00E+00  1.21E-04    0    0
    5   42  9.68E-05  0.00E+00  0.00E+00  0.00E+00  9.68E-05    0    0
    5   41  8.22E-05  0.00E+00  0.00E+00  0.00E+00  8.22E-05    0    0
    5   40  7.17E-05  0.00E+00  0.00E+00  0.00E+00  7.17E-05    0    0
    5   39  6.23E-05  0.00E+00  0.00E+00  0.00E+00  6.23E-05    0    0
    5   38  5.13E-05  0.00E+00  0.00E+00  0.00E+00  5.13E-05    0    0
    5   37  3.43E-05  0.00E+00  0.00E+00  0.00E+00  3.43E-05    0    0
    5   36  5.67E-06  0.00E+00  0.00E+00  0.00E+00  5.67E-06    0    0
    5   35 -4.16E-05  0.00E+00  0.00E+00  0.00E+00 -4.16E-05    0    0
    5   34 -1.18E-04  0.00E+00  0.00E+00  0.00E+00 -1.18E-04    0    0
    5   33 -2.36E-04  0.00E+00  0.00E+00  0.00E+00 -2.36E-04    0    0
    5   32 -4.23E-04  0.00E+00  0.00E+00  0.00E+00 -4.23E-04    0    0
    5   31 -7.08E-04  0.00E+00  0.00E+00  0.00E+00 -7.08E-04    0    0
    5   30 -1.11E-03  0.00E+00  0.00E+00  0.00E+00 -1.11E-03    0    0
    5   29 -1.65E-03  0.00E+00  0.00E+00  0.00E+00 -1.65E-03    0    0
    5   28 -2.45E-03  0.00E+00  0.00E+00  0.00E+00 -2.45E-03    0    0
    5   27 -3.71E-03  0.00E+00  0.00E+00  0.00E+00 -3.71E-03    0    0
    5   26 -5.63E-03  0.00E+00  0.00E+00  0.00E+00 -5.63E-03    0    0
    5   25 -8.31E-03  0.00E+00  0.00E+00  0.00E+00 -8.31E-03    0    0
    5   24 -1.13E-02  0.00E+00  0.00E+00  0.00E+00 -1.13E-02    0    0
    5   23 -1.38E-02  0.00E+00  0.00E+00  0.00E+00 -1.38E-02    0    0
    5   22 -1.55E-02  0.00E+00  0.00E+00  0.00E+00 -1.55E-02    0    0
    5   21 -1.64E-02  0.00E+00  0.00E+00  0.00E+00 -1.64E-02    0    0
    5   20 -1.71E-02  0.00E+00  0.00E+00  0.00E+00 -1.71E-02    0    0
    5   19 -1.78E-02  0.00E+00  0.00E+00  0.00E+00 -1.78E-02    0    0
    5   18 -1.86E-02  0.00E+00  0.00E+00  0.00E+00 -1.86E-02    0    0
    5   17 -1.96E-02  0.00E+00  0.00E+00  0.00E+00 -1.96E-02    0    0
    5   16 -2.06E-02  0.00E+00  0.00E+00  0.00E+00 -2.06E-02    0    0
    5   15 -2.18E-02  0.00E+00  0.00E+00  0.00E+00 -2.18E-02    0    0
    5   14 -2.31E-02  0.00E+00  0.00E+00  0.00E+00 -2.31E-02    0    0
    5   13 -2.44E-02  0.00E+00  0.00E+00  0.00E+00 -2.44E-02    0    0
    5   12 -2.52E-02  0.00E+00  0.00E+00  0.00E+00 -2.52E-02    0    0
    5   11 -2.59E-02  0.00E+00  0.00E+00  0.00E+00 -2.59E-02    0    0
    5   10 -2.66E-02  0.00E+00  0.00E+00  0.00E+00 -2.66E-02    0    0
    5    9 -2.71E-02  0.00E+00  0.00E+00  0.00E+00 -2.71E-02    0    0
    5    8 -2.75E-02  0.00E+00  0.00E+00  0.00E+00 -2.75E-02    0    0
    5    7 -2.78E-02  0.00E+00  0.00E+00  0.00E+00 -2.78E-02    0    0
    5    6 -2.79E-02  0.00E+00  0.00E+00  0.00E+00 -2.79E-02    0    0
    5    5 -2.78E-02  0.00E+00  0.00E+00  0.00E+00 -2.78E-02    0    0
    5    4 -2.76E-02  0.00E+00  0.00E+00  0.00E+00 -2.76E-02    0    0
    5    3 -2.74E-02  0.00E+00  0.00E+00  0.00E+00 -2.74E-02    0    0
    5    2 -2.79E-02  0.00E+00  0.00E+00  0.00E+00 -2.79E-02    0    0
    5    1 -3.99E-02  0.00E+00  0.00E+00  0.00E+00 -3.99E-02    0    0
    6   70 -2.66E-04  0.00E+00  0.00E+00  0.00E+00 -2.66E-04    0    0
    6   69 -2.65E-04  0.00E+00  0.00E+00  0.00E+00 -2.65E-04    0    0
    6   68 -2.61E-04  0.00E+00  0.00E+00  0.00E+00 -2.61E-04    0    0
    6   67 -2.55E-04  0.00E+00  0.00E+00  0.00E+00 -2.55E-04    0    0
    6   66 -2.49E-04  0.00E+00  0.00E+00  0.00E+00 -2.49E-04    0    0
    6   65 -2.41E-04  0.00E+00  0.00E+00  0.00E+00 -2.41E-04    0    0
    6   64 -2.32E-04  0.00E+00  0.00E+00  0.00E+00 -2.32E-04    0    0
    6   63 -2.23E-04  0.00E+00  0.00E+00  0.00E+00 -2.23E-04    0    0
    6   62 -2.12E-04  0.00E+00  0.00E+00  0.00E+00 -2.12E-04    0    0
    6   61 -2.01E-04  0.00E+00  0.00E+00  0.00E+00 -2.01E-04    0    0
    6   60 -1.90E-04  0.00E+00  0.00E+00  0.00E+00 -1.90E-04    0    0
    6   59 -1.79E-04  0.00E+00  0.00E+00  0.00E+00 -1.79E-04    0    0
    6   58 -1.65E-04  0.00E+00  0.00E+00  0.00E+00 -1.65E-04    0    0
    6   57 -1.52E-04  0.00E+00  0.00E+00  0.00E+00 -1.52E-04    0    0
    6   56 -1.39E-04  0.00E+00  0.00E+00  0.00E+00 -1.39E-04    0    0
    6   55 -1.23E-04  0.00E+00  0.00E+00  0.00E+00 -1.23E-04    0    0
    6   54 -1.05E-04  0.00E+00  0.00E+00  0.00E+00 -1.05E-04    0    0
    6   53 -8.46E-05  0.00E+00  0.00E+00  0.00E+00 -8.46E-05    0    0
    6   52 -6.26E-05  0.00E+00  0.00E+00  0.00E+00 -6.26E-05    0    0
    6   51 -4.05E-05  0.00E+00  0.00E+00  0.00E+00 -4.05E-05    0    0
    6   50 -2.23E-05  0.00E+00  0.00E+00  0.00E+00 -2.23E-05    0    0
    6   49 -8.67E-06  0.00E+00  0.00E+00  0.00E+00 -8.67E-06    0    0
    6   48 -4.52E-06  0.00E+00  0.00E+00  0.00E+00 -4.52E-06    0    0
    6   47 -1.96E-05  0.00E+00  0.00E+00  0.00E+00 -1.96E-05    0    0
    6   46  1.35E-04  0.00E+00  0.00E+00  0.00E+00  1.35E-04    0    0
    6   45  3.12E-06  0.00E+00  0.00E+00  0.00E+00  3.12E-06    0    0
    6   44  1.70E-06  0.00E+00  0.00E+00  0.00E+00  1.70E-06    0    0
    6   43 -3.60E-06  0.00E+00  0.00E+00  0.00E+00 -3.60E-06    0    0
    6   42 -7.68E-06  0.00E+00  0.00E+00  0.00E+00 -7.68E-06    0    0
    6   41 -1.11E-05  0.00E+00  0.00E+00  0.00E+00 -1.11E-05    0    0
    6   40 -1.41E-05  0.00E+00  0.00E+00  0.00E+00 -1.41E-05    0    0
    6   39 -1.72E-05  0.00E+00  0.00E+00  0.00E+00 -1.72E-05    0    0
    6   38 -2.05E-05  0.00E+00  0.00E+00  0.00E+00 -2.05E-05    0    0
    6   37 -2.48E-05  0.00E+00  0.00E+00  0.00E+00 -2.48E-05    0    0
    6   36 -3.12E-05  0.00E+00  0.00E+00  0.00E+00 -3.12E-05    0    0
    6   35 -4.13E-05  0.00E+00  0.00E+00  0.00E+00 -4.13E-05    0    0
    6   34 -5.70E-05  0.00E+00  0.00E+00  0.00E+00 -5.70E-05    0    0
    6   33 -8.05E-05  0.00E+00  0.00E+00  0.00E+00 -8.05E-05    0    0
    6   32 -1.17E-04  0.00E+00  0.00E+00  0.00E+00 -1.17E-04    0    0
    6   31 -1.74E-04  0.00E+00  0.00E+00  0.00E+00 -1.74E-04    0    0
    6   30 -2.54E-04  0.00E+00  0.00E+00  0.00E+00 -2.54E-04    0    0
    6   29 -3.79E-04  0.00E+00  0.00E+00  0.00E+00 -3.79E-04    0    0
    6   28 -6.10E-04  0.00E+00  0.00E+00  0.00E+00 -6.10E-04    0    0
    6   27 -1.04E-03  0.00E+00  0.00E+00  0.00E+00 -1.04E-03    0    0
    6   26 -1.75E-03  0.00E+00  0.00E+00  0.00E+00 -1.75E-03    0    0
    6   25 -2.70E-03  0.00E+00  0.00E+00  0.00E+00 -2.70E-03    0    0
    6   24 -3.64E-03  0.00E+00  0.00E+00  0.00E+00 -3.64E-03    0    0
    6   23 -4.37E-03  0.00E+00  0.00E+00  0.00E+00 -4.37E-03    0    0
    6   22 -4.96E-03  0.00E+00  0.00E+00  0.00E+00 -4.96E-03    0    0
    6   21 -5.60E-03  0.00E+00  0.00E+00  0.00E+00 -5.60E-03    0    0
    6   20 -6.39E-03  0.00E+00  0.00E+00  0.00E+00 -6.39E-03    0    0
    6   19 -7.39E-03  0.00E+00  0.00E+00  0.00E+00 -7.39E-03    0    0
    6   18 -8.48E-03  0.00E+00  0.00E+00  0.00E+00 -8.48E-03    0    0
    6   17 -9.63E-03  0.00E+00  0.00E+00  0.00E+00 -9.63E-03    0    0
    6   16 -1.08E-02  0.00E+00  0.00E+00  0.00E+00 -1.08E-02    0    0
    6   15 -1.22E-02  0.00E+00  0.00E+00  0.00E+00 -1.22E-02    0    0
    6   14 -1.36E-02  0.00E+00  0.00E+00  0.00E+00 -1.36E-02    0    0
    6   13 -1.51E-02  0.00E+00  0.00E+00  0.00E+00 -1.51E-02    0    0
    6   12 -1.60E-02  0.00E+00  0.00E+00  0.00E+00 -1.60E-02    0    0
    6   11 -1.69E-02  0.00E+00  0.00E+00  0.00E+00 -1.69E-02    0    0
    6   10 -1.77E-02  0.00E+00  0.00E+00  0.00E+00 -1.77E-02    0    0
    6    9 -1.84E-02  0.00E+00  0.00E+00  0.00E+00 -1.84E-02    0    0
    6    8 -1.89E-02  0.00E+00  0.00E+00  0.00E+00 -1.89E-02    0    0
    6    7 -1.93E-02  0.00E+00  0.00E+00  0.00E+00 -1.93E-02    0    0
    6    6 -1.95E-02  0.00E+00  0.00E+00  0.00E+00 -1.95E-02    0    0
    6    5 -1.94E-02  0.00E+00  0.00E+00  0.00E+00 -1.94E-02    0    0
    6    4 -1.91E-02  0.00E+00  0.00E+00  0.00E+00 -1.91E-02    0    0
    6    3 -1.89E-02  0.00E+00  0.00E+00  0.00E+00 -1.89E-02    0    0
    6    2 -1.95E-02  0.00E+00  0.00E+00  0.00E+00 -1.95E-02    0    0
    6    1 -3.29E-02  0.00E+00  0.00E+00  0.00E+00 -3.29E-02    0    0
    7   70  5.71E-05  0.00E+00  0.00E+00  0.00E+00  5.71E-05    0    0
    7   69  5.67E-05  0.00E+00  0.00E+00  0.00E+00  5.67E-05    0    0
    7   68  5.56E-05  0.00E+00  0.00E+00  0.00E+00  5.56E-05    0    0
    7   67  5.42E-05  0.00E+00  0.00E+00  0.00E+00  5.42E-05    0    0
    7   66  5.25E-05  0.00E+00  0.00E+00  0.00E+00  5.25E-05    0    0
    7   65  5.05E-05  0.00E+00  0.00E+00  0.00E+00  5.05E-05    0    0
    7   64  4.84E-05  0.00E+00  0.00E+00  0.00E+00  4.84E-05    0    0
    7   63  4.61E-05  0.00E+00  0.00E+00  0.00E+00  4.61E-05    0    0
    7   62  4.36E-05  0.00E+00  0.00E+00  0.00E+00  4.36E-05    0    0
    7   61  4.11E-05  0.00E+00  0.00E+00  0.00E+00  4.11E-05    0    0
    7   60  3.85E-05  0.00E+00  0.00E+00  0.00E+00  3.85E-05    0    0
    7   59  3.60E-05  0.00E+00  0.00E+00  0.00E+00  3.60E-05    0    0
    7   58  3.32E-05  0.00E+00  0.00E+00  0.00E+00  3.32E-05    0    0
    7   57  3.04E-05  0.00E+00  0.00E+00  0.00E+00  3.04E-05    0    0
    7   56  2.74E-05  0.00E+00  0.00E+00  0.00E+00  2.74E-05    0    0
    7   55  2.43E-05  0.00E+00  0.00E+00  0.00E+00  2.43E-05    0    0
    7   54  2.11E-05  0.00E+00  0.00E+00  0.00E+00  2.11E-05    0    0
    7   53  1.77E-05  0.00E+00  0.00E+00  0.00E+00  1.77E-05    0    0
    7   52  1.42E-05  0.00E+00  0.00E+00  0.00E+00  1.42E-05    0    0
    7   51  1.07E-05  0.00E+00  0.00E+00  0.00E+00  1.07E-05    0    0
    7   50  7.82E-06  0.00E+00  0.00E+00  0.00E+00  7.82E-06    0    0
    7   49  6.43E-06  0.00E+00  0.00E+00  0.00E+00  6.43E-06    0    0
    7   48  5.93E-06  0.00E+00  0.00E+00  0.00E+00  5.93E-06    0    0
    7   47  6.55E-06  0.00E+00  0.00E+00  0.00E+00  6.55E-06    0    0
    7   46  1.09E-05  0.00E+00  0.00E+00  0.00E+00  1.09E-05    0    0
    7   45  5.26E-06  0.00E+00  0.00E+00  0.00E+00  5.26E-06    0    0
    7   44  3.07E-06  0.00E+00  0.00E+00  0.00E+00  3.07E-06    0    0
    7   43  1.64E-06  0.00E+00  0.00E+00  0.00E+00  1.64E-06    0    0
    7   42  6.92E-07  0.00E+00  0.00E+00  0.00E+00  6.92E-07    0    0
    7   41  3.13E-08  0.00E+00  0.00E+00  0.00E+00  3.13E-08    0    0
    7   40 -4.94E-07  0.00E+00  0.00E+00  0.00E+00 -4.94E-07    0    0
    7   39 -9.80E-07  0.00E+00  0.00E+00  0.00E+00 -9.80E-07    0    0
    7   38 -1.52E-06  0.00E+00  0.00E+00  0.00E+00 -1.52E-06    0    0
    7   37 -2.28E-06  0.00E+00  0.00E+00  0.00E+00 -2.28E-06    0    0
    7   36 -3.51E-06  0.00E+00  0.00E+00  0.00E+00 -3.51E-06    0    0
    7   35 -5.53E-06  0.00E+00  0.00E+00  0.00E+00 -5.53E-06    0    0
    7   34 -8.68E-06  0.00E+00  0.00E+00  0.00E+00 -8.68E-06    0    0
    7   33 -1.32E-05  0.00E+00  0.00E+00  0.00E+00 -1.32E-05    0    0
    7   32 -2.01E-05  0.00E+00  0.00E+00  0.00E+00 -2.01E-05    0    0
    7   31 -3.01E-05  0.00E+00  0.00E+00  0.00E+00 -3.01E-05    0    0
    7   30 -4.39E-05  0.00E+00  0.00E+00  0.00E+00 -4.39E-05    0    0
    7   29 -6.73E-05  0.00E+00  0.00E+00  0.00E+00 -6.73E-05    0    0
    7   28 -1.18E-04  0.00E+00  0.00E+00  0.00E+00 -1.18E-04    0    0
    7   27 -2.16E-04  0.00E+00  0.00E+00  0.00E+00 -2.16E-04    0    0
    7   26 -3.65E-04  0.00E+00  0.00E+00  0.00E+00 -3.65E-04    0    0
    7   25 -5.38E-04  0.00E+00  0.00E+00  0.00E+00 -5.38E-04    0    0
    7   24 -6.96E-04  0.00E+00  0.00E+00  0.00E+00 -6.96E-04    0    0
    7   23 -8.55E-04  0.00E+00  0.00E+00  0.00E+00 -8.55E-04    0    0
    7   22 -1.07E-03  0.00E+00  0.00E+00  0.00E+00 -1.07E-03    0    0
    7   21 -1.40E-03  0.00E+00  0.00E+00  0.00E+00 -1.40E-03    0    0
    7   20 -1.84E-03  0.00E+00  0.00E+00  0.00E+00 -1.84E-03    0    0
    7   19 -2.35E-03  0.00E+00  0.00E+00  0.00E+00 -2.35E-03    0    0
    7   18 -2.87E-03  0.00E+00  0.00E+00  0.00E+00 -2.87E-03    0    0
    7   17 -3.39E-03  0.00E+00  0.00E+00  0.00E+00 -3.39E-03    0    0
    7   16 -3.94E-03  0.00E+00  0.00E+00  0.00E+00 -3.94E-03    0    0
    7   15 -4.61E-03  0.00E+00  0.00E+00  0.00E+00 -4.61E-03    0    0
    7   14 -5.43E-03  0.00E+00  0.00E+00  0.00E+00 -5.43E-03    0    0
    7   13 -6.38E-03  0.00E+00  0.00E+00  0.00E+00 -6.38E-03    0    0
    7   12 -7.00E-03  0.00E+00  0.00E+00  0.00E+00 -7.00E-03    0    0
    7   11 -7.66E-03  0.00E+00  0.00E+00  0.00E+00 -7.66E-03    0    0
    7   10 -8.32E-03  0.00E+00  0.00E+00  0.00E+00 -8.32E-03    0    0
    7    9 -8.88E-03  0.00E+00  0.00E+00  0.00E+00 -8.88E-03    0    0
    7    8 -9.36E-03  0.00E+00  0.00E+00  0.00E+00 -9.36E-03    0    0
    7    7 -9.76E-03  0.00E+00  0.00E+00  0.00E+00 -9.76E-03    0    0
    7    6 -9.97E-03  0.00E+00  0.00E+00  0.00E+00 -9.97E-03    0    0
    7    5 -9.88E-03  0.00E+00  0.00E+00  0.00E+00 -9.88E-03    0    0
    7    4 -9.58E-03  0.00E+00  0.00E+00  0.00E+00 -9.58E-03    0    0
    7    3 -9.42E-03  0.00E+00  0.00E+00  0.00E+00 -9.42E-03    0    0
    7    2 -9.87E-03  0.00E+00  0.00E+00  0.00E+00 -9.87E-03    0    0
    7    1 -2.19E-02  0.00E+00  0.00E+00  0.00E+00 -2.19E-02    0    0
    8   70 -1.20E-05  0.00E+00  0.00E+00  0.00E+00 -1.20E-05    0    0
    8   69 -1.19E-05  0.00E+00  0.00E+00  0.00E+00 -1.19E-05    0    0
    8   68 -1.17E-05  0.00E+00  0.00E+00  0.00E+00 -1.17E-05    0    0
    8   67 -1.14E-05  0.00E+00  0.00E+00  0.00E+00 -1.14E-05    0    0
    8   66 -1.10E-05  0.00E+00  0.00E+00  0.00E+00 -1.10E-05    0    0
    8   65 -1.06E-05  0.00E+00  0.00E+00  0.00E+00 -1.06E-05    0    0
    8   64 -1.01E-05  0.00E+00  0.00E+00  0.00E+00 -1.01E-05    0    0
    8   63 -9.65E-06  0.00E+00  0.00E+00  0.00E+00 -9.65E-06    0    0
    8   62 -9.14E-06  0.00E+00  0.00E+00  0.00E+00 -9.14E-06    0    0
    8   61 -8.62E-06  0.00E+00  0.00E+00  0.00E+00 -8.62E-06    0    0
    8   60 -8.09E-06  0.00E+00  0.00E+00  0.00E+00 -8.09E-06    0    0
    8   59 -7.55E-06  0.00E+00  0.00E+00  0.00E+00 -7.55E-06    0    0
    8   58 -6.99E-06  0.00E+00  0.00E+00  0.00E+00 -6.99E-06    0    0
    8   57 -6.42E-06  0.00E+00  0.00E+00  0.00E+00 -6.42E-06    0    0
    8   56 -5.84E-06  0.00E+00  0.00E+00  0.00E+00 -5.84E-06    0    0
    8   55 -5.23E-06  0.00E+00  0.00E+00  0.00E+00 -5.23E-06    0    0
    8   54 -4.59E-06  0.00E+00  0.00E+00  0.00E+00 -4.59E-06    0    0
    8   53 -3.90E-06  0.00E+00  0.00E+00  0.00E+00 -3.90E-06    0    0
    8   52 -3.14E-06  0.00E+00  0.00E+00  0.00E+00 -3.14E-06    0    0
    8   51 -2.28E-06  0.00E+00  0.00E+00  0.00E+00 -2.28E-06    0    0
    8   50 -1.40E-06  0.00E+00  0.00E+00  0.00E+00 -1.40E-06    0    0
    8   49 -7.43E-07  0.00E+00  0.00E+00  0.00E+00 -7.43E-07    0    0
    8   48 -5.26E-07  0.00E+00  0.00E+00  0.00E+00 -5.26E-07    0    0
    8   47 -2.67E-07  0.00E+00  0.00E+00  0.00E+00 -2.67E-07    0    0
    8   46  4.53E-07  0.00E+00  0.00E+00  0.00E+00  4.53E-07    0    0
    8   45 -3.86E-08  0.00E+00  0.00E+00  0.00E+00 -3.86E-08    0    0
    8   44 -3.40E-07  0.00E+00  0.00E+00  0.00E+00 -3.40E-07    0    0
    8   43 -5.39E-07  0.00E+00  0.00E+00  0.00E+00 -5.39E-07    0    0
    8   42 -6.70E-07  0.00E+00  0.00E+00  0.00E+00 -6.70E-07    0    0
    8   41 -7.63E-07  0.00E+00  0.00E+00  0.00E+00 -7.63E-07    0    0
    8   40 -8.44E-07  0.00E+00  0.00E+00  0.00E+00 -8.44E-07    0    0
    8   39 -9.27E-07  0.00E+00  0.00E+00  0.00E+00 -9.27E-07    0    0
    8   38 -1.03E-06  0.00E+00  0.00E+00  0.00E+00 -1.03E-06    0    0
    8   37 -1.17E-06  0.00E+00  0.00E+00  0.00E+00 -1.17E-06    0    0
    8   36 -1.41E-06  0.00E+00  0.00E+00  0.00E+00 -1.41E-06    0    0
    8   35 -1.81E-06  0.00E+00  0.00E+00  0.00E+00 -1.81E-06    0    0
    8   34 -2.44E-06  0.00E+00  0.00E+00  0.00E+00 -2.44E-06    0    0
    8   33 -3.32E-06  0.00E+00  0.00E+00  0.00E+00 -3.32E-06    0    0
    8   32 -4.61E-06  0.00E+00  0.00E+00  0.00E+00 -4.61E-06    0    0
    8   31 -6.42E-06  0.00E+00  0.00E+00  0.00E+00 -6.42E-06    0    0
    8   30 -8.80E-06  0.00E+00  0.00E+00  0.00E+00 -8.80E-06    0    0
    8   29 -1.30E-05  0.00E+00  0.00E+00  0.00E+00 -1.30E-05    0    0
    8   28 -2.29E-05  0.00E+00  0.00E+00  0.00E+00 -2.29E-05    0    0
    8   27 -4.17E-05  0.00E+00  0.00E+00  0.00E+00 -4.17E-05    0    0
    8   26 -6.84E-05  0.00E+00  0.00E+00  0.00E+00 -6.84E-05    0    0
    8   25 -9.33E-05  0.00E+00  0.00E+00  0.00E+00 -9.33E-05    0    0
    8   24 -1.12E-04  0.00E+00  0.00E+00  0.00E+00 -1.12E-04    0    0
    8   23 -1.42E-04  0.00E+00  0.00E+00  0.00E+00 -1.42E-04    0    0
    8   22 -2.06E-04  0.00E+00  0.00E+00  0.00E+00 -2.06E-04    0    0
    8   21 -3.21E-04  0.00E+00  0.00E+00  0.00E+00 -3.21E-04    0    0
    8   20 -4.73E-04  0.00E+00  0.00E+00  0.00E+00 -4.73E-04    0    0
    8   19 -6.29E-04  0.00E+00  0.00E+00  0.00E+00 -6.29E-04    0    0
    8   18 -7.57E-04  0.00E+00  0.00E+00  0.00E+00 -7.57E-04    0    0
    8   17 -8.57E-04  0.00E+00  0.00E+00  0.00E+00 -8.57E-04    0    0
    8   16 -9.47E-04  0.00E+00  0.00E+00  0.00E+00 -9.47E-04    0    0
    8   15 -1.05E-03  0.00E+00  0.00E+00  0.00E+00 -1.05E-03    0    0
    8   14 -1.21E-03  0.00E+00  0.00E+00  0.00E+00 -1.21E-03    0    0
    8   13 -1.42E-03  0.00E+00  0.00E+00  0.00E+00 -1.42E-03    0    0
    8   12 -1.55E-03  0.00E+00  0.00E+00  0.00E+00 -1.55E-03    0    0
    8   11 -1.73E-03  0.00E+00  0.00E+00  0.00E+00 -1.73E-03    0    0
    8   10 -1.93E-03  0.00E+00  0.00E+00  0.00E+00 -1.93E-03    0    0
    8    9 -2.12E-03  0.00E+00  0.00E+00  0.00E+00 -2.12E-03    0    0
    8    8 -2.29E-03  0.00E+00  0.00E+00  0.00E+00 -2.29E-03    0    0
    8    7 -2.45E-03  0.00E+00  0.00E+00  0.00E+00 -2.45E-03    0    0
    8    6 -2.54E-03  0.00E+00  0.00E+00  0.00E+00 -2.54E-03    0    0
    8    5 -2.47E-03  0.00E+00  0.00E+00  0.00E+00 -2.47E-03    0    0
    8    4 -2.29E-03  0.00E+00  0.00E+00  0.00E+00 -2.29E-03    0    0
    8    3 -2.19E-03  0.00E+00  0.00E+00  0.00E+00 -2.19E-03    0    0
    8    2 -2.30E-03  0.00E+00  0.00E+00  0.00E+00 -2.30E-03    0    0
    8    1 -8.54E-03  0.00E+00  0.00E+00  0.00E+00 -8.54E-03    0    0
    9   70  2.49E-06  0.00E+00  0.00E+00  0.00E+00  2.49E-06    0    0
    9   69  2.47E-06  0.00E+00  0.00E+00  0.00E+00  2.47E-06    0    0
    9   68  2.42E-06  0.00E+00  0.00E+00  0.00E+00  2.42E-06    0    0
    9   67  2.35E-06  0.00E+00  0.00E+00  0.00E+00  2.35E-06    0    0
    9   66  2.28E-06  0.00E+00  0.00E+00  0.00E+00  2.28E-06    0    0
    9   65  2.19E-06  0.00E+00  0.00E+00  0.00E+00  2.19E-06    0    0
    9   64  2.10E-06  0.00E+00  0.00E+00  0.00E+00  2.10E-06    0    0
    9   63  2.00E-06  0.00E+00  0.00E+00  0.00E+00  2.00E-06    0    0
    9   62  1.89E-06  0.00E+00  0.00E+00  0.00E+00  1.89E-06    0    0
    9   61  1.78E-06  0.00E+00  0.00E+00  0.00E+00  1.78E-06    0    0
    9   60  1.67E-06  0.00E+00  0.00E+00  0.00E+00  1.67E-06    0    0
    9   59  1.55E-06  0.00E+00  0.00E+00  0.00E+00  1.55E-06    0    0
    9   58  1.44E-06  0.00E+00  0.00E+00  0.00E+00  1.44E-06    0    0
    9   57  1.32E-06  0.00E+00  0.00E+00  0.00E+00  1.32E-06    0    0
    9   56  1.19E-06  0.00E+00  0.00E+00  0.00E+00  1.19E-06    0    0
    9   55  1.06E-06  0.00E+00  0.00E+00  0.00E+00  1.06E-06    0    0
    9   54  9.19E-07  0.00E+00  0.00E+00  0.00E+00  9.19E-07    0    0
    9   53  7.64E-07  0.00E+00  0.00E+00  0.00E+00  7.64E-07    0    0
    9   52  5.92E-07  0.00E+00  0.00E+00  0.00E+00  5.92E-07    0    0
    9   51  4.02E-07  0.00E+00  0.00E+00  0.00E+00  4.02E-07    0    0
    9   50  2.29E-07  0.00E+00  0.00E+00  0.00E+00  2.29E-07    0    0
    9   49  1.41E-07  0.00E+00  0.00E+00  0.00E+00  1.41E-07    0    0
    9   48  1.29E-07  0.00E+00  0.00E+00  0.00E+00  1.29E-07    0    0
    9   47  1.11E-07  0.00E+00  0.00E+00  0.00E+00  1.11E-07    0    0
    9   46  9.98E-08  0.00E+00  0.00E+00  0.00E+00  9.98E-08    0    0
    9   45  4.30E-08  0.00E+00  0.00E+00  0.00E+00  4.30E-08    0    0
    9   44 -1.49E-08  0.00E+00  0.00E+00  0.00E+00 -1.49E-08    0    0
    9   43 -4.90E-08  0.00E+00  0.00E+00  0.00E+00 -4.90E-08    0    0
    9   42 -6.83E-08  0.00E+00  0.00E+00  0.00E+00 -6.83E-08    0    0
    9   41 -8.01E-08  0.00E+00  0.00E+00  0.00E+00 -8.01E-08    0    0
    9   40 -8.98E-08  0.00E+00  0.00E+00  0.00E+00 -8.98E-08    0    0
    9   39 -9.99E-08  0.00E+00  0.00E+00  0.00E+00 -9.99E-08    0    0
    9   38 -1.13E-07  0.00E+00  0.00E+00  0.00E+00 -1.13E-07    0    0
    9   37 -1.35E-07  0.00E+00  0.00E+00  0.00E+00 -1.35E-07    0    0
    9   36 -1.74E-07  0.00E+00  0.00E+00  0.00E+00 -1.74E-07    0    0
    9   35 -2.42E-07  0.00E+00  0.00E+00  0.00E+00 -2.42E-07    0    0
    9   34 -3.48E-07  0.00E+00  0.00E+00  0.00E+00 -3.48E-07    0    0
    9   33 -4.98E-07  0.00E+00  0.00E+00  0.00E+00 -4.98E-07    0    0
    9   32 -7.14E-07  0.00E+00  0.00E+00  0.00E+00 -7.14E-07    0    0
    9   31 -1.01E-06  0.00E+00  0.00E+00  0.00E+00 -1.01E-06    0    0
    9   30 -1.37E-06  0.00E+00  0.00E+00  0.00E+00 -1.37E-06    0    0
    9   29 -2.05E-06  0.00E+00  0.00E+00  0.00E+00 -2.05E-06    0    0
    9   28 -3.79E-06  0.00E+00  0.00E+00  0.00E+00 -3.79E-06    0    0
    9   27 -7.13E-06  0.00E+00  0.00E+00  0.00E+00 -7.13E-06    0    0
    9   26 -1.16E-05  0.00E+00  0.00E+00  0.00E+00 -1.16E-05    0    0
    9   25 -1.48E-05  0.00E+00  0.00E+00  0.00E+00 -1.48E-05    0    0
    9   24 -1.56E-05  0.00E+00  0.00E+00  0.00E+00 -1.56E-05    0    0
    9   23 -1.99E-05  0.00E+00  0.00E+00  0.00E+00 -1.99E-05    0    0
    9   22 -3.56E-05  0.00E+00  0.00E+00  0.00E+00 -3.56E-05    0    0
    9   21 -6.63E-05  0.00E+00  0.00E+00  0.00E+00 -6.63E-05    0    0
    9   20 -1.04E-04  0.00E+00  0.00E+00  0.00E+00 -1.04E-04    0    0
    9   19 -1.38E-04  0.00E+00  0.00E+00  0.00E+00 -1.38E-04    0    0
    9   18 -1.58E-04  0.00E+00  0.00E+00  0.00E+00 -1.58E-04    0    0
    9   17 -1.66E-04  0.00E+00  0.00E+00  0.00E+00 -1.66E-04    0    0
    9   16 -1.68E-04  0.00E+00  0.00E+00  0.00E+00 -1.68E-04    0    0
    9   15 -1.67E-04  0.00E+00  0.00E+00  0.00E+00 -1.67E-04    0    0
    9   14 -1.68E-04  0.00E+00  0.00E+00  0.00E+00 -1.68E-04    0    0
    9   13 -1.73E-04  0.00E+00  0.00E+00  0.00E+00 -1.73E-04    0    0
    9   12 -1.70E-04  0.00E+00  0.00E+00  0.00E+00 -1.70E-04    0    0
    9   11 -1.71E-04  0.00E+00  0.00E+00  0.00E+00 -1.71E-04    0    0
    9   10 -1.78E-04  0.00E+00  0.00E+00  0.00E+00 -1.78E-04    0    0
    9    9 -1.83E-04  0.00E+00  0.00E+00  0.00E+00 -1.83E-04    0    0
    9    8 -1.92E-04  0.00E+00  0.00E+00  0.00E+00 -1.92E-04    0    0
    9    7 -2.04E-04  0.00E+00  0.00E+00  0.00E+00 -2.04E-04    0    0
    9    6 -2.08E-04  0.00E+00  0.00E+00  0.00E+00 -2.08E-04    0    0
    9    5 -1.82E-04  0.00E+00  0.00E+00  0.00E+00 -1.82E-04    0    0
    9    4 -1.37E-04  0.00E+00  0.00E+00  0.00E+00 -1.37E-04    0    0
    9    3 -1.04E-04  0.00E+00  0.00E+00  0.00E+00 -1.04E-04    0    0
    9    2 -8.51E-05  0.00E+00  0.00E+00  0.00E+00 -8.51E-05    0    0
    9    1 -1.18E-03  0.00E+00  0.00E+00  0.00E+00 -1.18E-03    0    0
   10   70 -5.29E-07  0.00E+00  0.00E+00  0.00E+00 -5.29E-07    0    0
   10   69 -5.25E-07  0.00E+00  0.00E+00  0.00E+00 -5.25E-07    0    0
   10   68 -5.15E-07  0.00E+00  0.00E+00  0.00E+00 -5.15E-07    0    0
   10   67 -5.01E-07  0.00E+00  0.00E+00  0.00E+00 -5.01E-07    0    0
   10   66 -4.85E-07  0.00E+00  0.00E+00  0.00E+00 -4.85E-07    0    0
   10   65 -4.68E-07  0.00E+00  0.00E+00  0.00E+00 -4.68E-07    0    0
   10   64 -4.49E-07  0.00E+00  0.00E+00  0.00E+00 -4.49E-07    0    0
   10   63 -4.28E-07  0.00E+00  0.00E+00  0.00E+00 -4.28E-07    0    0
   10   62 -4.06E-07  0.00E+00  0.00E+00  0.00E+00 -4.06E-07    0    0
   10   61 -3.84E-07  0.00E+00  0.00E+00  0.00E+00 -3.84E-07    0    0
   10   60 -3.61E-07  0.00E+00  0.00E+00  0.00E+00 -3.61E-07    0    0
   10   59 -3.37E-07  0.00E+00  0.00E+00  0.00E+00 -3.37E-07    0    0
   10   58 -3.14E-07  0.00E+00  0.00E+00  0.00E+00 -3.14E-07    0    0
   10   57 -2.89E-07  0.00E+00  0.00E+00  0.00E+00 -2.89E-07    0    0
   10   56 -2.64E-07  0.00E+00  0.00E+00  0.00E+00 -2.64E-07    0    0
   10   55 -2.38E-07  0.00E+00  0.00E+00  0.00E+00 -2.38E-07    0    0
   10   54 -2.11E-07  0.00E+00  0.00E+00  0.00E+00 -2.11E-07    0    0
   10   53 -1.81E-07  0.00E+00  0.00E+00  0.00E+00 -1.81E-07    0    0
   10   52 -1.49E-07  0.00E+00  0.00E+00  0.00E+00 -1.49E-07    0    0
   10   51 -1.16E-07  0.00E+00  0.00E+00  0.00E+00 -1.16E-07    0    0
   10   50 -8.73E-08  0.00E+00  0.00E+00  0.00E+00 -8.73E-08    0    0
   10   49 -6.99E-08  0.00E+00  0.00E+00  0.00E+00 -6.99E-08    0    0
   10   48 -6.10E-08  0.00E+00  0.00E+00  0.00E+00 -6.10E-08    0    0
   10   47 -5.15E-08  0.00E+00  0.00E+00  0.00E+00 -5.15E-08    0    0
   10   46 -3.94E-08  0.00E+00  0.00E+00  0.00E+00 -3.94E-08    0    0
   10   45 -4.45E-08  0.00E+00  0.00E+00  0.00E+00 -4.45E-08    0    0
   10   44 -4.78E-08  0.00E+00  0.00E+00  0.00E+00 -4.78E-08    0    0
   10   43 -4.89E-08  0.00E+00  0.00E+00  0.00E+00 -4.89E-08    0    0
   10   42 -4.87E-08  0.00E+00  0.00E+00  0.00E+00 -4.87E-08    0    0
   10   41 -4.83E-08  0.00E+00  0.00E+00  0.00E+00 -4.83E-08    0    0
   10   40 -4.81E-08  0.00E+00  0.00E+00  0.00E+00 -4.81E-08    0    0
   10   39 -4.85E-08  0.00E+00  0.00E+00  0.00E+00 -4.85E-08    0    0
   10   38 -4.96E-08  0.00E+00  0.00E+00  0.00E+00 -4.96E-08    0    0
   10   37 -5.21E-08  0.00E+00  0.00E+00  0.00E+00 -5.21E-08    0    0
   10   36 -5.75E-08  0.00E+00  0.00E+00  0.00E+00 -5.75E-08    0    0
   10   35 -6.73E-08  0.00E+00  0.00E+00  0.00E+00 -6.73E-08    0    0
   10   34 -8.33E-08  0.00E+00  0.00E+00  0.00E+00 -8.33E-08    0    0
   10   33 -1.05E-07  0.00E+00  0.00E+00  0.00E+00 -1.05E-07    0    0
   10   32 -1.37E-07  0.00E+00  0.00E+00  0.00E+00 -1.37E-07    0    0
   10   31 -1.79E-07  0.00E+00  0.00E+00  0.00E+00 -1.79E-07    0    0
   10   30 -2.27E-07  0.00E+00  0.00E+00  0.00E+00 -2.27E-07    0    0
   10   29 -3.25E-07  0.00E+00  0.00E+00  0.00E+00 -3.25E-07    0    0
   10   28 -6.00E-07  0.00E+00  0.00E+00  0.00E+00 -6.00E-07    0    0
   10   27 -1.14E-06  0.00E+00  0.00E+00  0.00E+00 -1.14E-06    0    0
   10   26 -1.86E-06  0.00E+00  0.00E+00  0.00E+00 -1.86E-06    0    0
   10   25 -2.25E-06  0.00E+00  0.00E+00  0.00E+00 -2.25E-06    0    0
   10   24 -2.00E-06  0.00E+00  0.00E+00  0.00E+00 -2.00E-06    0    0
   10   23 -2.49E-06  0.00E+00  0.00E+00  0.00E+00 -2.49E-06    0    0
   10   22 -5.75E-06  0.00E+00  0.00E+00  0.00E+00 -5.75E-06    0    0
   10   21 -1.22E-05  0.00E+00  0.00E+00  0.00E+00 -1.22E-05    0    0
   10   20 -1.94E-05  0.00E+00  0.00E+00  0.00E+00 -1.94E-05    0    0
   10   19 -2.43E-05  0.00E+00  0.00E+00  0.00E+00 -2.43E-05    0    0
   10   18 -2.58E-05  0.00E+00  0.00E+00  0.00E+00 -2.58E-05    0    0
   10   17 -2.49E-05  0.00E+00  0.00E+00  0.00E+00 -2.49E-05    0    0
   10   16 -2.30E-05  0.00E+00  0.00E+00  0.00E+00 -2.30E-05    0    0
   10   15 -2.09E-05  0.00E+00  0.00E+00  0.00E+00 -2.09E-05    0    0
   10   14 -1.90E-05  0.00E+00  0.00E+00  0.00E+00 -1.90E-05    0    0
   10   13 -1.75E-05  0.00E+00  0.00E+00  0.00E+00 -1.75E-05    0    0
   10   12 -1.54E-05  0.00E+00  0.00E+00  0.00E+00 -1.54E-05    0    0
   10   11 -1.39E-05  0.00E+00  0.00E+00  0.00E+00 -1.39E-05    0    0
   10   10 -1.29E-05  0.00E+00  0.00E+00  0.00E+00 -1.29E-05    0    0
   10    9 -1.19E-05  0.00E+00  0.00E+00  0.00E+00 -1.19E-05    0    0
   10    8 -1.14E-05  0.00E+00  0.00E+00  0.00E+00 -1.14E-05    0    0
   10    7 -1.21E-05  0.00E+00  0.00E+00  0.00E+00 -1.21E-05    0    0
   10    6 -1.22E-05  0.00E+00  0.00E+00  0.00E+00 -1.22E-05    0    0
   10    5 -8.27E-06  0.00E+00  0.00E+00  0.00E+00 -8.27E-06    0    0
   10    4 -2.01E-06  0.00E+00  0.00E+00  0.00E+00 -2.01E-06    0    0
   10    3  2.59E-06  0.00E+00  0.00E+00  0.00E+00  2.59E-06    0    0
   10    2  8.57E-06  0.00E+00  0.00E+00  0.00E+00  8.57E-06    0    0
   10    1 -5.49E-05  0.00E+00  0.00E+00  0.00E+00 -5.49E-05    0    0
