 RELATIVE CHANGES OF VECTOR PSI
  ITER  ID    TEMP        NE       POP     RAD      MAXIMUM   ilev   ifr

    1   70  3.02E-03  0.00E+00  0.00E+00  0.00E+00  3.02E-03    0    0
    1   69  3.07E-03  0.00E+00  0.00E+00  0.00E+00  3.07E-03    0    0
    1   68  3.73E-03  0.00E+00  0.00E+00  0.00E+00  3.73E-03    0    0
    1   67  4.78E-03  0.00E+00  0.00E+00  0.00E+00  4.78E-03    0    0
    1   66  5.92E-03  0.00E+00  0.00E+00  0.00E+00  5.92E-03    0    0
    1   65  6.91E-03  0.00E+00  0.00E+00  0.00E+00  6.91E-03    0    0
    1   64  7.68E-03  0.00E+00  0.00E+00  0.00E+00  7.68E-03    0    0
    1   63  8.27E-03  0.00E+00  0.00E+00  0.00E+00  8.27E-03    0    0
    1   62  8.79E-03  0.00E+00  0.00E+00  0.00E+00  8.79E-03    0    0
    1   61  9.38E-03  0.00E+00  0.00E+00  0.00E+00  9.38E-03    0    0
    1   60  1.02E-02  0.00E+00  0.00E+00  0.00E+00  1.02E-02    0    0
    1   59  1.13E-02  0.00E+00  0.00E+00  0.00E+00  1.13E-02    0    0
    1   58  1.30E-02  0.00E+00  0.00E+00  0.00E+00  1.30E-02    0    0
    1   57  1.52E-02  0.00E+00  0.00E+00  0.00E+00  1.52E-02    0    0
    1   56  1.79E-02  0.00E+00  0.00E+00  0.00E+00  1.79E-02    0    0
    1   55  2.07E-02  0.00E+00  0.00E+00  0.00E+00  2.07E-02    0    0
    1   54  2.27E-02  0.00E+00  0.00E+00  0.00E+00  2.27E-02    0    0
    1   53  2.27E-02  0.00E+00  0.00E+00  0.00E+00  2.27E-02    0    0
    1   52  1.98E-02  0.00E+00  0.00E+00  0.00E+00  1.98E-02    0    0
    1   51  1.36E-02  0.00E+00  0.00E+00  0.00E+00  1.36E-02    0    0
    1   50  4.67E-03  0.00E+00  0.00E+00  0.00E+00  4.67E-03    0    0
    1   49 -5.92E-03  0.00E+00  0.00E+00  0.00E+00 -5.92E-03    0    0
    1   48 -1.68E-02  0.00E+00  0.00E+00  0.00E+00 -1.68E-02    0    0
    1   47 -2.68E-02  0.00E+00  0.00E+00  0.00E+00 -2.68E-02    0    0
    1   46 -3.56E-02  0.00E+00  0.00E+00  0.00E+00 -3.56E-02    0    0
    1   45 -4.30E-02  0.00E+00  0.00E+00  0.00E+00 -4.30E-02    0    0
    1   44 -4.94E-02  0.00E+00  0.00E+00  0.00E+00 -4.94E-02    0    0
    1   43 -5.53E-02  0.00E+00  0.00E+00  0.00E+00 -5.53E-02    0    0
    1   42 -6.10E-02  0.00E+00  0.00E+00  0.00E+00 -6.10E-02    0    0
    1   41 -6.67E-02  0.00E+00  0.00E+00  0.00E+00 -6.67E-02    0    0
    1   40 -7.26E-02  0.00E+00  0.00E+00  0.00E+00 -7.26E-02    0    0
    1   39 -7.87E-02  0.00E+00  0.00E+00  0.00E+00 -7.87E-02    0    0
    1   38 -8.51E-02  0.00E+00  0.00E+00  0.00E+00 -8.51E-02    0    0
    1   37 -9.18E-02  0.00E+00  0.00E+00  0.00E+00 -9.18E-02    0    0
    1   36 -9.92E-02  0.00E+00  0.00E+00  0.00E+00 -9.92E-02    0    0
    1   35 -1.07E-01  0.00E+00  0.00E+00  0.00E+00 -1.07E-01    0    0
    1   34 -1.15E-01  0.00E+00  0.00E+00  0.00E+00 -1.15E-01    0    0
    1   33 -1.23E-01  0.00E+00  0.00E+00  0.00E+00 -1.23E-01    0    0
    1   32 -1.32E-01  0.00E+00  0.00E+00  0.00E+00 -1.32E-01    0    0
    1   31 -1.40E-01  0.00E+00  0.00E+00  0.00E+00 -1.40E-01    0    0
    1   30 -1.46E-01  0.00E+00  0.00E+00  0.00E+00 -1.46E-01    0    0
    1   29 -1.48E-01  0.00E+00  0.00E+00  0.00E+00 -1.48E-01    0    0
    1   28 -1.47E-01  0.00E+00  0.00E+00  0.00E+00 -1.47E-01    0    0
    1   27 -1.42E-01  0.00E+00  0.00E+00  0.00E+00 -1.42E-01    0    0
    1   26 -1.36E-01  0.00E+00  0.00E+00  0.00E+00 -1.36E-01    0    0
    1   25 -1.31E-01  0.00E+00  0.00E+00  0.00E+00 -1.31E-01    0    0
    1   24 -1.30E-01  0.00E+00  0.00E+00  0.00E+00 -1.30E-01    0    0
    1   23 -1.31E-01  0.00E+00  0.00E+00  0.00E+00 -1.31E-01    0    0
    1   22 -1.36E-01  0.00E+00  0.00E+00  0.00E+00 -1.36E-01    0    0
    1   21 -1.44E-01  0.00E+00  0.00E+00  0.00E+00 -1.44E-01    0    0
    1   20 -1.54E-01  0.00E+00  0.00E+00  0.00E+00 -1.54E-01    0    0
    1   19 -1.65E-01  0.00E+00  0.00E+00  0.00E+00 -1.65E-01    0    0
    1   18 -1.77E-01  0.00E+00  0.00E+00  0.00E+00 -1.77E-01    0    0
    1   17 -1.89E-01  0.00E+00  0.00E+00  0.00E+00 -1.89E-01    0    0
    1   16 -2.01E-01  0.00E+00  0.00E+00  0.00E+00 -2.01E-01    0    0
    1   15 -2.13E-01  0.00E+00  0.00E+00  0.00E+00 -2.13E-01    0    0
    1   14 -2.24E-01  0.00E+00  0.00E+00  0.00E+00 -2.24E-01    0    0
    1   13 -2.33E-01  0.00E+00  0.00E+00  0.00E+00 -2.33E-01    0    0
    1   12 -2.38E-01  0.00E+00  0.00E+00  0.00E+00 -2.38E-01    0    0
    1   11 -2.37E-01  0.00E+00  0.00E+00  0.00E+00 -2.37E-01    0    0
    1   10 -2.29E-01  0.00E+00  0.00E+00  0.00E+00 -2.29E-01    0    0
    1    9 -2.16E-01  0.00E+00  0.00E+00  0.00E+00 -2.16E-01    0    0
    1    8 -2.03E-01  0.00E+00  0.00E+00  0.00E+00 -2.03E-01    0    0
    1    7 -1.93E-01  0.00E+00  0.00E+00  0.00E+00 -1.93E-01    0    0
    1    6 -1.82E-01  0.00E+00  0.00E+00  0.00E+00 -1.82E-01    0    0
    1    5 -1.79E-01  0.00E+00  0.00E+00  0.00E+00 -1.79E-01    0    0
    1    4 -1.94E-01  0.00E+00  0.00E+00  0.00E+00 -1.94E-01    0    0
    1    3 -2.44E-01  0.00E+00  0.00E+00  0.00E+00 -2.44E-01    0    0
    1    2 -3.52E-01  0.00E+00  0.00E+00  0.00E+00 -3.52E-01    0    0
    1    1 -5.71E-01  0.00E+00  0.00E+00  0.00E+00 -5.71E-01    0    0
    2   70 -9.78E-05  0.00E+00  0.00E+00  0.00E+00 -9.78E-05    0    0
    2   69 -1.12E-04  0.00E+00  0.00E+00  0.00E+00 -1.12E-04    0    0
    2   68 -1.51E-04  0.00E+00  0.00E+00  0.00E+00 -1.51E-04    0    0
    2   67 -2.07E-04  0.00E+00  0.00E+00  0.00E+00 -2.07E-04    0    0
    2   66 -2.67E-04  0.00E+00  0.00E+00  0.00E+00 -2.67E-04    0    0
    2   65 -3.18E-04  0.00E+00  0.00E+00  0.00E+00 -3.18E-04    0    0
    2   64 -3.57E-04  0.00E+00  0.00E+00  0.00E+00 -3.57E-04    0    0
    2   63 -3.95E-04  0.00E+00  0.00E+00  0.00E+00 -3.95E-04    0    0
    2   62 -4.42E-04  0.00E+00  0.00E+00  0.00E+00 -4.42E-04    0    0
    2   61 -5.08E-04  0.00E+00  0.00E+00  0.00E+00 -5.08E-04    0    0
    2   60 -6.00E-04  0.00E+00  0.00E+00  0.00E+00 -6.00E-04    0    0
    2   59 -7.25E-04  0.00E+00  0.00E+00  0.00E+00 -7.25E-04    0    0
    2   58 -8.82E-04  0.00E+00  0.00E+00  0.00E+00 -8.82E-04    0    0
    2   57 -1.06E-03  0.00E+00  0.00E+00  0.00E+00 -1.06E-03    0    0
    2   56 -1.27E-03  0.00E+00  0.00E+00  0.00E+00 -1.27E-03    0    0
    2   55 -1.52E-03  0.00E+00  0.00E+00  0.00E+00 -1.52E-03    0    0
    2   54 -1.88E-03  0.00E+00  0.00E+00  0.00E+00 -1.88E-03    0    0
    2   53 -2.51E-03  0.00E+00  0.00E+00  0.00E+00 -2.51E-03    0    0
    2   52 -3.64E-03  0.00E+00  0.00E+00  0.00E+00 -3.64E-03    0    0
    2   51 -5.63E-03  0.00E+00  0.00E+00  0.00E+00 -5.63E-03    0    0
    2   50 -8.65E-03  0.00E+00  0.00E+00  0.00E+00 -8.65E-03    0    0
    2   49 -1.25E-02  0.00E+00  0.00E+00  0.00E+00 -1.25E-02    0    0
    2   48 -1.62E-02  0.00E+00  0.00E+00  0.00E+00 -1.62E-02    0    0
    2   47 -1.93E-02  0.00E+00  0.00E+00  0.00E+00 -1.93E-02    0    0
    2   46 -2.15E-02  0.00E+00  0.00E+00  0.00E+00 -2.15E-02    0    0
    2   45 -2.35E-02  0.00E+00  0.00E+00  0.00E+00 -2.35E-02    0    0
    2   44 -2.53E-02  0.00E+00  0.00E+00  0.00E+00 -2.53E-02    0    0
    2   43 -2.66E-02  0.00E+00  0.00E+00  0.00E+00 -2.66E-02    0    0
    2   42 -2.75E-02  0.00E+00  0.00E+00  0.00E+00 -2.75E-02    0    0
    2   41 -2.80E-02  0.00E+00  0.00E+00  0.00E+00 -2.80E-02    0    0
    2   40 -2.81E-02  0.00E+00  0.00E+00  0.00E+00 -2.81E-02    0    0
    2   39 -2.77E-02  0.00E+00  0.00E+00  0.00E+00 -2.77E-02    0    0
    2   38 -2.68E-02  0.00E+00  0.00E+00  0.00E+00 -2.68E-02    0    0
    2   37 -2.54E-02  0.00E+00  0.00E+00  0.00E+00 -2.54E-02    0    0
    2   36 -2.31E-02  0.00E+00  0.00E+00  0.00E+00 -2.31E-02    0    0
    2   35 -2.04E-02  0.00E+00  0.00E+00  0.00E+00 -2.04E-02    0    0
    2   34 -1.71E-02  0.00E+00  0.00E+00  0.00E+00 -1.71E-02    0    0
    2   33 -1.29E-02  0.00E+00  0.00E+00  0.00E+00 -1.29E-02    0    0
    2   32 -8.12E-03  0.00E+00  0.00E+00  0.00E+00 -8.12E-03    0    0
    2   31 -3.56E-03  0.00E+00  0.00E+00  0.00E+00 -3.56E-03    0    0
    2   30 -1.06E-03  0.00E+00  0.00E+00  0.00E+00 -1.06E-03    0    0
    2   29 -2.53E-03  0.00E+00  0.00E+00  0.00E+00 -2.53E-03    0    0
    2   28 -8.48E-03  0.00E+00  0.00E+00  0.00E+00 -8.48E-03    0    0
    2   27 -1.73E-02  0.00E+00  0.00E+00  0.00E+00 -1.73E-02    0    0
    2   26 -2.66E-02  0.00E+00  0.00E+00  0.00E+00 -2.66E-02    0    0
    2   25 -3.43E-02  0.00E+00  0.00E+00  0.00E+00 -3.43E-02    0    0
    2   24 -3.92E-02  0.00E+00  0.00E+00  0.00E+00 -3.92E-02    0    0
    2   23 -4.13E-02  0.00E+00  0.00E+00  0.00E+00 -4.13E-02    0    0
    2   22 -4.12E-02  0.00E+00  0.00E+00  0.00E+00 -4.12E-02    0    0
    2   21 -3.96E-02  0.00E+00  0.00E+00  0.00E+00 -3.96E-02    0    0
    2   20 -3.68E-02  0.00E+00  0.00E+00  0.00E+00 -3.68E-02    0    0
    2   19 -3.31E-02  0.00E+00  0.00E+00  0.00E+00 -3.31E-02    0    0
    2   18 -2.84E-02  0.00E+00  0.00E+00  0.00E+00 -2.84E-02    0    0
    2   17 -2.38E-02  0.00E+00  0.00E+00  0.00E+00 -2.38E-02    0    0
    2   16 -2.01E-02  0.00E+00  0.00E+00  0.00E+00 -2.01E-02    0    0
    2   15 -2.53E-02  0.00E+00  0.00E+00  0.00E+00 -2.53E-02    0    0
    2   14 -3.09E-02  0.00E+00  0.00E+00  0.00E+00 -3.09E-02    0    0
    2   13 -3.71E-02  0.00E+00  0.00E+00  0.00E+00 -3.71E-02    0    0
    2   12 -4.42E-02  0.00E+00  0.00E+00  0.00E+00 -4.42E-02    0    0
    2   11 -5.26E-02  0.00E+00  0.00E+00  0.00E+00 -5.26E-02    0    0
    2   10 -6.24E-02  0.00E+00  0.00E+00  0.00E+00 -6.24E-02    0    0
    2    9 -7.28E-02  0.00E+00  0.00E+00  0.00E+00 -7.28E-02    0    0
    2    8 -8.37E-02  0.00E+00  0.00E+00  0.00E+00 -8.37E-02    0    0
    2    7 -1.07E-01  0.00E+00  0.00E+00  0.00E+00 -1.07E-01    0    0
    2    6 -1.27E-01  0.00E+00  0.00E+00  0.00E+00 -1.27E-01    0    0
    2    5 -1.26E-01  0.00E+00  0.00E+00  0.00E+00 -1.26E-01    0    0
    2    4 -1.18E-01  0.00E+00  0.00E+00  0.00E+00 -1.18E-01    0    0
    2    3 -1.11E-01  0.00E+00  0.00E+00  0.00E+00 -1.11E-01    0    0
    2    2 -1.10E-01  0.00E+00  0.00E+00  0.00E+00 -1.10E-01    0    0
    2    1 -2.12E-01  0.00E+00  0.00E+00  0.00E+00 -2.12E-01    0    0
    3   70  2.21E-06  0.00E+00  0.00E+00  0.00E+00  2.21E-06    0    0
    3   69  2.96E-06  0.00E+00  0.00E+00  0.00E+00  2.96E-06    0    0
    3   68  4.00E-06  0.00E+00  0.00E+00  0.00E+00  4.00E-06    0    0
    3   67  5.14E-06  0.00E+00  0.00E+00  0.00E+00  5.14E-06    0    0
    3   66  6.22E-06  0.00E+00  0.00E+00  0.00E+00  6.22E-06    0    0
    3   65  7.16E-06  0.00E+00  0.00E+00  0.00E+00  7.16E-06    0    0
    3   64  8.07E-06  0.00E+00  0.00E+00  0.00E+00  8.07E-06    0    0
    3   63  9.02E-06  0.00E+00  0.00E+00  0.00E+00  9.02E-06    0    0
    3   62  9.84E-06  0.00E+00  0.00E+00  0.00E+00  9.84E-06    0    0
    3   61  9.86E-06  0.00E+00  0.00E+00  0.00E+00  9.86E-06    0    0
    3   60  7.56E-06  0.00E+00  0.00E+00  0.00E+00  7.56E-06    0    0
    3   59  2.80E-07  0.00E+00  0.00E+00  0.00E+00  2.80E-07    0    0
    3   58 -1.52E-05  0.00E+00  0.00E+00  0.00E+00 -1.52E-05    0    0
    3   57 -4.19E-05  0.00E+00  0.00E+00  0.00E+00 -4.19E-05    0    0
    3   56 -8.55E-05  0.00E+00  0.00E+00  0.00E+00 -8.55E-05    0    0
    3   55 -1.61E-04  0.00E+00  0.00E+00  0.00E+00 -1.61E-04    0    0
    3   54 -3.06E-04  0.00E+00  0.00E+00  0.00E+00 -3.06E-04    0    0
    3   53 -5.77E-04  0.00E+00  0.00E+00  0.00E+00 -5.77E-04    0    0
    3   52 -1.06E-03  0.00E+00  0.00E+00  0.00E+00 -1.06E-03    0    0
    3   51 -1.84E-03  0.00E+00  0.00E+00  0.00E+00 -1.84E-03    0    0
    3   50 -2.95E-03  0.00E+00  0.00E+00  0.00E+00 -2.95E-03    0    0
    3   49 -4.23E-03  0.00E+00  0.00E+00  0.00E+00 -4.23E-03    0    0
    3   48 -5.26E-03  0.00E+00  0.00E+00  0.00E+00 -5.26E-03    0    0
    3   47 -5.89E-03  0.00E+00  0.00E+00  0.00E+00 -5.89E-03    0    0
    3   46 -6.40E-03  0.00E+00  0.00E+00  0.00E+00 -6.40E-03    0    0
    3   45 -6.93E-03  0.00E+00  0.00E+00  0.00E+00 -6.93E-03    0    0
    3   44 -7.48E-03  0.00E+00  0.00E+00  0.00E+00 -7.48E-03    0    0
    3   43 -8.10E-03  0.00E+00  0.00E+00  0.00E+00 -8.10E-03    0    0
    3   42 -8.27E-03  0.00E+00  0.00E+00  0.00E+00 -8.27E-03    0    0
    3   41 -8.20E-03  0.00E+00  0.00E+00  0.00E+00 -8.20E-03    0    0
    3   40 -7.94E-03  0.00E+00  0.00E+00  0.00E+00 -7.94E-03    0    0
    3   39 -7.52E-03  0.00E+00  0.00E+00  0.00E+00 -7.52E-03    0    0
    3   38 -6.96E-03  0.00E+00  0.00E+00  0.00E+00 -6.96E-03    0    0
    3   37 -6.26E-03  0.00E+00  0.00E+00  0.00E+00 -6.26E-03    0    0
    3   36 -5.42E-03  0.00E+00  0.00E+00  0.00E+00 -5.42E-03    0    0
    3   35 -4.56E-03  0.00E+00  0.00E+00  0.00E+00 -4.56E-03    0    0
    3   34 -3.71E-03  0.00E+00  0.00E+00  0.00E+00 -3.71E-03    0    0
    3   33 -2.92E-03  0.00E+00  0.00E+00  0.00E+00 -2.92E-03    0    0
    3   32 -2.31E-03  0.00E+00  0.00E+00  0.00E+00 -2.31E-03    0    0
    3   31 -2.00E-03  0.00E+00  0.00E+00  0.00E+00 -2.00E-03    0    0
    3   30 -2.00E-03  0.00E+00  0.00E+00  0.00E+00 -2.00E-03    0    0
    3   29 -2.18E-03  0.00E+00  0.00E+00  0.00E+00 -2.18E-03    0    0
    3   28 -2.70E-03  0.00E+00  0.00E+00  0.00E+00 -2.70E-03    0    0
    3   27 -3.86E-03  0.00E+00  0.00E+00  0.00E+00 -3.86E-03    0    0
    3   26 -5.49E-03  0.00E+00  0.00E+00  0.00E+00 -5.49E-03    0    0
    3   25 -7.24E-03  0.00E+00  0.00E+00  0.00E+00 -7.24E-03    0    0
    3   24 -8.72E-03  0.00E+00  0.00E+00  0.00E+00 -8.72E-03    0    0
    3   23 -9.43E-03  0.00E+00  0.00E+00  0.00E+00 -9.43E-03    0    0
    3   22 -9.07E-03  0.00E+00  0.00E+00  0.00E+00 -9.07E-03    0    0
    3   21 -7.70E-03  0.00E+00  0.00E+00  0.00E+00 -7.70E-03    0    0
    3   20 -5.66E-03  0.00E+00  0.00E+00  0.00E+00 -5.66E-03    0    0
    3   19 -3.21E-03  0.00E+00  0.00E+00  0.00E+00 -3.21E-03    0    0
    3   18 -5.35E-04  0.00E+00  0.00E+00  0.00E+00 -5.35E-04    0    0
    3   17  1.52E-03  0.00E+00  0.00E+00  0.00E+00  1.52E-03    0    0
    3   16  2.36E-03  0.00E+00  0.00E+00  0.00E+00  2.36E-03    0    0
    3   15 -1.10E-03  0.00E+00  0.00E+00  0.00E+00 -1.10E-03    0    0
    3   14 -4.49E-03  0.00E+00  0.00E+00  0.00E+00 -4.49E-03    0    0
    3   13 -7.50E-03  0.00E+00  0.00E+00  0.00E+00 -7.50E-03    0    0
    3   12 -9.91E-03  0.00E+00  0.00E+00  0.00E+00 -9.91E-03    0    0
    3   11 -1.13E-02  0.00E+00  0.00E+00  0.00E+00 -1.13E-02    0    0
    3   10 -1.12E-02  0.00E+00  0.00E+00  0.00E+00 -1.12E-02    0    0
    3    9 -1.02E-02  0.00E+00  0.00E+00  0.00E+00 -1.02E-02    0    0
    3    8 -8.17E-03  0.00E+00  0.00E+00  0.00E+00 -8.17E-03    0    0
    3    7 -7.33E-04  0.00E+00  0.00E+00  0.00E+00 -7.33E-04    0    0
    3    6  2.36E-03  0.00E+00  0.00E+00  0.00E+00  2.36E-03    0    0
    3    5 -8.12E-03  0.00E+00  0.00E+00  0.00E+00 -8.12E-03    0    0
    3    4 -4.09E-03  0.00E+00  0.00E+00  0.00E+00 -4.09E-03    0    0
    3    3 -1.03E-02  0.00E+00  0.00E+00  0.00E+00 -1.03E-02    0    0
    3    2 -1.80E-02  0.00E+00  0.00E+00  0.00E+00 -1.80E-02    0    0
    3    1  1.40E-02  0.00E+00  0.00E+00  0.00E+00  1.40E-02    0    0
    4   70 -5.69E-08  0.00E+00  0.00E+00  0.00E+00 -5.69E-08    0    0
    4   69 -7.61E-08  0.00E+00  0.00E+00  0.00E+00 -7.61E-08    0    0
    4   68 -9.80E-08  0.00E+00  0.00E+00  0.00E+00 -9.80E-08    0    0
    4   67 -1.19E-07  0.00E+00  0.00E+00  0.00E+00 -1.19E-07    0    0
    4   66 -1.35E-07  0.00E+00  0.00E+00  0.00E+00 -1.35E-07    0    0
    4   65 -1.40E-07  0.00E+00  0.00E+00  0.00E+00 -1.40E-07    0    0
    4   64 -1.29E-07  0.00E+00  0.00E+00  0.00E+00 -1.29E-07    0    0
    4   63 -8.41E-08  0.00E+00  0.00E+00  0.00E+00 -8.41E-08    0    0
    4   62  2.41E-08  0.00E+00  0.00E+00  0.00E+00  2.41E-08    0    0
    4   61  2.39E-07  0.00E+00  0.00E+00  0.00E+00  2.39E-07    0    0
    4   60  5.68E-07  0.00E+00  0.00E+00  0.00E+00  5.68E-07    0    0
    4   59  8.61E-07  0.00E+00  0.00E+00  0.00E+00  8.61E-07    0    0
    4   58  7.58E-07  0.00E+00  0.00E+00  0.00E+00  7.58E-07    0    0
    4   57 -2.97E-07  0.00E+00  0.00E+00  0.00E+00 -2.97E-07    0    0
    4   56 -3.90E-06  0.00E+00  0.00E+00  0.00E+00 -3.90E-06    0    0
    4   55 -1.49E-05  0.00E+00  0.00E+00  0.00E+00 -1.49E-05    0    0
    4   54 -4.47E-05  0.00E+00  0.00E+00  0.00E+00 -4.47E-05    0    0
    4   53 -1.10E-04  0.00E+00  0.00E+00  0.00E+00 -1.10E-04    0    0
    4   52 -2.30E-04  0.00E+00  0.00E+00  0.00E+00 -2.30E-04    0    0
    4   51 -4.27E-04  0.00E+00  0.00E+00  0.00E+00 -4.27E-04    0    0
    4   50 -7.06E-04  0.00E+00  0.00E+00  0.00E+00 -7.06E-04    0    0
    4   49 -1.01E-03  0.00E+00  0.00E+00  0.00E+00 -1.01E-03    0    0
    4   48 -1.23E-03  0.00E+00  0.00E+00  0.00E+00 -1.23E-03    0    0
    4   47 -1.36E-03  0.00E+00  0.00E+00  0.00E+00 -1.36E-03    0    0
    4   46 -1.48E-03  0.00E+00  0.00E+00  0.00E+00 -1.48E-03    0    0
    4   45 -1.59E-03  0.00E+00  0.00E+00  0.00E+00 -1.59E-03    0    0
    4   44 -1.70E-03  0.00E+00  0.00E+00  0.00E+00 -1.70E-03    0    0
    4   43 -1.79E-03  0.00E+00  0.00E+00  0.00E+00 -1.79E-03    0    0
    4   42 -1.77E-03  0.00E+00  0.00E+00  0.00E+00 -1.77E-03    0    0
    4   41 -1.67E-03  0.00E+00  0.00E+00  0.00E+00 -1.67E-03    0    0
    4   40 -1.53E-03  0.00E+00  0.00E+00  0.00E+00 -1.53E-03    0    0
    4   39 -1.38E-03  0.00E+00  0.00E+00  0.00E+00 -1.38E-03    0    0
    4   38 -1.23E-03  0.00E+00  0.00E+00  0.00E+00 -1.23E-03    0    0
    4   37 -1.09E-03  0.00E+00  0.00E+00  0.00E+00 -1.09E-03    0    0
    4   36 -9.49E-04  0.00E+00  0.00E+00  0.00E+00 -9.49E-04    0    0
    4   35 -8.34E-04  0.00E+00  0.00E+00  0.00E+00 -8.34E-04    0    0
    4   34 -7.40E-04  0.00E+00  0.00E+00  0.00E+00 -7.40E-04    0    0
    4   33 -6.66E-04  0.00E+00  0.00E+00  0.00E+00 -6.66E-04    0    0
    4   32 -6.19E-04  0.00E+00  0.00E+00  0.00E+00 -6.19E-04    0    0
    4   31 -5.99E-04  0.00E+00  0.00E+00  0.00E+00 -5.99E-04    0    0
    4   30 -6.02E-04  0.00E+00  0.00E+00  0.00E+00 -6.02E-04    0    0
    4   29 -6.15E-04  0.00E+00  0.00E+00  0.00E+00 -6.15E-04    0    0
    4   28 -6.53E-04  0.00E+00  0.00E+00  0.00E+00 -6.53E-04    0    0
    4   27 -7.45E-04  0.00E+00  0.00E+00  0.00E+00 -7.45E-04    0    0
    4   26 -8.91E-04  0.00E+00  0.00E+00  0.00E+00 -8.91E-04    0    0
    4   25 -1.07E-03  0.00E+00  0.00E+00  0.00E+00 -1.07E-03    0    0
    4   24 -1.24E-03  0.00E+00  0.00E+00  0.00E+00 -1.24E-03    0    0
    4   23 -1.32E-03  0.00E+00  0.00E+00  0.00E+00 -1.32E-03    0    0
    4   22 -1.23E-03  0.00E+00  0.00E+00  0.00E+00 -1.23E-03    0    0
    4   21 -1.00E-03  0.00E+00  0.00E+00  0.00E+00 -1.00E-03    0    0
    4   20 -7.20E-04  0.00E+00  0.00E+00  0.00E+00 -7.20E-04    0    0
    4   19 -4.51E-04  0.00E+00  0.00E+00  0.00E+00 -4.51E-04    0    0
    4   18 -2.05E-04  0.00E+00  0.00E+00  0.00E+00 -2.05E-04    0    0
    4   17 -2.79E-05  0.00E+00  0.00E+00  0.00E+00 -2.79E-05    0    0
    4   16  1.18E-04  0.00E+00  0.00E+00  0.00E+00  1.18E-04    0    0
    4   15 -3.59E-04  0.00E+00  0.00E+00  0.00E+00 -3.59E-04    0    0
    4   14 -9.03E-04  0.00E+00  0.00E+00  0.00E+00 -9.03E-04    0    0
    4   13 -1.47E-03  0.00E+00  0.00E+00  0.00E+00 -1.47E-03    0    0
    4   12 -1.95E-03  0.00E+00  0.00E+00  0.00E+00 -1.95E-03    0    0
    4   11 -2.17E-03  0.00E+00  0.00E+00  0.00E+00 -2.17E-03    0    0
    4   10 -2.03E-03  0.00E+00  0.00E+00  0.00E+00 -2.03E-03    0    0
    4    9 -1.62E-03  0.00E+00  0.00E+00  0.00E+00 -1.62E-03    0    0
    4    8 -1.01E-03  0.00E+00  0.00E+00  0.00E+00 -1.01E-03    0    0
    4    7  2.70E-04  0.00E+00  0.00E+00  0.00E+00  2.70E-04    0    0
    4    6  8.95E-04  0.00E+00  0.00E+00  0.00E+00  8.95E-04    0    0
    4    5 -2.71E-04  0.00E+00  0.00E+00  0.00E+00 -2.71E-04    0    0
    4    4  1.65E-04  0.00E+00  0.00E+00  0.00E+00  1.65E-04    0    0
    4    3 -3.16E-04  0.00E+00  0.00E+00  0.00E+00 -3.16E-04    0    0
    4    2 -6.43E-04  0.00E+00  0.00E+00  0.00E+00 -6.43E-04    0    0
    4    1  2.77E-03  0.00E+00  0.00E+00  0.00E+00  2.77E-03    0    0
    5   70  9.46E-10  0.00E+00  0.00E+00  0.00E+00  9.46E-10    0    0
    5   69  1.08E-09  0.00E+00  0.00E+00  0.00E+00  1.08E-09    0    0
    5   68  1.05E-09  0.00E+00  0.00E+00  0.00E+00  1.05E-09    0    0
    5   67  6.37E-10  0.00E+00  0.00E+00  0.00E+00  6.37E-10    0    0
    5   66 -3.83E-10  0.00E+00  0.00E+00  0.00E+00 -3.83E-10    0    0
    5   65 -2.27E-09  0.00E+00  0.00E+00  0.00E+00 -2.27E-09    0    0
    5   64 -5.28E-09  0.00E+00  0.00E+00  0.00E+00 -5.28E-09    0    0
    5   63 -9.60E-09  0.00E+00  0.00E+00  0.00E+00 -9.60E-09    0    0
    5   62 -1.44E-08  0.00E+00  0.00E+00  0.00E+00 -1.44E-08    0    0
    5   61 -1.42E-08  0.00E+00  0.00E+00  0.00E+00 -1.42E-08    0    0
    5   60  7.77E-09  0.00E+00  0.00E+00  0.00E+00  7.77E-09    0    0
    5   59  7.95E-08  0.00E+00  0.00E+00  0.00E+00  7.95E-08    0    0
    5   58  2.44E-07  0.00E+00  0.00E+00  0.00E+00  2.44E-07    0    0
    5   57  5.55E-07  0.00E+00  0.00E+00  0.00E+00  5.55E-07    0    0
    5   56  8.13E-07  0.00E+00  0.00E+00  0.00E+00  8.13E-07    0    0
    5   55 -1.20E-07  0.00E+00  0.00E+00  0.00E+00 -1.20E-07    0    0
    5   54 -5.08E-06  0.00E+00  0.00E+00  0.00E+00 -5.08E-06    0    0
    5   53 -1.80E-05  0.00E+00  0.00E+00  0.00E+00 -1.80E-05    0    0
    5   52 -4.36E-05  0.00E+00  0.00E+00  0.00E+00 -4.36E-05    0    0
    5   51 -8.61E-05  0.00E+00  0.00E+00  0.00E+00 -8.61E-05    0    0
    5   50 -1.46E-04  0.00E+00  0.00E+00  0.00E+00 -1.46E-04    0    0
    5   49 -2.12E-04  0.00E+00  0.00E+00  0.00E+00 -2.12E-04    0    0
    5   48 -2.55E-04  0.00E+00  0.00E+00  0.00E+00 -2.55E-04    0    0
    5   47 -2.81E-04  0.00E+00  0.00E+00  0.00E+00 -2.81E-04    0    0
    5   46 -3.03E-04  0.00E+00  0.00E+00  0.00E+00 -3.03E-04    0    0
    5   45 -3.21E-04  0.00E+00  0.00E+00  0.00E+00 -3.21E-04    0    0
    5   44 -3.34E-04  0.00E+00  0.00E+00  0.00E+00 -3.34E-04    0    0
    5   43 -3.38E-04  0.00E+00  0.00E+00  0.00E+00 -3.38E-04    0    0
    5   42 -3.19E-04  0.00E+00  0.00E+00  0.00E+00 -3.19E-04    0    0
    5   41 -2.86E-04  0.00E+00  0.00E+00  0.00E+00 -2.86E-04    0    0
    5   40 -2.55E-04  0.00E+00  0.00E+00  0.00E+00 -2.55E-04    0    0
    5   39 -2.26E-04  0.00E+00  0.00E+00  0.00E+00 -2.26E-04    0    0
    5   38 -2.03E-04  0.00E+00  0.00E+00  0.00E+00 -2.03E-04    0    0
    5   37 -1.84E-04  0.00E+00  0.00E+00  0.00E+00 -1.84E-04    0    0
    5   36 -1.68E-04  0.00E+00  0.00E+00  0.00E+00 -1.68E-04    0    0
    5   35 -1.56E-04  0.00E+00  0.00E+00  0.00E+00 -1.56E-04    0    0
    5   34 -1.47E-04  0.00E+00  0.00E+00  0.00E+00 -1.47E-04    0    0
    5   33 -1.40E-04  0.00E+00  0.00E+00  0.00E+00 -1.40E-04    0    0
    5   32 -1.36E-04  0.00E+00  0.00E+00  0.00E+00 -1.36E-04    0    0
    5   31 -1.34E-04  0.00E+00  0.00E+00  0.00E+00 -1.34E-04    0    0
    5   30 -1.33E-04  0.00E+00  0.00E+00  0.00E+00 -1.33E-04    0    0
    5   29 -1.33E-04  0.00E+00  0.00E+00  0.00E+00 -1.33E-04    0    0
    5   28 -1.34E-04  0.00E+00  0.00E+00  0.00E+00 -1.34E-04    0    0
    5   27 -1.38E-04  0.00E+00  0.00E+00  0.00E+00 -1.38E-04    0    0
    5   26 -1.47E-04  0.00E+00  0.00E+00  0.00E+00 -1.47E-04    0    0
    5   25 -1.57E-04  0.00E+00  0.00E+00  0.00E+00 -1.57E-04    0    0
    5   24 -1.66E-04  0.00E+00  0.00E+00  0.00E+00 -1.66E-04    0    0
    5   23 -1.70E-04  0.00E+00  0.00E+00  0.00E+00 -1.70E-04    0    0
    5   22 -1.62E-04  0.00E+00  0.00E+00  0.00E+00 -1.62E-04    0    0
    5   21 -1.44E-04  0.00E+00  0.00E+00  0.00E+00 -1.44E-04    0    0
    5   20 -1.23E-04  0.00E+00  0.00E+00  0.00E+00 -1.23E-04    0    0
    5   19 -1.06E-04  0.00E+00  0.00E+00  0.00E+00 -1.06E-04    0    0
    5   18 -8.74E-05  0.00E+00  0.00E+00  0.00E+00 -8.74E-05    0    0
    5   17 -6.86E-05  0.00E+00  0.00E+00  0.00E+00 -6.86E-05    0    0
    5   16 -3.59E-05  0.00E+00  0.00E+00  0.00E+00 -3.59E-05    0    0
    5   15 -1.00E-04  0.00E+00  0.00E+00  0.00E+00 -1.00E-04    0    0
    5   14 -1.74E-04  0.00E+00  0.00E+00  0.00E+00 -1.74E-04    0    0
    5   13 -2.57E-04  0.00E+00  0.00E+00  0.00E+00 -2.57E-04    0    0
    5   12 -3.28E-04  0.00E+00  0.00E+00  0.00E+00 -3.28E-04    0    0
    5   11 -3.53E-04  0.00E+00  0.00E+00  0.00E+00 -3.53E-04    0    0
    5   10 -3.12E-04  0.00E+00  0.00E+00  0.00E+00 -3.12E-04    0    0
    5    9 -2.22E-04  0.00E+00  0.00E+00  0.00E+00 -2.22E-04    0    0
    5    8 -9.98E-05  0.00E+00  0.00E+00  0.00E+00 -9.98E-05    0    0
    5    7  4.99E-05  0.00E+00  0.00E+00  0.00E+00  4.99E-05    0    0
    5    6  1.19E-04  0.00E+00  0.00E+00  0.00E+00  1.19E-04    0    0
    5    5  3.87E-05  0.00E+00  0.00E+00  0.00E+00  3.87E-05    0    0
    5    4  5.44E-05  0.00E+00  0.00E+00  0.00E+00  5.44E-05    0    0
    5    3  4.06E-06  0.00E+00  0.00E+00  0.00E+00  4.06E-06    0    0
    5    2 -3.92E-05  0.00E+00  0.00E+00  0.00E+00 -3.92E-05    0    0
    5    1  1.14E-04  0.00E+00  0.00E+00  0.00E+00  1.14E-04    0    0
    6   70 -1.00E-10  0.00E+00  0.00E+00  0.00E+00 -1.00E-10    0    0
    6   69 -1.54E-10  0.00E+00  0.00E+00  0.00E+00 -1.54E-10    0    0
    6   68 -2.47E-10  0.00E+00  0.00E+00  0.00E+00 -2.47E-10    0    0
    6   67 -4.16E-10  0.00E+00  0.00E+00  0.00E+00 -4.16E-10    0    0
    6   66 -7.20E-10  0.00E+00  0.00E+00  0.00E+00 -7.20E-10    0    0
    6   65 -1.25E-09  0.00E+00  0.00E+00  0.00E+00 -1.25E-09    0    0
    6   64 -2.16E-09  0.00E+00  0.00E+00  0.00E+00 -2.16E-09    0    0
    6   63 -3.72E-09  0.00E+00  0.00E+00  0.00E+00 -3.72E-09    0    0
    6   62 -6.51E-09  0.00E+00  0.00E+00  0.00E+00 -6.51E-09    0    0
    6   61 -1.14E-08  0.00E+00  0.00E+00  0.00E+00 -1.14E-08    0    0
    6   60 -1.82E-08  0.00E+00  0.00E+00  0.00E+00 -1.82E-08    0    0
    6   59 -2.19E-08  0.00E+00  0.00E+00  0.00E+00 -2.19E-08    0    0
    6   58 -2.17E-09  0.00E+00  0.00E+00  0.00E+00 -2.17E-09    0    0
    6   57  8.61E-08  0.00E+00  0.00E+00  0.00E+00  8.61E-08    0    0
    6   56  2.50E-07  0.00E+00  0.00E+00  0.00E+00  2.50E-07    0    0
    6   55  2.67E-07  0.00E+00  0.00E+00  0.00E+00  2.67E-07    0    0
    6   54 -5.06E-07  0.00E+00  0.00E+00  0.00E+00 -5.06E-07    0    0
    6   53 -2.97E-06  0.00E+00  0.00E+00  0.00E+00 -2.97E-06    0    0
    6   52 -8.10E-06  0.00E+00  0.00E+00  0.00E+00 -8.10E-06    0    0
    6   51 -1.68E-05  0.00E+00  0.00E+00  0.00E+00 -1.68E-05    0    0
    6   50 -2.92E-05  0.00E+00  0.00E+00  0.00E+00 -2.92E-05    0    0
    6   49 -4.25E-05  0.00E+00  0.00E+00  0.00E+00 -4.25E-05    0    0
    6   48 -5.10E-05  0.00E+00  0.00E+00  0.00E+00 -5.10E-05    0    0
    6   47 -5.59E-05  0.00E+00  0.00E+00  0.00E+00 -5.59E-05    0    0
    6   46 -5.94E-05  0.00E+00  0.00E+00  0.00E+00 -5.94E-05    0    0
    6   45 -6.16E-05  0.00E+00  0.00E+00  0.00E+00 -6.16E-05    0    0
    6   44 -6.24E-05  0.00E+00  0.00E+00  0.00E+00 -6.24E-05    0    0
    6   43 -6.14E-05  0.00E+00  0.00E+00  0.00E+00 -6.14E-05    0    0
    6   42 -5.60E-05  0.00E+00  0.00E+00  0.00E+00 -5.60E-05    0    0
    6   41 -4.95E-05  0.00E+00  0.00E+00  0.00E+00 -4.95E-05    0    0
    6   40 -4.39E-05  0.00E+00  0.00E+00  0.00E+00 -4.39E-05    0    0
    6   39 -3.93E-05  0.00E+00  0.00E+00  0.00E+00 -3.93E-05    0    0
    6   38 -3.57E-05  0.00E+00  0.00E+00  0.00E+00 -3.57E-05    0    0
    6   37 -3.29E-05  0.00E+00  0.00E+00  0.00E+00 -3.29E-05    0    0
    6   36 -3.09E-05  0.00E+00  0.00E+00  0.00E+00 -3.09E-05    0    0
    6   35 -2.93E-05  0.00E+00  0.00E+00  0.00E+00 -2.93E-05    0    0
    6   34 -2.81E-05  0.00E+00  0.00E+00  0.00E+00 -2.81E-05    0    0
    6   33 -2.72E-05  0.00E+00  0.00E+00  0.00E+00 -2.72E-05    0    0
    6   32 -2.66E-05  0.00E+00  0.00E+00  0.00E+00 -2.66E-05    0    0
    6   31 -2.61E-05  0.00E+00  0.00E+00  0.00E+00 -2.61E-05    0    0
    6   30 -2.58E-05  0.00E+00  0.00E+00  0.00E+00 -2.58E-05    0    0
    6   29 -2.55E-05  0.00E+00  0.00E+00  0.00E+00 -2.55E-05    0    0
    6   28 -2.54E-05  0.00E+00  0.00E+00  0.00E+00 -2.54E-05    0    0
    6   27 -2.55E-05  0.00E+00  0.00E+00  0.00E+00 -2.55E-05    0    0
    6   26 -2.58E-05  0.00E+00  0.00E+00  0.00E+00 -2.58E-05    0    0
    6   25 -2.62E-05  0.00E+00  0.00E+00  0.00E+00 -2.62E-05    0    0
    6   24 -2.65E-05  0.00E+00  0.00E+00  0.00E+00 -2.65E-05    0    0
    6   23 -2.65E-05  0.00E+00  0.00E+00  0.00E+00 -2.65E-05    0    0
    6   22 -2.58E-05  0.00E+00  0.00E+00  0.00E+00 -2.58E-05    0    0
    6   21 -2.44E-05  0.00E+00  0.00E+00  0.00E+00 -2.44E-05    0    0
    6   20 -2.31E-05  0.00E+00  0.00E+00  0.00E+00 -2.31E-05    0    0
    6   19 -2.22E-05  0.00E+00  0.00E+00  0.00E+00 -2.22E-05    0    0
    6   18 -2.10E-05  0.00E+00  0.00E+00  0.00E+00 -2.10E-05    0    0
    6   17 -1.89E-05  0.00E+00  0.00E+00  0.00E+00 -1.89E-05    0    0
    6   16 -1.22E-05  0.00E+00  0.00E+00  0.00E+00 -1.22E-05    0    0
    6   15 -2.11E-05  0.00E+00  0.00E+00  0.00E+00 -2.11E-05    0    0
    6   14 -3.09E-05  0.00E+00  0.00E+00  0.00E+00 -3.09E-05    0    0
    6   13 -4.28E-05  0.00E+00  0.00E+00  0.00E+00 -4.28E-05    0    0
    6   12 -5.30E-05  0.00E+00  0.00E+00  0.00E+00 -5.30E-05    0    0
    6   11 -5.53E-05  0.00E+00  0.00E+00  0.00E+00 -5.53E-05    0    0
    6   10 -4.68E-05  0.00E+00  0.00E+00  0.00E+00 -4.68E-05    0    0
    6    9 -3.03E-05  0.00E+00  0.00E+00  0.00E+00 -3.03E-05    0    0
    6    8 -1.04E-05  0.00E+00  0.00E+00  0.00E+00 -1.04E-05    0    0
    6    7  6.61E-06  0.00E+00  0.00E+00  0.00E+00  6.61E-06    0    0
    6    6  1.34E-05  0.00E+00  0.00E+00  0.00E+00  1.34E-05    0    0
    6    5  8.18E-06  0.00E+00  0.00E+00  0.00E+00  8.18E-06    0    0
    6    4  7.22E-06  0.00E+00  0.00E+00  0.00E+00  7.22E-06    0    0
    6    3  1.93E-06  0.00E+00  0.00E+00  0.00E+00  1.93E-06    0    0
    6    2 -2.93E-06  0.00E+00  0.00E+00  0.00E+00 -2.93E-06    0    0
    6    1  2.76E-06  0.00E+00  0.00E+00  0.00E+00  2.76E-06    0    0
