   1    6.9925E-08  2.2848E-08  6.5350E-01  7.7755E+03  8.7829E+11  1.9922E-12
   2    9.5888E-08  4.1896E-08  8.1385E-01  8.4075E+03  1.2469E+12  2.3024E-12
   3    1.3115E-07  7.2397E-08  9.1596E-01  8.4758E+03  1.6808E+12  3.1424E-12
   4    1.7888E-07  1.1912E-07  1.0420E+00  8.5226E+03  2.2565E+12  4.3022E-12
   5    2.4316E-07  1.9106E-07  1.1960E+00  8.5667E+03  3.0140E+12  5.8820E-12
   6    3.2924E-07  3.0207E-07  1.3833E+00  8.6138E+03  4.0030E+12  8.0149E-12
   7    4.4367E-07  4.7333E-07  1.6102E+00  8.6663E+03  5.2844E+12  1.0865E-11
   8    5.9443E-07  7.3679E-07  1.8848E+00  8.7270E+03  6.9327E+12  1.4622E-11
   9    7.9108E-07  1.1401E-06  2.2172E+00  8.7990E+03  9.0392E+12  1.9488E-11
  10    1.0447E-06  1.7533E-06  2.6185E+00  8.8821E+03  1.1711E+13  2.5688E-11
  11    1.3679E-06  2.6776E-06  3.1012E+00  8.9772E+03  1.5074E+13  3.3443E-11
  12    1.7748E-06  4.0558E-06  3.6726E+00  9.0831E+03  1.9269E+13  4.2990E-11
  13    2.2812E-06  6.0864E-06  4.3480E+00  9.1977E+03  2.4448E+13  5.4583E-11
  14    2.9044E-06  9.0395E-06  5.1280E+00  9.3126E+03  3.0749E+13  6.8631E-11
  15    3.6643E-06  1.3274E-05  6.0189E+00  9.4253E+03  3.8330E+13  8.5548E-11
  16    4.5829E-06  1.9266E-05  7.0260E+00  9.5316E+03  4.7353E+13  1.0589E-10
  17    5.6859E-06  2.7640E-05  8.1574E+00  9.6293E+03  5.7994E+13  1.3031E-10
  18    7.0028E-06  3.9214E-05  9.4212E+00  9.7180E+03  7.0454E+13  1.5956E-10
  19    8.5681E-06  5.5062E-05  1.0828E+01  9.7988E+03  8.4971E+13  1.9450E-10
  20    1.0423E-05  7.6582E-05  1.2379E+01  9.8695E+03  1.0176E+14  2.3635E-10
  21    1.2614E-05  1.0559E-04  1.4089E+01  9.9335E+03  1.2115E+14  2.8627E-10
  22    1.5200E-05  1.4445E-04  1.5970E+01  9.9927E+03  1.4347E+14  3.4565E-10
  23    1.8246E-05  1.9624E-04  1.8035E+01  1.0049E+04  1.6917E+14  4.1610E-10
  24    2.1831E-05  2.6496E-04  2.0296E+01  1.0103E+04  1.9867E+14  4.9976E-10
  25    2.6051E-05  3.5581E-04  2.2768E+01  1.0154E+04  2.3249E+14  5.9904E-10
  26    3.1015E-05  4.7552E-04  2.5461E+01  1.0202E+04  2.7120E+14  7.1700E-10
  27    3.6858E-05  6.3281E-04  2.8374E+01  1.0248E+04  3.1543E+14  8.5740E-10
  28    4.3741E-05  8.3895E-04  3.1531E+01  1.0293E+04  3.6603E+14  1.0243E-09
  29    5.1854E-05  1.1087E-03  3.4967E+01  1.0339E+04  4.2404E+14  1.2223E-09
  30    6.1428E-05  1.4615E-03  3.8725E+01  1.0386E+04  4.9076E+14  1.4571E-09
  31    7.2742E-05  1.9229E-03  4.2842E+01  1.0436E+04  5.6763E+14  1.7354E-09
  32    8.6132E-05  2.5268E-03  4.7350E+01  1.0486E+04  6.5624E+14  2.0662E-09
  33    1.0201E-04  3.3180E-03  5.2315E+01  1.0540E+04  7.5873E+14  2.4592E-09
  34    1.2088E-04  4.3572E-03  5.7808E+01  1.0597E+04  8.7800E+14  2.9258E-09
  35    1.4337E-04  5.7260E-03  6.3924E+01  1.0659E+04  1.0175E+15  3.4797E-09
  36    1.7025E-04  7.5365E-03  7.0822E+01  1.0728E+04  1.1819E+15  4.1369E-09
  37    2.0245E-04  9.9426E-03  7.8600E+01  1.0802E+04  1.3759E+15  4.9191E-09
  38    2.4116E-04  1.3160E-02  8.7610E+01  1.0888E+04  1.6088E+15  5.8425E-09
  39    2.8784E-04  1.7495E-02  9.8137E+01  1.0986E+04  1.8905E+15  6.9313E-09
  40    3.4427E-04  2.3384E-02  1.1057E+02  1.1101E+04  2.2349E+15  8.2093E-09
  41    4.1271E-04  3.1460E-02  1.2544E+02  1.1236E+04  2.6612E+15  9.6984E-09
  42    4.9593E-04  4.2644E-02  1.4335E+02  1.1398E+04  3.1952E+15  1.1417E-08
  43    5.9736E-04  5.8286E-02  1.6510E+02  1.1592E+04  3.8718E+15  1.3372E-08
  44    7.2123E-04  8.0367E-02  1.9140E+02  1.1828E+04  4.7362E+15  1.5561E-08
  45    8.7286E-04  1.1175E-01  2.2258E+02  1.2115E+04  5.8451E+15  1.7964E-08
  46    1.0591E-03  1.5649E-01  2.5794E+02  1.2468E+04  7.2646E+15  2.0546E-08
  47    1.2888E-03  2.1997E-01  2.9458E+02  1.2902E+04  9.0594E+15  2.3291E-08
  48    1.5747E-03  3.0877E-01  3.2669E+02  1.3424E+04  1.1273E+16  2.6275E-08
  49    1.9346E-03  4.3026E-01  3.4837E+02  1.4034E+04  1.3931E+16  2.9720E-08
  50    2.3952E-03  5.9284E-01  3.5763E+02  1.4724E+04  1.7089E+16  3.3971E-08
  51    2.9958E-03  8.0760E-01  3.5752E+02  1.5485E+04  2.0888E+16  3.9441E-08
  52    3.7948E-03  1.0915E+00  3.5319E+02  1.6318E+04  2.5579E+16  4.6614E-08
  53    4.8763E-03  1.4712E+00  3.4896E+02  1.7227E+04  3.1521E+16  5.6083E-08
  54    6.3586E-03  1.9872E+00  3.4723E+02  1.8226E+04  3.9171E+16  6.8576E-08
  55    8.4015E-03  2.6983E+00  3.4890E+02  1.9335E+04  4.9064E+16  8.4946E-08
  56    1.1217E-02  3.6863E+00  3.5299E+02  2.0578E+04  6.1790E+16  1.0615E-07
  57    1.5068E-02  5.0617E+00  3.6127E+02  2.1975E+04  7.7942E+16  1.3318E-07
  58    2.0272E-02  6.9724E+00  3.7303E+02  2.3539E+04  9.8078E+16  1.6695E-07
  59    2.7220E-02  9.6183E+00  3.8865E+02  2.5281E+04  1.2278E+17  2.0844E-07
  60    3.6383E-02  1.3271E+01  4.0853E+02  2.7208E+04  1.5262E+17  2.5863E-07
  61    4.8344E-02  1.8299E+01  4.3230E+02  2.9328E+04  1.8825E+17  3.1859E-07
  62    6.3853E-02  2.5206E+01  4.5838E+02  3.1650E+04  2.3050E+17  3.8975E-07
  63    8.3965E-02  3.4674E+01  4.8313E+02  3.4181E+04  2.8072E+17  4.7438E-07
  64    1.1031E-01  4.7627E+01  5.0033E+02  3.6934E+04  3.4136E+17  5.7660E-07
  65    1.4559E-01  6.5318E+01  5.0246E+02  3.9919E+04  4.1690E+17  7.0398E-07
  66    1.9451E-01  8.9465E+01  4.8471E+02  4.3152E+04  5.1530E+17  8.6996E-07
  67    2.6513E-01  1.2245E+02  4.4952E+02  4.6649E+04  6.4976E+17  1.0968E-06
  68    3.7073E-01  1.6760E+02  4.0558E+02  5.0439E+04  8.4034E+17  1.4184E-06
  69    5.3199E-01  2.2949E+02  3.6195E+02  5.4558E+04  1.1149E+18  1.8818E-06
  70    7.7933E-01  3.1430E+02  3.2381E+02  5.9050E+04  1.5092E+18  2.5472E-06
