       249.8271 8.38385857E-11
       264.1560 1.04683479E-09
       280.2286 1.30765492E-08
       298.3839 1.62708542E-07
       319.0545 2.00755109E-06
       342.8022 2.44423020E-05
       370.3694 2.92092057E-04
       402.7581 3.40644199E-03
       441.3544 3.85415323E-02
       488.1320 4.20825984E-01
       546.0008 4.41954931E+00
       568.4649 9.59464891E+00
       592.8568 2.07432907E+01
       619.4358 4.46701715E+01
       648.5098 9.58438037E+01
       680.4475 2.04945305E+02
       715.6939 4.36858419E+02
       754.7911 9.28357136E+02
       798.4069 1.96649423E+03
       842.0643 3.84041288E+03
       847.3725 4.14980658E+03
       852.7850 4.47728848E+03
       855.5180 4.65105793E+03
       864.1429 5.23845132E+03
       866.6404 5.42009902E+03
       867.2133 5.46251835E+03
       867.9244 5.51557475E+03
       868.8222 5.58319898E+03
       869.9786 5.67135009E+03
       871.5038 5.78943655E+03
       873.5736 5.95307288E+03
       875.1447 6.07991977E+03
       876.4838 6.18985239E+03
       878.4484 6.35421943E+03
       879.0290 6.40350582E+03
       879.7498 6.46514321E+03
       880.6599 6.54369165E+03
       880.7635 6.55268585E+03
       881.8320 6.64606146E+03
       882.0565 6.66582057E+03
       883.3780 6.78315763E+03
       883.9312 6.83279925E+03
       885.4760 6.97306649E+03
       887.4105 7.15216405E+03
       888.4258 7.24772204E+03
       890.5825 7.45429739E+03
       891.1712 7.51153923E+03
       891.9019 7.58311572E+03
       892.7638 7.66828415E+03
       892.8246 7.67431440E+03
       894.0129 7.79314476E+03
       895.5802 7.95223987E+03
       896.7762 8.07548664E+03
       897.3689 8.13716258E+03
       897.7072 8.17253677E+03
       898.1048 8.21427728E+03
       898.7085 8.27801131E+03
       899.0338 8.31252264E+03
       899.5205 8.36438561E+03
       900.2304 8.44051896E+03
       900.6978 8.49095696E+03
       901.8086 8.61185887E+03
       902.7365 8.71396076E+03
       903.0566 8.76263722E+03
       903.6535 8.85406976E+03
       903.9504 8.89987347E+03
       904.3945 8.96878377E+03
       905.0957 9.07860062E+03
       905.3300 9.11556521E+03
       906.2299 9.25881822E+03
       906.5350 9.30785289E+03
       906.8289 9.35529898E+03
       906.9618 9.37682635E+03
       907.5725 9.47633118E+03
       908.1243 9.56705994E+03
       908.5113 9.63117976E+03
       909.4256 9.78418073E+03
       909.7206 9.83399453E+03
       910.0267 9.88592963E+03
       910.2811 9.92925050E+03
       910.2942 9.93148682E+03
       910.7729 1.00135141E+04
       910.9728 1.00479249E+04
       911.0319 1.00581289E+04
       911.3154 1.01070779E+04
       911.3903 1.01200557E+04
       911.6341 1.01623689E+04
       911.7151 1.01764374E+04
       911.9657 1.02200650E+04
       912.3816 1.02952937E+04
       912.6439 1.03703670E+04
       912.9286 1.05850544E+04
       913.2471 1.11583120E+04
       913.3135 1.13319863E+04
       913.3254 1.13651551E+04
       913.4520 1.17596099E+04
       913.4798 1.18559072E+04
       913.9960 1.43311459E+04
       914.0558 1.46997774E+04
       914.2616 1.60846649E+04
       914.5290 1.81176609E+04
       914.5411 1.82151202E+04
       914.6669 1.92564820E+04
       914.8053 2.04094255E+04
       914.8659 2.09220974E+04
       914.9415 2.15593744E+04
       915.0726 2.26698414E+04
       915.2715 2.40158360E+04
       915.2756 2.40399536E+04
       915.4787 2.36949903E+04
       915.5767 2.13349419E+04
       915.5802 2.12597776E+04
       915.6161 1.85909224E+04
       915.6775 1.55139413E+04
       915.6818 1.53422139E+04
       915.7326 1.12600385E+04
       915.7516 9.31283952E+03
       915.7834 7.59612292E+03
       915.8088 6.33843290E+03
       915.8343 6.19180821E+03
       915.8597 6.34286272E+03
       915.8806 7.32222959E+03
       915.8851 7.60633354E+03
       915.9359 1.12679022E+04
       915.9867 1.53055798E+04
       916.0220 1.68145389E+04
       916.0838 2.07044386E+04
       916.0884 2.09993486E+04
       916.1443 2.10089049E+04
       916.1593 2.10105103E+04
       916.1854 2.10122219E+04
       916.1901 2.06516731E+04
       916.2871 1.49456465E+04
       916.3379 1.07230449E+04
       916.3887 7.07947306E+03
       916.3936 6.73180489E+03
       916.4142 5.74045503E+03
       916.4283 5.59387174E+03
       916.4396 5.48412790E+03
       916.4650 5.74492996E+03
       916.4904 7.09228233E+03
       916.5229 8.77427846E+03
       916.5413 1.08194003E+04
       916.5633 1.22394628E+04
       916.5922 1.53864839E+04
       916.5971 1.56120976E+04
       916.6316 1.74802722E+04
       916.6939 2.29518734E+04
       916.7010 2.31445190E+04
       916.7957 2.62484623E+04
       916.8349 2.63398974E+04
       916.9367 2.31924982E+04
       916.9696 1.95477392E+04
       916.9705 1.94669092E+04
       916.9993 1.73685229E+04
       917.0045 1.70415040E+04
       917.0384 1.53194422E+04
       917.0893 1.05212628E+04
       917.1402 6.72056562E+03
       917.1656 5.29578619E+03
       917.1910 4.89120667E+03
       917.2030 5.07034510E+03
       917.2165 5.29990286E+03
       917.2419 6.73173953E+03
       917.2928 1.05748280E+04
       917.3437 1.55287628E+04
       917.3763 1.73052722E+04
       917.4123 2.02370892E+04
       917.4456 2.47471157E+04
       917.5474 3.07887295E+04
       917.5798 3.14417441E+04
       917.6107 3.15362404E+04
       917.7512 3.17935007E+04
       917.7654 3.15687200E+04
       917.7731 3.14481861E+04
       917.7832 3.12919697E+04
       917.7834 3.12895857E+04
       917.8852 2.51691779E+04
       917.9551 1.73783482E+04
       917.9870 1.56668542E+04
       918.0187 1.17091605E+04
       918.0380 1.04972263E+04
       918.0889 6.47461658E+03
       918.1144 4.94480737E+03
       918.1398 4.34676037E+03
       918.1653 4.94850881E+03
       918.1901 6.41104841E+03
       918.1908 6.48448192E+03
       918.2289 8.60838602E+03
       918.2418 1.05356570E+04
       918.2927 1.57926173E+04
       918.3183 1.71630028E+04
       918.3202 1.72782956E+04
       918.3631 2.09598903E+04
       918.3946 2.59976961E+04
       918.4966 3.38492644E+04
       918.5780 3.65698016E+04
       918.5973 3.73222412E+04
       918.7006 4.12713342E+04
       918.7714 4.14969809E+04
       918.8011 4.15678087E+04
       918.8358 4.02006163E+04
       918.9047 3.78821486E+04
       919.0050 3.45936923E+04
       919.0470 3.04304615E+04
       919.1069 2.65707396E+04
       919.2089 1.59763451E+04
       919.2599 1.06264774E+04
       919.3109 6.10030528E+03
       919.3131 5.83850135E+03
       919.3364 4.39017776E+03
       919.3619 3.84921890E+03
       919.3874 4.39344386E+03
       919.3922 4.58681711E+03
       919.4129 6.10928920E+03
       919.4639 1.06614042E+04
       919.5150 1.60834006E+04
       919.5893 2.19662316E+04
       919.6170 2.71691171E+04
       919.6544 2.96289614E+04
       919.7191 3.64124704E+04
       919.7219 3.65179862E+04
       919.7549 3.78552570E+04
       919.7998 3.99603324E+04
       919.9234 4.82773724E+04
       919.9451 4.87636423E+04
       920.1277 5.36290276E+04
       920.2077 5.40867257E+04
       920.4085 4.98893713E+04
       920.4118 4.98312671E+04
       920.5367 3.96972794E+04
       920.5405 3.94818452E+04
       920.6160 3.59148584E+04
       920.6875 2.74165669E+04
       920.7182 2.53271110E+04
       920.7597 1.76231554E+04
       920.8203 1.35304331E+04
       920.8714 8.49402687E+03
       920.9225 5.29787871E+03
       920.9460 4.43746145E+03
       920.9481 4.38456305E+03
       920.9736 4.04364281E+03
       920.9736 4.04364036E+03
       920.9981 4.37166442E+03
       920.9992 4.38785432E+03
       921.0247 5.30586793E+03
       921.0758 8.52053916E+03
       921.1269 1.35982942E+04
       921.2292 2.56125197E+04
       921.2960 3.13201948E+04
       921.3315 3.67454811E+04
       921.3607 3.81340794E+04
       921.3794 3.91263968E+04
       921.5361 5.41276209E+04
       921.5757 5.57102073E+04
       921.7408 6.48663820E+04
       921.7658 6.52786497E+04
       921.9843 6.90874020E+04
       922.0515 6.90671727E+04
       922.1505 6.90209425E+04
       922.3339 6.61863283E+04
       922.3932 6.53800020E+04
       922.5605 5.60646334E+04
       922.5870 5.49974350E+04
       922.5978 5.45837912E+04
       922.8025 3.74430650E+04
       922.9049 2.63345966E+04
       922.9435 1.84858246E+04
       923.0053 1.40252775E+04
       923.0073 1.39376090E+04
       923.0097 1.32999985E+04
       923.0585 8.53688505E+03
       923.1097 5.06229958E+03
       923.1353 4.00127714E+03
       923.1609 3.60068374E+03
       923.1865 4.00430472E+03
       923.2122 5.06996842E+03
       923.2634 8.56316831E+03
       923.3146 1.40022378E+04
       923.3817 1.90096425E+04
       923.4171 2.65519061E+04
       923.5196 3.79384984E+04
       923.5764 4.09334684E+04
       923.7003 5.21982838E+04
       923.7247 5.62278099E+04
       923.8271 6.15110901E+04
       923.9299 6.97036609E+04
       924.2044 7.83016268E+04
       924.2338 7.95611183E+04
       924.2459 8.01021804E+04
       924.3406 8.51472641E+04
       924.6458 8.93147253E+04
       924.6558 8.93216710E+04
       924.7516 8.93758539E+04
       924.7601 8.92768377E+04
       925.0558 8.61747237E+04
       925.1020 8.33842969E+04
       925.4660 7.04977392E+04
       925.5747 6.20485748E+04
       925.6444 5.83855652E+04
       925.6713 5.71827853E+04
       925.8541 4.02653160E+04
       925.8767 3.91700536E+04
       925.8784 3.88348953E+04
       925.8866 3.73081374E+04
       925.9794 2.76239973E+04
       926.0822 1.44945903E+04
       926.1335 8.66496619E+03
       926.1849 4.85915135E+03
       926.2106 3.62335722E+03
       926.2363 3.18650548E+03
       926.2562 3.50705178E+03
       926.2620 3.62612601E+03
       926.2877 4.86656200E+03
       926.3391 8.69159675E+03
       926.3905 1.45602410E+04
       926.3994 1.49895313E+04
       926.4934 2.78272056E+04
       926.5962 3.95805455E+04
       926.8020 5.82595280E+04
       927.0079 7.28239664E+04
       927.0157 7.30554684E+04
       927.4199 9.42042433E+04
       927.5097 9.64180931E+04
       927.5166 9.65997913E+04
       927.8323 1.07042234E+05
       927.9746 1.08557568E+05
       928.0149 1.09002086E+05
       928.0530 1.09428026E+05
       928.3379 1.12745054E+05
       928.6582 1.12737264E+05
       928.9787 1.09869301E+05
       929.1607 1.08430737E+05
       929.2098 1.06212813E+05
       929.4855 9.73132133E+04
       929.5726 9.51911971E+04
       929.5927 9.32664487E+04
       929.7125 8.49232253E+04
       929.9849 7.43698561E+04
       930.0099 7.18271330E+04
       930.1912 6.02790358E+04
       930.3549 4.37718271E+04
       930.3976 4.15128636E+04
       930.5008 2.94039315E+04
       930.6040 1.52879924E+04
       930.6557 8.90550176E+03
       930.7073 4.67484758E+03
       930.7331 3.28529227E+03
       930.7590 2.88864255E+03
       930.7848 3.28782846E+03
       930.8106 4.68203491E+03
       930.8388 5.74827446E+03
       930.8623 8.93287734E+03
       930.9139 1.53566397E+04
       931.0173 2.96122019E+04
       931.1206 4.19165388E+04
       931.1447 4.31764586E+04
       931.2928 5.56538138E+04
       931.3174 5.93859858E+04
       931.3274 6.12182031E+04
       931.5343 7.60563084E+04
       931.9483 9.93987241E+04
       932.3627 1.17810107E+05
       932.5570 1.21698384E+05
       932.8098 1.27947155E+05
       932.9405 1.31939390E+05
       933.0495 1.35674524E+05
       933.1926 1.41699089E+05
       934.0240 1.51433098E+05
       934.1918 1.51907116E+05
       934.5939 1.52996366E+05
       935.4229 1.43339984E+05
       935.6913 1.31384856E+05
       935.7199 1.30407637E+05
       936.1578 1.19538853E+05
       936.2533 1.17824876E+05
       936.3384 1.12555309E+05
       936.4105 1.08981408E+05
       936.5336 1.04093554E+05
       936.6690 9.98823490E+04
       937.0852 7.65542865E+04
       937.1062 7.40833949E+04
       937.2934 6.06614033E+04
       937.3645 4.92218663E+04
       937.5017 3.89987970E+04
       937.6058 2.46201534E+04
       937.7100 9.38269139E+03
       937.7622 4.52507684E+03
       937.8143 2.86281622E+03
       937.8664 4.53210469E+03
       937.9185 9.41153736E+03
       938.0228 2.47608758E+04
       938.0756 2.95662864E+04
       938.1271 3.93154736E+04
       938.3358 6.14484465E+04
       938.5445 7.79361300E+04
       938.9623 1.02842222E+05
       939.3242 1.19017149E+05
       939.3805 1.23113938E+05
       939.5300 1.26643353E+05
       939.8299 1.35880193E+05
       940.2179 1.57810401E+05
       940.3996 1.61939070E+05
       940.7289 1.71380251E+05
       940.9709 1.80880247E+05
       941.0569 1.85132792E+05
       942.5597 2.12981012E+05
       942.7393 2.18157574E+05
       943.1496 2.22027898E+05
       943.1827 2.22097104E+05
       943.2057 2.22144578E+05
       943.9561 2.23572645E+05
       944.1176 2.23856272E+05
       944.4277 2.24297413E+05
       944.5883 2.23794690E+05
       944.8182 2.23043888E+05
       944.9326 2.19037396E+05
       946.1903 1.93064970E+05
       946.3479 1.91065304E+05
       946.4927 1.89363138E+05
       947.3322 1.63319397E+05
       947.8228 1.40662625E+05
       947.8491 1.39897826E+05
       948.1732 1.32190919E+05
       948.2396 1.27658982E+05
       948.5942 1.12591019E+05
       949.0156 8.66158569E+04
       949.2265 6.88186443E+04
       949.4374 4.45464636E+04
       949.5430 2.81273891E+04
       949.5722 1.50091789E+04
       949.6485 1.02773276E+04
       949.7013 4.45869359E+03
       949.7540 3.33938032E+03
       949.8068 4.46564229E+03
       949.8596 1.03087054E+04
       949.9652 2.82859084E+04
       950.0708 4.49003746E+04
       950.1002 4.67270113E+04
       950.2822 6.96837606E+04
       950.4936 8.81050154E+04
       950.9167 1.15585931E+05
       950.9687 1.17390868E+05
       951.2423 1.30123963E+05
       951.3402 1.37013697E+05
       952.1883 1.73079872E+05
       953.0379 2.06973364E+05
       953.2654 2.11622051E+05
       954.7418 2.70951126E+05
       956.2116 3.11986777E+05
       956.4517 3.21832351E+05
       956.5438 3.22955884E+05
       957.1760 3.31003957E+05
       957.9200 3.41328168E+05
       957.9609 3.41922967E+05
       958.1560 3.44805401E+05
       958.9519 3.57019946E+05
       959.8900 3.73461325E+05
       960.2282 3.75455853E+05
       960.2480 3.75571075E+05
       961.9116 3.65007295E+05
       963.3530 3.57736771E+05
       964.1961 3.52609707E+05
       964.3186 3.51924079E+05
       965.1709 3.30133670E+05
       966.3669 3.10343362E+05
       967.4082 2.73259623E+05
       967.5346 2.70398127E+05
       968.4240 2.54978710E+05
       968.8085 2.38873393E+05
       969.4558 2.22232049E+05
       970.3547 1.86417020E+05
       970.4898 1.83503507E+05
       970.9490 1.61573585E+05
       971.0076 1.59727831E+05
       971.5260 1.29462746E+05
       971.5908 1.22791708E+05
       971.7854 1.09430580E+05
       972.0449 8.26592752E+04
       972.1319 6.92844956E+04
       972.1747 6.49551160E+04
       972.3046 4.20274337E+04
       972.3695 2.73650515E+04
       972.3874 1.86122600E+04
       972.4345 1.34806105E+04
       972.4669 8.59800163E+03
       972.4994 4.77182876E+03
       972.5157 4.64376463E+03
       972.5319 4.77749149E+03
       972.5400 4.81942421E+03
       972.5481 4.83275206E+03
       972.5563 4.82052229E+03
       972.5644 4.77966382E+03
       972.5806 4.64796265E+03
       972.5969 4.77833683E+03
       972.6294 8.61775550E+03
       972.6618 1.35229895E+04
       972.7268 2.74940854E+04
       972.7918 4.22808589E+04
       972.9218 6.55195624E+04
       973.0519 8.35986382E+04
       973.3121 1.11254446E+05
       973.3934 1.16246352E+05
       973.5725 1.32305766E+05
       974.0936 1.64942473E+05
       974.6153 1.91507301E+05
       974.6890 1.93394677E+05
       975.6603 2.37198255E+05
       976.3977 2.62389892E+05
       976.7076 2.79248864E+05
       977.4589 2.98129262E+05
       978.7166 3.56495829E+05
       978.8089 3.63909694E+05
       979.5134 3.85656355E+05
       980.9193 4.58353874E+05
       981.9771 4.91076759E+05
       985.1675 7.11092650E+05
       986.1896 7.69291055E+05
       986.7719 8.08176212E+05
       989.4526 1.11792526E+06
       991.9841 1.34888796E+06
       993.6498 1.56701044E+06
       994.2886 1.63868952E+06
       995.7896 1.83993874E+06
       998.1357 1.97624142E+06
      1005.5782 1.55023259E+06
      1006.9474 1.32547521E+06
      1006.9726 1.32227999E+06
      1010.5450 1.02265367E+06
      1015.5612 6.70711918E+05
      1018.0880 5.42926161E+05
      1019.1280 4.74262608E+05
      1020.6274 4.29943803E+05
      1021.9019 3.73230737E+05
      1023.1795 3.10058763E+05
      1023.8195 2.72300603E+05
      1024.4604 2.24778449E+05
      1024.7811 1.93484538E+05
      1025.1020 1.51461826E+05
      1025.1242 1.45982613E+05
      1025.2179 1.29070123E+05
      1025.2625 1.23204014E+05
      1025.4231 8.61224608E+04
      1025.5034 6.09107412E+04
      1025.5837 3.05542643E+04
      1025.6239 1.89589500E+04
      1025.6641 9.80668728E+03
      1025.6841 9.45512977E+03
      1025.7042 1.00320828E+04
      1025.7143 1.01781199E+04
      1025.7243 1.02484965E+04
      1025.7293 1.02660754E+04
      1025.7344 1.02719666E+04
      1025.7394 1.02673529E+04
      1025.7444 1.02510464E+04
      1025.7545 1.01831806E+04
      1025.7645 1.00395447E+04
      1025.7846 9.46671047E+03
      1025.8047 9.82433931E+03
      1025.8449 1.90111994E+04
      1025.8850 3.06675751E+04
      1025.9654 6.12284675E+04
      1026.0458 8.66911967E+04
      1026.2067 1.24371725E+05
      1026.3675 1.53333589E+05
      1026.6894 1.96977617E+05
      1027.0115 2.30109968E+05
      1027.6564 2.81838399E+05
      1028.3020 3.24429349E+05
      1029.5957 3.99047980E+05
      1030.8927 4.69683898E+05
      1033.4965 6.19652596E+05
      1036.1134 8.02212675E+05
      1038.2704 9.21902264E+05
      1041.3873 1.38088333E+06
      1043.9421 1.72385988E+06
      1045.2595 2.03218096E+06
      1046.7151 2.63645248E+06
      1047.6221 2.81657255E+06
      1057.5360 1.18008600E+07
      1058.1332 1.23922806E+07
      1068.5829 3.77149820E+07
      1071.6048 4.30509039E+07
      1072.0610 4.39362357E+07
      1083.7297 7.72673635E+07
      1085.1279 8.28506911E+07
      1091.3840 1.13176804E+08
      1099.5497 1.27394412E+08
      1115.1793 1.41353506E+08
      1125.4189 1.39898977E+08
      1126.6704 1.38329129E+08
      1127.7433 1.36264653E+08
      1146.7077 1.10208656E+08
      1156.6598 7.46239732E+07
      1166.0247 5.31198452E+07
      1168.8174 4.53208446E+07
      1180.1950 1.83557850E+07
      1186.3178 9.08467520E+06
      1191.7964 5.98967114E+06
      1197.6830 3.67753032E+06
      1203.6281 2.40310107E+06
      1206.6228 1.96284290E+06
      1209.6325 1.58380656E+06
      1211.1429 1.40203219E+06
      1212.6572 1.20589506E+06
      1213.4157 1.09704665E+06
      1214.1752 9.62009450E+05
      1214.5553 8.65864957E+05
      1214.9357 7.29747841E+05
      1215.1259 6.31333978E+05
      1215.3163 4.81324714E+05
      1215.4114 3.45044566E+05
      1215.5066 1.60050551E+05
      1215.5542 9.47011476E+04
      1215.6018 6.24136368E+04
      1215.6257 6.87619137E+04
      1215.6495 7.10357075E+04
      1215.6614 7.13956206E+04
      1215.6733 7.15869809E+04
      1215.6792 7.16327447E+04
      1215.6852 7.16496086E+04
      1215.6911 7.16397197E+04
      1215.6971 7.16009215E+04
      1215.7090 7.14234057E+04
      1215.7209 7.10770835E+04
      1215.7447 6.88275623E+04
      1215.7685 6.24954308E+04
      1215.8161 9.49177352E+04
      1215.8638 1.60534624E+05
      1215.9590 3.46462834E+05
      1216.0543 4.83729154E+05
      1216.2449 6.35900593E+05
      1216.4356 7.36833269E+05
      1216.7362 8.35242527E+05
      1216.8171 8.79139989E+05
      1217.1989 9.81711512E+05
      1217.9631 1.13163511E+06
      1218.7283 1.25394087E+06
      1220.2616 1.47498806E+06
      1221.7281 1.68250410E+06
      1221.7987 1.69769022E+06
      1224.8847 2.12734624E+06
      1227.9863 2.57691187E+06
      1234.2368 4.20858695E+06
      1240.5512 8.29090957E+06
      1247.9345 1.65747297E+07
      1253.3760 3.14536809E+07
      1266.4687 6.92922532E+07
      1279.9328 9.97305229E+07
      1293.4921 1.26005806E+08
      1312.7516 1.41194661E+08
      1321.6940 1.53136443E+08
      1346.4119 1.55499313E+08
      1380.9353 1.37935562E+08
      1381.9552 1.36240531E+08
      1416.3439 1.74640765E+08
      1447.9740 1.76534519E+08
      1452.6604 1.75321747E+08
      1489.9081 1.65078040E+08
      1528.1109 1.55431783E+08
      1567.2932 1.46030820E+08
      1607.4802 1.37516268E+08
      1648.6977 1.30393492E+08
      1690.9720 1.23074502E+08
      1734.3302 1.16067148E+08
      1778.8002 1.09448823E+08
      1824.4105 1.03215275E+08
      1871.1903 9.73425752E+07
      1919.1695 9.18079096E+07
      1968.3790 8.65902358E+07
      2018.8502 8.16696314E+07
      2070.6156 7.70278950E+07
      2123.7083 7.26490540E+07
      2178.1624 6.85174238E+07
      2234.0127 6.46183556E+07
      2291.2951 6.09231686E+07
      2350.0462 5.74498532E+07
      2410.3038 5.41704930E+07
      2472.1065 5.10737796E+07
      2535.4938 4.81489763E+07
      2600.5065 4.53861697E+07
      2667.1862 4.27756889E+07
      2735.5755 4.03091927E+07
      2805.7185 3.79783736E+07
      2877.6600 3.57755162E+07
      2951.4462 3.36933475E+07
      3027.1243 3.17250357E+07
      3104.7428 2.98640850E+07
      3184.3516 2.81046017E+07
      3266.0017 2.64409865E+07
      3349.7453 2.48667008E+07
      3369.2963 2.45127433E+07
      3378.3435 2.43521961E+07
      3389.6255 2.41547575E+07
      3403.9519 2.39083218E+07
      3422.5395 2.35954226E+07
      3435.6362 2.33793647E+07
      3447.2893 2.31838222E+07
      3449.2095 2.31518939E+07
      3458.4712 2.29990439E+07
      3470.0209 2.28110543E+07
      3481.3145 2.26299580E+07
      3484.6871 2.25763719E+07
      3503.7155 2.22782954E+07
      3523.7294 2.19722931E+07
      3529.0523 2.18896191E+07
      3530.0242 2.18745818E+07
      3533.0055 2.18285393E+07
      3542.4923 2.16832106E+07
      3554.3225 2.15044502E+07
      3563.8845 2.13618996E+07
      3565.7783 2.13338514E+07
      3569.3450 2.12811565E+07
      3576.4491 2.11768575E+07
      3586.0525 2.10373111E+07
      3588.8357 2.09971702E+07
      3598.0282 2.08654290E+07
      3613.2354 2.06505841E+07
      3614.0815 2.06387311E+07
      3614.3402 2.06363395E+07
      3614.7880 2.06321905E+07
      3620.9744 2.05748376E+07
      3630.6974 2.04848465E+07
      3632.9658 2.04638677E+07
      3642.8222 2.03724118E+07
      3643.6554 2.03646767E+07
      3650.4665 2.03014760E+07
      3653.4393 2.02738159E+07
      3658.2187 2.02293194E+07
      3659.2373 2.02197940E+07
      3659.2717 2.02194698E+07
      3665.6401 2.01594851E+07
      3666.6224 2.01502002E+07
      3676.4679 2.00573461E+07
      3678.1948 2.00410906E+07
      3678.2148 2.00409001E+07
      3681.1330 2.00130594E+07
      3682.5344 1.99995470E+07
      3688.0914 1.99463221E+07
      3688.7456 1.99400662E+07
      3689.8807 1.99291230E+07
      3695.3544 1.98768534E+07
      3695.7414 1.98731589E+07
      3699.7887 1.98346867E+07
      3700.4079 1.98288093E+07
      3701.2342 1.98208228E+07
      3701.6208 1.98169546E+07
      3702.7825 1.98052055E+07
      3704.3362 1.97895653E+07
      3704.5676 1.97871823E+07
      3704.7933 1.97848002E+07
      3705.6652 1.97754654E+07
      3706.7502 1.97636723E+07
      3707.5190 1.97486239E+07
      3708.9964 1.97194098E+07
      3710.4751 1.96899073E+07
      3711.2149 1.96750221E+07
      3711.5604 1.96680742E+07
      3711.9549 1.96599957E+07
      3712.1442 1.96562127E+07
      3712.3251 1.96525255E+07
      3712.6953 1.96452416E+07
      3712.8804 1.96412594E+07
      3713.0656 1.96367527E+07
      3713.2507 1.96343279E+07
      3713.4359 1.96313779E+07
      3713.8064 1.96247981E+07
      3714.1769 1.96184873E+07
      3714.5150 1.96128972E+07
      3714.9181 1.96060161E+07
      3715.6597 1.95933783E+07
      3716.0478 1.95866649E+07
      3717.1436 1.95671345E+07
      3717.4743 1.95611484E+07
      3718.0403 1.95505181E+07
      3718.6288 1.95391220E+07
      3718.9558 1.95327010E+07
      3720.4384 1.95027762E+07
      3721.1802 1.94875950E+07
      3721.6027 1.94789828E+07
      3721.9222 1.94724156E+07
      3722.2933 1.94650556E+07
      3722.6646 1.94582445E+07
      3722.8502 1.94541844E+07
      3723.0358 1.94491641E+07
      3723.2215 1.94480648E+07
      3723.4072 1.94460042E+07
      3723.7786 1.94405746E+07
      3723.9552 1.94382501E+07
      3724.1501 1.94354839E+07
      3724.5641 1.94299027E+07
      3724.5813 1.94296558E+07
      3724.8934 1.94251461E+07
      3725.6369 1.94144561E+07
      3726.9197 1.93956498E+07
      3727.1249 1.93924032E+07
      3727.8337 1.93807398E+07
      3727.9993 1.93778299E+07
      3728.6140 1.93666330E+07
      3729.8889 1.93427977E+07
      3730.5529 1.93295563E+07
      3731.3753 1.93132720E+07
      3731.5959 1.93086657E+07
      3732.8629 1.92817677E+07
      3733.6071 1.92656678E+07
      3733.7548 1.92625127E+07
      3734.3516 1.92486865E+07
      3734.5825 1.92436542E+07
      3734.7240 1.92405194E+07
      3735.0965 1.92331947E+07
      3735.2827 1.92284769E+07
      3735.4690 1.92221246E+07
      3735.6553 1.92225861E+07
      3735.8416 1.92214113E+07
      3736.2143 1.92169509E+07
      3736.3396 1.92157601E+07
      3736.5437 1.92134588E+07
      3736.5870 1.92129696E+07
      3737.3327 1.92055554E+07
      3738.0787 1.91984072E+07
      3739.5717 1.91835625E+07
      3739.6946 1.91822210E+07
      3740.5701 1.91705058E+07
      3741.0658 1.91638686E+07
      3741.3601 1.91595209E+07
      3742.6717 1.91398859E+07
      3744.0576 1.91157569E+07
      3745.6535 1.90867572E+07
      3746.5770 1.90677892E+07
      3747.0542 1.90580541E+07
      3747.1461 1.90560950E+07
      3748.1899 1.90322420E+07
      3748.5831 1.90220976E+07
      3748.6400 1.90206347E+07
      3748.6469 1.90204475E+07
      3749.3874 1.90003607E+07
      3750.1350 1.89814813E+07
      3750.5090 1.89727340E+07
      3750.8830 1.89656319E+07
      3751.0700 1.89632565E+07
      3751.2571 1.89612046E+07
      3751.4442 1.89592424E+07
      3751.4979 1.89587706E+07
      3751.6313 1.89572957E+07
      3752.0055 1.89555040E+07
      3752.3798 1.89553531E+07
      3753.0618 1.89563187E+07
      3753.1287 1.89563783E+07
      3753.8779 1.89583231E+07
      3754.1433 1.89587222E+07
      3755.3771 1.89548900E+07
      3756.8775 1.89483817E+07
      3757.7999 1.89422121E+07
      3758.6488 1.89367634E+07
      3759.0887 1.89340176E+07
      3759.8820 1.89289371E+07
      3760.1156 1.89268154E+07
      3760.7004 1.89179949E+07
      3762.8913 1.88861300E+07
      3763.1089 1.88825107E+07
      3763.3586 1.88769277E+07
      3764.7952 1.88358937E+07
      3766.1069 1.87968991E+07
      3767.6077 1.87474053E+07
      3768.9243 1.87007621E+07
      3769.1098 1.86939295E+07
      3769.8612 1.86668297E+07
      3770.6130 1.86411304E+07
      3770.7986 1.86355822E+07
      3770.9890 1.86299015E+07
      3771.2008 1.86062092E+07
      3771.3650 1.85878806E+07
      3771.5531 1.77807949E+07
      3771.7412 1.64142208E+07
      3771.9293 1.77784486E+07
      3772.1174 1.85829291E+07
      3772.4937 1.86200148E+07
      3772.8700 1.86263551E+07
      3773.6230 1.86422788E+07
      3774.3763 1.86595903E+07
      3774.9767 1.86738983E+07
      3775.2946 1.86811794E+07
      3775.8837 1.86865069E+07
      3777.3923 1.86960216E+07
      3779.4432 1.87022778E+07
      3780.4132 1.87057319E+07
      3781.2910 1.87041025E+07
      3783.3912 1.86564838E+07
      3783.4389 1.86554185E+07
      3785.1715 1.86069147E+07
      3787.1400 1.85532193E+07
      3787.3065 1.85486441E+07
      3788.5257 1.84889707E+07
      3789.5048 1.84361267E+07
      3790.3214 1.83888554E+07
      3793.3412 1.81773268E+07
      3794.8528 1.80650314E+07
      3795.3354 1.80291746E+07
      3795.5903 1.80103293E+07
      3795.6618 1.80048574E+07
      3796.3657 1.79506301E+07
      3797.1226 1.78941452E+07
      3797.8798 1.78408716E+07
      3798.2585 1.78168285E+07
      3798.6373 1.77972325E+07
      3798.8267 1.77911295E+07
      3799.0162 1.77892096E+07
      3799.2056 1.77924856E+07
      3799.3819 1.77994309E+07
      3799.3951 1.77999486E+07
      3799.7741 1.78222136E+07
      3800.1532 1.78489806E+07
      3800.5035 1.78761055E+07
      3800.9116 1.79015029E+07
      3801.6703 1.79518855E+07
      3801.7951 1.79604490E+07
      3803.1886 1.80512042E+07
      3804.7082 1.81510129E+07
      3807.7509 1.83384675E+07
      3807.8200 1.83418661E+07
      3808.0100 1.83509199E+07
      3809.0808 1.84023756E+07
      3809.9632 1.84451781E+07
      3810.7985 1.84861985E+07
      3812.5572 1.85344524E+07
      3816.9083 1.84991221E+07
      3818.6128 1.84504262E+07
      3819.2770 1.83991246E+07
      3819.6142 1.83732680E+07
      3820.1288 1.83320168E+07
      3820.1937 1.83267880E+07
      3823.0377 1.81027536E+07
      3824.1047 1.80077104E+07
      3824.6877 1.79564555E+07
      3827.7324 1.75689108E+07
      3830.7819 1.71314670E+07
      3832.3085 1.69062646E+07
      3832.9513 1.68114415E+07
      3833.8363 1.66833776E+07
      3834.6007 1.65756316E+07
      3835.3559 1.64737067E+07
      3835.3654 1.64723955E+07
      3835.7478 1.64221328E+07
      3836.1303 1.63770341E+07
      3836.3216 1.63599403E+07
      3836.5129 1.63524044E+07
      3836.7043 1.63615650E+07
      3836.8956 1.63803018E+07
      3837.2784 1.64287639E+07
      3837.6612 1.64825125E+07
      3838.4271 1.65963629E+07
      3839.1933 1.67155607E+07
      3840.7266 1.69640807E+07
      3842.2611 1.72189740E+07
      3843.8709 1.74795602E+07
      3844.9866 1.76527243E+07
      3845.3339 1.77077340E+07
      3847.7537 1.80392422E+07
      3848.4115 1.81320177E+07
      3849.1514 1.82031773E+07
      3854.5817 1.87600070E+07
      3856.1151 1.88450106E+07
      3860.5337 1.88315514E+07
      3860.7716 1.88308134E+07
      3861.7807 1.87875196E+07
      3868.4376 1.85031568E+07
      3870.1700 1.82462952E+07
      3870.9000 1.81420261E+07
      3872.7912 1.78823306E+07
      3873.2113 1.78263851E+07
      3874.6284 1.76227811E+07
      3880.8391 1.62841285E+07
      3881.5903 1.60915751E+07
      3883.8269 1.55652236E+07
      3883.9519 1.55377223E+07
      3885.7315 1.50820173E+07
      3887.0697 1.47662834E+07
      3888.6305 1.43846913E+07
      3888.6813 1.43752662E+07
      3890.1925 1.41005209E+07
      3891.7558 1.43788202E+07
      3893.3204 1.47582011E+07
      3896.4533 1.55398699E+07
      3898.1568 1.59450791E+07
      3899.2770 1.62365352E+07
      3899.5912 1.63224940E+07
      3900.2421 1.64537965E+07
      3905.8822 1.78304705E+07
      3911.0162 1.88174410E+07
      3912.1936 1.90779929E+07
      3912.4648 1.91040721E+07
      3915.9593 1.94564648E+07
      3921.5397 1.99476959E+07
      3922.9705 2.00821336E+07
      3924.8776 2.02671661E+07
      3929.7423 2.03243368E+07
      3934.7627 1.99058524E+07
      3936.0713 1.98017674E+07
      3936.6321 1.97578520E+07
      3937.6443 1.96790422E+07
      3937.7448 1.96689328E+07
      3943.6227 1.91158136E+07
      3949.8980 1.77408456E+07
      3950.5997 1.76157816E+07
      3952.7073 1.69062603E+07
      3957.6015 1.56925165E+07
      3961.1116 1.46368137E+07
      3963.4283 1.38826947E+07
      3964.6281 1.35649794E+07
      3966.3886 1.30225096E+07
      3968.1507 1.24647114E+07
      3969.0324 1.21711365E+07
      3969.9144 1.18552448E+07
      3970.3556 1.16814333E+07
      3970.7969 1.14882131E+07
      3971.0175 1.13866178E+07
      3971.2382 1.13250189E+07
      3971.4589 1.13847883E+07
      3971.6797 1.14845346E+07
      3972.1212 1.16739874E+07
      3972.5629 1.18439631E+07
      3973.4465 1.21520092E+07
      3974.2914 1.24243046E+07
      3974.3305 1.24376663E+07
      3976.0997 1.29795820E+07
      3977.8705 1.35069066E+07
      3981.4167 1.45548059E+07
      3984.9693 1.56069767E+07
      3988.8840 1.65401764E+07
      3989.4122 1.66946831E+07
      3989.5522 1.67369029E+07
      3992.0935 1.76189934E+07
      3999.2433 1.93652221E+07
      3999.2585 1.93669275E+07
      4003.0311 1.98206152E+07
      4013.6199 2.15511418E+07
      4017.3102 2.17621041E+07
      4020.6343 2.18918715E+07
      4028.1002 2.21984202E+07
      4031.4304 2.21661520E+07
      4042.5416 2.20467073E+07
      4042.8469 2.20431686E+07
      4044.8934 2.20177244E+07
      4045.6011 2.20088063E+07
      4057.3766 2.09295368E+07
      4059.8965 2.07060920E+07
      4061.9894 2.01183620E+07
      4063.7973 1.96779560E+07
      4074.2933 1.78866025E+07
      4081.5300 1.60331311E+07
      4084.1702 1.50649007E+07
      4087.0817 1.43417237E+07
      4088.7925 1.40191528E+07
      4092.4335 1.29612009E+07
      4096.0809 1.18614675E+07
      4097.5848 1.13690461E+07
      4097.9071 1.12847646E+07
      4099.7349 1.06679407E+07
      4100.6494 1.03277085E+07
      4101.5643 9.94527555E+06
      4101.8036 9.82769534E+06
      4102.0219 9.72798840E+06
      4102.4796 9.49455470E+06
      4102.7085 9.40238931E+06
      4102.9375 9.38939653E+06
      4103.1664 9.40079125E+06
      4103.3954 9.49134855E+06
      4103.8534 9.72142689E+06
      4104.3115 9.93520209E+06
      4105.2281 1.03101912E+07
      4106.1450 1.06424993E+07
      4107.9802 1.12421868E+07
      4109.8170 1.18004478E+07
      4113.4955 1.28595540E+07
      4113.7045 1.29017489E+07
      4117.1806 1.38711779E+07
      4124.5706 1.57942104E+07
      4129.8991 1.69227644E+07
      4131.9872 1.75742579E+07
      4134.9550 1.79407812E+07
      4146.0581 2.01343972E+07
      4146.9008 2.03916480E+07
      4147.8161 2.04678044E+07
      4154.3073 2.10738066E+07
      4159.9039 2.17210221E+07
      4161.9224 2.19915856E+07
      4177.4859 2.24566553E+07
      4192.2944 2.30057849E+07
      4198.1869 2.30124034E+07
      4200.2975 2.29999256E+07
      4206.9781 2.29592357E+07
      4210.3827 2.29368598E+07
      4211.6312 2.29281475E+07
      4223.1130 2.28448365E+07
      4230.6715 2.27230203E+07
      4233.1847 2.26822601E+07
      4268.7709 2.11510589E+07
      4272.4288 2.07189627E+07
      4277.5902 2.01846041E+07
      4286.1299 1.94441045E+07
      4286.7894 1.93923074E+07
      4304.9605 1.66043639E+07
      4314.1040 1.48705630E+07
      4314.8493 1.46014137E+07
      4323.2864 1.29415526E+07
      4327.8923 1.19024042E+07
      4332.2076 1.08430037E+07
      4332.5080 1.08002482E+07
      4334.8196 1.02170246E+07
      4337.1336 9.58884877E+06
      4338.2915 9.24137068E+06
      4339.4500 8.84364753E+06
      4340.0296 8.60852402E+06
      4340.6092 8.32490223E+06
      4340.8991 8.14871929E+06
      4341.1890 7.92466126E+06
      4341.3340 7.77966178E+06
      4341.3548 7.75233440E+06
      4341.4790 7.60255214E+06
      4341.5515 7.50621679E+06
      4341.6240 7.41778373E+06
      4341.6603 7.38342010E+06
      4341.6965 7.36063736E+06
      4341.7146 7.35463716E+06
      4341.7328 7.35215156E+06
      4341.7509 7.35454115E+06
      4341.7690 7.36044530E+06
      4341.8053 7.38303555E+06
      4341.8415 7.41720562E+06
      4341.9140 7.50524563E+06
      4341.9865 7.60117721E+06
      4342.1316 7.77744016E+06
      4342.2766 7.92155704E+06
      4342.5667 8.14377268E+06
      4342.8569 8.31802750E+06
      4343.4373 8.59763829E+06
      4344.0179 8.82856154E+06
      4345.1795 9.21738627E+06
      4346.3417 9.55529708E+06
      4348.6680 1.01628980E+07
      4350.9969 1.07236240E+07
      4351.0558 1.07311836E+07
      4355.6620 1.17742276E+07
      4360.3372 1.27551400E+07
      4369.7177 1.45499383E+07
      4379.1386 1.61330749E+07
      4398.1028 1.86061590E+07
      4410.2742 1.94272646E+07
      4417.2321 2.00720784E+07
      4425.4864 2.02314271E+07
      4455.9941 2.08580161E+07
      4480.7368 2.07008039E+07
      4486.9931 2.06618096E+07
      4495.4425 2.06087336E+07
      4538.9605 2.00527384E+07
      4551.4530 1.98938265E+07
      4576.4723 1.95592753E+07
      4625.4870 1.88629491E+07
      4631.6983 1.87567858E+07
      4655.3441 1.83631640E+07
      4660.4769 1.82789773E+07
      4701.9693 1.76174147E+07
      4741.1669 1.66980652E+07
      4774.7119 1.53326895E+07
      4781.0235 1.51296557E+07
      4801.2041 1.38585134E+07
      4821.5558 1.20986164E+07
      4831.7965 1.10114305E+07
      4838.0905 1.00996209E+07
      4842.0808 9.77948522E+06
      4847.2394 9.10123906E+06
      4852.4090 8.36864666E+06
      4854.9979 7.97176094E+06
      4857.5896 7.53258646E+06
      4858.8865 7.28007646E+06
      4860.1841 6.97707087E+06
      4860.8331 6.78516937E+06
      4861.4823 6.52969708E+06
      4861.8070 6.35017374E+06
      4862.1317 6.08750564E+06
      4862.2941 5.89602487E+06
      4862.4565 5.65200074E+06
      4862.5377 5.52796798E+06
      4862.6189 5.43145458E+06
      4862.6595 5.40055807E+06
      4862.7001 5.38270556E+06
      4862.7204 5.37838389E+06
      4862.7407 5.37694714E+06
      4862.7610 5.37830400E+06
      4862.7813 5.38254575E+06
      4862.8219 5.40023820E+06
      4862.8625 5.43097353E+06
      4862.9437 5.52715964E+06
      4863.0249 5.65085128E+06
      4863.1874 5.89412817E+06
      4863.3498 6.08479009E+06
      4863.6747 6.34572751E+06
      4863.9997 6.52344240E+06
      4864.6498 6.77516114E+06
      4865.3000 6.96315170E+06
      4866.6010 7.25794318E+06
      4867.9027 7.50178418E+06
      4870.5082 7.92236870E+06
      4873.1165 8.29909232E+06
      4878.3415 8.98642653E+06
      4883.5776 9.61263855E+06
      4894.0838 1.07191595E+07
      4897.1404 1.09146360E+07
      4904.6352 1.16505767E+07
      4925.8752 1.30094982E+07
      4947.2999 1.37912201E+07
      4990.7134 1.42939709E+07
      5022.7081 1.42064479E+07
      5029.7783 1.41875495E+07
      5034.8956 1.41741207E+07
      5125.6490 1.34881803E+07
      5151.4955 1.32729994E+07
      5219.7341 1.27184012E+07
      5283.5851 1.22165393E+07
      5418.6613 1.12296151E+07
      5419.0616 1.12268495E+07
      5558.0119 1.03100686E+07
      5633.3518 9.85072014E+06
      5700.5250 9.46459535E+06
      5774.7468 9.05676993E+06
      5846.6924 8.68154474E+06
      5953.8702 8.15650611E+06
      5996.6075 7.95803256E+06
      6144.4616 7.31522941E+06
      6150.3667 7.29003543E+06
      6244.4075 6.90199305E+06
      6308.0684 6.62708425E+06
      6347.6586 6.46472494E+06
      6400.5753 6.20310294E+06
      6454.3817 5.83142475E+06
      6469.8138 5.65240004E+06
      6481.6255 5.53738450E+06
      6509.1003 5.09445546E+06
      6522.9253 4.79163460E+06
      6536.8091 4.41732743E+06
      6543.7732 4.19724957E+06
      6550.7521 3.94873235E+06
      6554.2472 3.80903952E+06
      6557.7460 3.64964482E+06
      6559.4967 3.55536422E+06
      6561.2485 3.43914757E+06
      6562.1247 3.36330923E+06
      6563.0011 3.25734905E+06
      6563.4395 3.17567389E+06
      6563.8778 3.03018485E+06
      6564.0970 2.89164098E+06
      6564.3163 2.67162401E+06
      6564.4259 2.55053575E+06
      6564.5355 2.45771199E+06
      6564.5903 2.42829905E+06
      6564.6451 2.41062572E+06
      6564.6725 2.40624230E+06
      6564.6999 2.40476638E+06
      6564.7273 2.40619541E+06
      6564.7547 2.41053185E+06
      6564.8096 2.42811072E+06
      6564.8644 2.45742767E+06
      6564.9740 2.55005262E+06
      6565.0836 2.67092146E+06
      6565.3029 2.89041596E+06
      6565.5222 3.02838003E+06
      6565.9609 3.17268157E+06
      6566.3996 3.25316233E+06
      6567.2772 3.35668555E+06
      6568.1550 3.43002383E+06
      6569.9114 3.54106787E+06
      6571.6687 3.62997519E+06
      6575.1861 3.77808883E+06
      6578.7073 3.90583572E+06
      6585.7610 4.12847021E+06
      6592.8298 4.32002981E+06
      6607.0131 4.62958407E+06
      6621.2575 4.85819842E+06
      6635.7064 4.96455869E+06
      6649.9315 5.13114570E+06
      6678.8549 5.24073202E+06
      6737.4631 5.24030292E+06
      6797.1090 5.13774715E+06
      6805.8527 5.11767317E+06
      6919.6261 4.86186217E+06
      6980.3618 4.72115277E+06
      7046.6411 4.57206312E+06
      7159.3454 4.32901201E+06
      7315.1928 4.01799617E+06
      7342.9184 3.96577007E+06
      7531.1983 3.63124039E+06
      7605.0249 3.50943857E+06
      7724.3060 3.32402656E+06
      7922.3651 3.04202928E+06
      8088.6442 2.82800118E+06
      8125.5027 2.78335174E+06
      8138.8197 2.76962380E+06
      8198.8516 2.70870600E+06
      8201.8852 2.70566949E+06
      8249.7108 2.65829898E+06
      8282.7717 2.62611913E+06
      8312.1037 2.59791368E+06
      8313.6356 2.59645033E+06
      8333.8489 2.57722874E+06
      8363.6654 2.54786725E+06
      8369.9111 2.54176733E+06
      8389.0796 2.52315603E+06
      8395.6241 2.51681556E+06
      8421.8315 2.49161456E+06
      8428.4731 2.48527623E+06
      8428.5283 2.48522362E+06
      8458.1458 2.45718501E+06
      8480.8122 2.43600523E+06
      8487.0899 2.43017876E+06
      8487.9723 2.42935999E+06
      8502.9645 2.41549435E+06
      8503.3804 2.41511076E+06
      8510.6135 2.40844142E+06
      8511.5942 2.40753769E+06
      8518.0098 2.40162314E+06
      8525.5524 2.39468307E+06
      8533.0752 2.38777607E+06
      8533.1084 2.38774530E+06
      8536.8915 2.38424002E+06
      8540.6249 2.38078641E+06
      8540.6778 2.38073739E+06
      8542.5723 2.37898585E+06
      8544.4676 2.37723867E+06
      8545.4155 2.37636922E+06
      8546.3637 2.37550248E+06
      8546.5277 2.37535253E+06
      8546.8379 2.37506803E+06
      8547.3121 2.37459904E+06
      8547.5373 2.37433198E+06
      8547.5492 2.37431747E+06
      8547.7864 2.37405107E+06
      8548.0235 2.37386653E+06
      8548.2607 2.37370519E+06
      8548.7351 2.37328925E+06
      8549.2095 2.37283926E+06
      8550.1585 2.37193899E+06
      8551.1077 2.37104146E+06
      8553.0068 2.36925480E+06
      8554.9067 2.36747266E+06
      8555.7102 2.36672081E+06
      8558.7091 2.36390783E+06
      8562.5149 2.36034397E+06
      8570.1366 2.35322033E+06
      8570.7890 2.35261088E+06
      8570.8488 2.35255478E+06
      8576.5599 2.34718154E+06
      8577.7718 2.34603868E+06
      8578.4382 2.34540937E+06
      8586.0411 2.33822060E+06
      8589.8476 2.33462481E+06
      8593.0833 2.33157503E+06
      8593.6574 2.33103378E+06
      8595.5636 2.32924223E+06
      8597.4707 2.32746136E+06
      8598.4245 2.32657700E+06
      8599.3786 2.32569764E+06
      8599.8557 2.32525802E+06
      8600.3329 2.32475056E+06
      8600.5715 2.32440428E+06
      8600.8101 2.32410427E+06
      8601.0487 2.32396666E+06
      8601.2873 2.32387525E+06
      8601.7646 2.32350733E+06
      8602.2420 2.32307161E+06
      8603.1969 2.32220027E+06
      8604.1520 2.32133393E+06
      8606.0629 2.31961328E+06
      8606.8039 2.31895016E+06
      8607.9746 2.31789556E+06
      8608.4494 2.31746897E+06
      8611.8006 2.31445953E+06
      8615.6299 2.31102844E+06
      8620.8390 2.30636152E+06
      8622.0060 2.30530948E+06
      8623.2989 2.30413526E+06
      8630.8130 2.29730478E+06
      8630.9815 2.29715066E+06
      8637.2619 2.29139754E+06
      8639.3473 2.28947578E+06
      8644.9102 2.28436177E+06
      8646.3879 2.28299739E+06
      8649.3380 2.28026921E+06
      8652.5720 2.27726971E+06
      8656.4079 2.27370681E+06
      8660.2473 2.27015552E+06
      8661.1413 2.26933421E+06
      8661.8495 2.26867579E+06
      8662.1683 2.26837869E+06
      8664.0901 2.26660613E+06
      8664.6049 2.26613708E+06
      8665.0514 2.26572739E+06
      8666.0128 2.26485471E+06
      8666.4936 2.26442099E+06
      8666.9745 2.26394829E+06
      8667.2149 2.26365875E+06
      8667.4554 2.26339601E+06
      8667.6958 2.26322678E+06
      8667.9363 2.26308430E+06
      8668.4174 2.26269297E+06
      8668.8984 2.26226268E+06
      8669.8607 2.26140732E+06
      8670.4677 2.26087388E+06
      8670.8232 2.26056145E+06
      8672.7489 2.25889044E+06
      8674.6754 2.25723774E+06
      8678.5310 2.25395495E+06
      8680.7936 2.25203539E+06
      8682.3901 2.25065958E+06
      8690.1185 2.24399514E+06
      8691.6836 2.24264078E+06
      8692.9389 2.24153665E+06
      8697.8606 2.23721202E+06
      8707.0357 2.22912370E+06
      8713.3864 2.22346096E+06
      8722.4420 2.21537646E+06
      8724.2524 2.21374340E+06
      8728.9677 2.20949828E+06
      8730.1657 2.20841548E+06
      8733.3861 2.20547851E+06
      8735.7357 2.20334061E+06
      8737.9030 2.20132280E+06
      8741.5879 2.19788716E+06
      8741.7769 2.19770672E+06
      8745.6541 2.19402812E+06
      8747.5940 2.19220894E+06
      8749.5348 2.19041589E+06
      8750.5055 2.18954117E+06
      8751.4764 2.18868498E+06
      8751.9620 2.18798232E+06
      8752.4476 2.17151195E+06
      8752.6904 2.14358388E+06
      8752.9332 2.12661867E+06
      8753.1761 2.14317730E+06
      8753.4189 2.17068304E+06
      8753.9047 2.18630606E+06
      8754.3905 2.18617009E+06
      8755.3623 2.18534965E+06
      8756.3343 2.18454765E+06
      8758.2790 2.18298680E+06
      8760.2245 2.18145145E+06
      8760.2981 2.18139400E+06
      8764.1181 2.17840416E+06
      8766.7050 2.17639636E+06
      8768.0152 2.17549464E+06
      8768.8127 2.17494324E+06
      8772.3055 2.17246032E+06
      8775.8198 2.16984840E+06
      8783.6384 2.16398632E+06
      8787.5611 2.16100685E+06
      8791.8543 2.15775387E+06
      8797.2242 2.15368618E+06
      8799.3173 2.15210483E+06
      8803.2398 2.14908891E+06
      8815.0522 2.13958856E+06
      8818.7889 2.13654843E+06
      8829.7964 2.12727212E+06
      8834.3930 2.12324058E+06
      8842.2158 2.11620181E+06
      8846.6916 2.11215456E+06
      8850.0525 2.10909078E+06
      8851.7952 2.10750676E+06
      8853.9760 2.10552735E+06
      8854.7598 2.10482794E+06
      8855.6535 2.10401774E+06
      8857.9030 2.10197811E+06
      8859.8678 2.10023868E+06
      8861.8335 2.09855850E+06
      8862.8167 2.09775146E+06
      8863.8001 2.09697846E+06
      8864.2919 2.09660957E+06
      8864.7837 2.09624715E+06
      8865.0296 2.09606659E+06
      8865.2756 2.09588604E+06
      8865.5215 2.09570551E+06
      8865.7675 2.09552500E+06
      8866.2595 2.09516528E+06
      8866.7516 2.09481201E+06
      8867.7358 2.09414061E+06
      8868.7203 2.09350306E+06
      8870.6899 2.09229335E+06
      8871.5622 2.09178338E+06
      8872.6604 2.09113657E+06
      8876.6040 2.08889514E+06
      8878.5589 2.08781343E+06
      8880.5511 2.08669911E+06
      8888.4559 2.08229745E+06
      8891.6343 2.08050610E+06
      8896.3748 2.07752961E+06
      8912.2549 2.06720507E+06
      8920.3854 2.06169593E+06
      8922.8791 2.06000962E+06
      8927.7419 2.05630328E+06
      8928.1919 2.05596089E+06
      8942.9873 2.04421029E+06
      8954.3444 2.03521994E+06
      8960.2373 2.03002998E+06
      8970.1604 2.02104249E+06
      8977.0720 2.01435877E+06
      8983.1226 2.00821345E+06
      8986.0323 2.00526968E+06
      8991.4923 1.99963955E+06
      8992.5136 1.99859895E+06
      8993.9894 1.99706757E+06
      9001.9605 1.98874641E+06
      9005.9514 1.98466474E+06
      9008.3576 1.98229268E+06
      9009.9459 1.98072691E+06
      9011.9444 1.97883496E+06
      9013.9438 1.97704975E+06
      9014.9439 1.97621435E+06
      9015.9441 1.97543594E+06
      9016.4444 1.97244476E+06
      9016.9446 1.85281777E+06
      9017.1948 1.71684555E+06
      9017.4450 1.66006443E+06
      9017.6951 1.71655905E+06
      9017.9453 1.85220339E+06
      9018.4458 1.97114480E+06
      9018.9463 1.97348368E+06
      9019.9474 1.97296035E+06
      9020.9488 1.97249367E+06
      9022.9522 1.97167343E+06
      9024.9566 1.97095795E+06
      9025.8764 1.97066431E+06
      9028.9679 1.96965777E+06
      9032.9827 1.96848866E+06
      9039.5040 1.96669692E+06
      9041.0232 1.96611406E+06
      9049.0780 1.96294717E+06
      9052.7303 1.96143284E+06
      9057.7690 1.95934617E+06
      9062.1907 1.95746812E+06
      9065.2307 1.95617824E+06
      9081.4412 1.94828678E+06
      9088.6480 1.94416223E+06
      9102.8106 1.93574904E+06
      9114.0367 1.92700709E+06
      9118.4054 1.92327798E+06
      9123.9783 1.91853292E+06
      9134.7975 1.90930233E+06
      9142.0077 1.90142798E+06
      9146.8670 1.89615223E+06
      9167.0101 1.87349266E+06
      9183.2017 1.85179680E+06
      9189.0614 1.84329717E+06
      9199.4506 1.82846091E+06
      9201.2242 1.82591192E+06
      9207.5966 1.81644786E+06
      9213.2424 1.80810202E+06
      9215.7571 1.80434781E+06
      9219.8428 1.79850878E+06
      9222.0434 1.79555807E+06
      9223.9321 1.79304426E+06
      9225.9781 1.79048247E+06
      9228.0250 1.78813082E+06
      9229.0488 1.78706458E+06
      9230.0728 1.78611633E+06
      9230.5849 1.78572134E+06
      9231.0971 1.78539040E+06
      9231.3532 1.78523348E+06
      9231.6093 1.78507827E+06
      9231.8654 1.78492304E+06
      9232.1215 1.78476952E+06
      9232.6339 1.78447956E+06
      9233.1462 1.78425355E+06
      9234.1712 1.78395926E+06
      9235.1963 1.78378209E+06
      9237.2474 1.78364371E+06
      9239.2993 1.78371056E+06
      9243.4058 1.78415686E+06
      9247.5161 1.78494289E+06
      9255.7475 1.78701341E+06
      9259.3438 1.78790581E+06
      9263.2460 1.78888922E+06
      9263.9936 1.78907682E+06
      9279.6833 1.79279585E+06
      9280.5299 1.79300517E+06
      9280.5882 1.79301209E+06
      9297.1254 1.79487450E+06
      9316.6243 1.79282018E+06
      9330.4951 1.78931115E+06
      9364.1051 1.77339767E+06
      9375.4167 1.76621434E+06
      9398.7864 1.74424548E+06
      9418.2772 1.72625589E+06
      9432.0569 1.71369751E+06
      9434.9558 1.71083747E+06
      9458.5060 1.67730930E+06
      9465.0098 1.66842954E+06
      9495.2560 1.61389018E+06
      9501.0022 1.60184609E+06
      9510.4516 1.58253108E+06
      9513.4377 1.57618709E+06
      9525.6960 1.55096065E+06
      9533.3365 1.53581169E+06
      9540.9893 1.52241447E+06
      9544.8204 1.51648583E+06
      9548.6544 1.21156708E+06
      9552.4916 1.51266763E+06
      9556.3319 1.51475389E+06
      9560.1133 1.51749019E+06
      9564.0216 1.52036603E+06
      9571.7238 1.52757822E+06
      9587.1654 1.54289592E+06
      9602.6569 1.55783477E+06
      9633.7906 1.57942909E+06
      9641.9613 1.58162010E+06
      9643.6711 1.58208350E+06
      9665.1268 1.58702247E+06
      9701.0318 1.58077792E+06
      9728.4148 1.57633411E+06
      9777.5196 1.55560108E+06
      9787.1660 1.54948619E+06
      9792.5372 1.54602965E+06
      9820.0919 1.52525760E+06
      9845.8468 1.50621984E+06
      9915.1358 1.43185936E+06
      9923.3515 1.41829816E+06
      9949.7762 1.37848141E+06
      9950.1473 1.37796393E+06
      9985.4069 1.30754952E+06
     10003.1306 1.26460093E+06
     10020.9173 1.21638152E+06
     10029.8344 1.19155557E+06
     10038.7674 1.16710676E+06
     10043.2399 1.15588301E+06
     10047.7163 1.14507567E+06
     10049.9560 1.14043677E+06
     10052.1968 1.13781139E+06
     10054.4385 1.13880520E+06
     10056.6812 1.14179889E+06
     10057.7082 1.14346831E+06
     10061.1696 1.14925931E+06
     10065.6621 1.15706457E+06
     10074.6590 1.17443280E+06
     10078.7748 1.18202044E+06
     10083.6721 1.19185641E+06
     10101.7466 1.22434260E+06
     10119.8861 1.25061505E+06
     10156.3612 1.28536493E+06
     10193.1001 1.30237642E+06
     10204.8987 1.30218788E+06
     10267.3812 1.30425687E+06
     10337.6401 1.28649606E+06
     10342.7529 1.28524758E+06
     10351.4549 1.28186324E+06
     10466.5627 1.23575598E+06
     10493.4039 1.22523503E+06
     10496.8655 1.22364342E+06
     10633.6005 1.15830760E+06
     10639.3001 1.15571552E+06
     10655.6403 1.14550493E+06
     10713.7802 1.11134373E+06
     10734.9361 1.09177169E+06
     10789.3104 1.04958716E+06
     10827.4763 1.00663691E+06
     10865.9132 9.52044300E+05
     10885.2341 9.18503152E+05
     10904.6239 8.79774313E+05
     10914.3447 8.58018882E+05
     10924.0829 8.34610816E+05
     10928.9585 8.22385670E+05
     10933.8384 8.09867786E+05
     10936.2800 8.03667221E+05
     10938.7228 7.97294093E+05
     10939.9445 7.92339782E+05
     10941.1665 7.27148336E+05
     10942.3889 7.91767311E+05
     10943.6114 7.96141235E+05
     10946.0574 8.01340929E+05
     10948.5045 8.06348609E+05
     10953.4019 8.16421185E+05
     10958.3037 8.26125957E+05
     10968.1205 8.44282504E+05
     10977.9549 8.60531237E+05
     10988.0491 8.72246422E+05
     10997.6767 8.87585421E+05
     11010.1909 8.99629700E+05
     11017.4696 9.08695459E+05
     11057.2697 9.36726426E+05
     11097.3584 9.51543495E+05
     11178.4142 9.55327936E+05
     11260.6628 9.41956893E+05
     11292.5035 9.33771792E+05
     11341.8651 9.21208502E+05
     11428.8453 8.99514339E+05
     11507.9202 8.77896188E+05
     11582.0549 8.57857631E+05
     11602.1277 8.52503834E+05
     11810.4755 7.97891823E+05
     11879.0306 7.80741981E+05
     11964.9491 7.59841195E+05
     12129.3694 7.21724273E+05
     12183.6212 7.09130996E+05
     12295.3625 6.84102126E+05
     12351.1953 6.70439368E+05
     12465.9620 6.43970898E+05
     12496.0217 6.35301229E+05
     12553.0495 6.19977949E+05
     12641.3623 5.87812356E+05
     12685.9863 5.65286516E+05
     12730.9265 5.35546573E+05
     12753.5162 5.17058234E+05
     12776.1862 4.96015947E+05
     12787.5515 4.84218363E+05
     12798.9370 4.70706351E+05
     12804.6373 4.62890946E+05
     12810.3428 4.53724158E+05
     12813.1974 4.48233481E+05
     12816.0533 4.41674437E+05
     12816.4325 4.40568228E+05
     12817.4817 4.37748230E+05
     12818.9104 4.33152594E+05
     12819.6249 4.30517441E+05
     12820.3395 4.27689939E+05
     12820.6968 4.26283124E+05
     12821.0542 4.25104800E+05
     12821.2328 4.24720527E+05
     12821.4115 4.24549424E+05
     12821.5009 4.24512820E+05
     12821.5902 4.24501180E+05
     12821.6349 4.24496270E+05
     12821.6795 4.24491360E+05
     12821.7242 4.24486449E+05
     12821.7689 4.24481539E+05
     12821.8582 4.24473538E+05
     12821.9476 4.24490495E+05
     12822.1263 4.24622270E+05
     12822.3050 4.24967093E+05
     12822.6624 4.26066011E+05
     12823.0199 4.27392710E+05
     12823.7348 4.30058123E+05
     12824.4498 4.32529086E+05
     12825.8801 4.36791389E+05
     12827.3108 4.40378912E+05
     12830.1729 4.46248052E+05
     12833.0364 4.51035059E+05
     12838.7672 4.58760884E+05
     12844.5031 4.65096317E+05
     12855.9903 4.75545590E+05
     12867.4980 4.84158561E+05
     12890.5754 4.98484548E+05
     12913.7358 5.09841334E+05
     12960.3070 5.24418034E+05
     13007.2154 5.31026136E+05
     13102.0582 5.30610084E+05
     13145.0590 5.26650617E+05
     13198.2943 5.22016045E+05
     13395.0708 4.97775403E+05
     13482.1118 4.86383622E+05
     13597.8038 4.71670324E+05
     13827.8070 4.43292433E+05
     14022.2545 4.20881850E+05
     14182.3661 4.03428907E+05
     14474.0570 3.73832593E+05
     14546.0165 3.66930258E+05
     14918.9913 3.46067461E+05
     15301.5296 3.14290896E+05
     15693.8765 2.85397905E+05
     15701.7898 2.84849319E+05
     15702.3287 2.84812004E+05
     15702.8676 2.84773774E+05
     15703.4066 2.84685420E+05
     15703.9456 2.83786585E+05
     15704.4847 2.79741962E+05
     15705.0237 2.76196329E+05
     15705.5629 2.79669285E+05
     15706.1020 2.83638138E+05
     15706.6412 2.84461743E+05
     15707.1805 2.84475459E+05
     15707.7197 2.84439107E+05
     15708.2590 2.84401843E+05
     15881.6819 2.72734396E+05
     15882.2270 2.72698685E+05
     15882.7721 2.72660574E+05
     15883.3172 2.72491292E+05
     15883.8624 2.70239273E+05
     15884.4076 2.60729051E+05
     15884.9529 2.53343907E+05
     15885.4982 2.60662261E+05
     15886.0435 2.70098411E+05
     15886.5889 2.72277388E+05
     15887.1343 2.72375156E+05
     15887.6798 2.72341910E+05
     15888.2253 2.72306266E+05
     16096.2836 2.59129352E+05
     16110.4696 2.58258347E+05
     16111.0226 2.58224436E+05
     16111.5755 2.58184076E+05
     16112.1285 2.57792840E+05
     16112.6816 2.52118299E+05
     16113.2346 2.32693755E+05
     16113.7878 2.21539930E+05
     16114.3409 2.32635763E+05
     16114.8941 2.51987679E+05
     16115.4473 2.57590154E+05
     16116.0006 2.57913251E+05
     16116.5539 2.57885890E+05
     16117.1073 2.57852091E+05
     16408.3703 2.40802408E+05
     16408.9335 2.40770760E+05
     16409.4967 2.40721695E+05
     16410.0599 2.39734523E+05
     16410.6232 2.26601919E+05
     16411.1865 1.99742966E+05
     16411.7498 1.91834350E+05
     16412.3132 1.99694740E+05
     16412.8766 2.26486965E+05
     16413.4401 2.39546541E+05
     16414.0036 2.40469480E+05
     16414.5671 2.40455455E+05
     16415.1307 2.40424042E+05
     16509.0088 2.35247392E+05
     16807.7275 2.19653999E+05
     16808.3043 2.19624922E+05
     16808.8812 2.19549951E+05
     16809.4582 2.17076191E+05
     16810.0352 1.93742912E+05
     16810.6122 1.74688978E+05
     16811.1892 1.71154542E+05
     16811.7663 1.74646876E+05
     16812.3435 1.93647640E+05
     16812.9206 2.16906562E+05
     16813.4978 2.19319641E+05
     16814.0751 2.19336936E+05
     16814.6524 2.19308415E+05
     16834.4432 2.18324583E+05
     16932.3167 2.13491142E+05
     17277.0384 1.97500873E+05
     17363.3548 1.93717699E+05
     17363.9508 1.93691280E+05
     17364.5467 1.93554423E+05
     17365.1428 1.88132853E+05
     17365.7388 1.62795903E+05
     17366.3349 1.52909573E+05
     17366.4787 1.52149200E+05
     17366.9310 1.50416720E+05
     17367.5272 1.52872558E+05
     17368.1234 1.62716707E+05
     17368.7197 1.87985786E+05
     17369.3160 1.93348180E+05
     17369.9123 1.93433218E+05
     17370.5087 1.93408032E+05
     17743.5346 1.78108468E+05
     17811.7730 1.75405887E+05
     17986.3589 1.68733720E+05
     18175.4256 1.61365838E+05
     18176.0494 1.61341283E+05
     18176.6732 1.61110941E+05
     18177.2971 1.52877171E+05
     18177.9210 1.34782367E+05
     18178.5450 1.28178263E+05
     18179.1690 1.26202700E+05
     18179.7931 1.28147069E+05
     18180.4172 1.34716485E+05
     18181.0413 1.52755756E+05
     18181.6655 1.60924860E+05
     18182.2897 1.61107821E+05
     18182.9140 1.61085678E+05
     18235.9216 1.59125940E+05
     18268.4851 1.57692184E+05
     18363.3181 1.53730446E+05
     18492.5071 1.46948706E+05
     18557.7857 1.42394200E+05
     18623.5268 1.36403904E+05
     18656.5723 1.32636495E+05
     18689.7353 1.28160364E+05
     18706.3610 1.25539747E+05
     18723.0164 1.22429083E+05
     18731.3552 1.20563073E+05
     18736.9078 1.18761238E+05
     18739.7014 1.18212523E+05
     18743.8773 1.16694930E+05
     18748.0551 1.14696559E+05
     18750.1447 1.13322237E+05
     18752.2347 1.11413378E+05
     18753.2799 1.10026033E+05
     18754.3252 1.07997038E+05
     18754.8479 1.06238457E+05
     18755.3707 1.03569691E+05
     18755.6320 1.02146746E+05
     18755.8934 1.00978001E+05
     18756.0241 1.00643156E+05
     18756.1548 1.00489209E+05
     18756.2202 1.00459449E+05
     18756.2855 1.00448660E+05
     18756.3509 1.00456994E+05
     18756.4162 1.00484298E+05
     18756.5469 1.00633319E+05
     18756.6776 1.00963190E+05
     18756.9390 1.02121740E+05
     18757.2004 1.03534134E+05
     18757.7233 1.06180959E+05
     18758.2462 1.07917165E+05
     18759.2921 1.09900971E+05
     18760.3381 1.11242453E+05
     18762.4304 1.13058238E+05
     18764.5232 1.14338083E+05
     18768.7101 1.16144487E+05
     18772.8990 1.17466859E+05
     18781.2823 1.19419397E+05
     18789.6731 1.20879190E+05
     18806.4772 1.23155554E+05
     18823.3114 1.24916580E+05
     18857.0703 1.27605724E+05
     18890.9506 1.29509609E+05
     18959.0777 1.31609200E+05
     19027.6979 1.32148550E+05
     19166.4394 1.30796678E+05
     19217.3413 1.29793643E+05
     19307.2190 1.28077768E+05
     19446.9574 1.24876060E+05
     19447.6249 1.24859070E+05
     19448.2924 1.24508483E+05
     19448.9599 1.15248995E+05
     19449.6275 1.03767432E+05
     19450.2951 9.91134375E+04
     19450.9627 9.76013354E+04
     19451.6305 9.90891361E+04
     19452.2982 1.03716360E+05
     19452.9660 1.15163710E+05
     19453.6339 1.24388321E+05
     19454.3018 1.24708673E+05
     19454.9697 1.24695581E+05
     19595.0751 1.21592651E+05
     19710.0937 1.18960175E+05
     19891.6444 1.14937362E+05
     20215.4807 1.08065990E+05
     20512.5551 1.02198729E+05
     20733.8264 9.80771832E+04
     21173.4777 9.04776511E+04
     21265.4629 8.89786812E+04
     21656.8390 8.29311253E+04
     21657.5822 8.29176534E+04
     21658.3256 8.24864907E+04
     21659.0690 7.51493047E+04
     21659.8124 6.88651486E+04
     21660.5559 6.59068818E+04
     21661.2994 6.48758592E+04
     21662.0430 6.58905445E+04
     21662.7867 6.88308801E+04
     21663.5303 7.50927024E+04
     21664.2741 8.23995621E+04
     21665.0179 8.28079241E+04
     21665.7617 8.27994424E+04
     21810.7312 8.06967073E+04
     22369.9807 7.31797796E+04
     22568.4128 7.07246087E+04
     23024.3404 6.63830009E+04
     23614.7081 6.01700643E+04
     24220.2134 5.45347915E+04
     24841.2445 4.94239001E+04
     25478.1995 4.47889746E+04
     25638.0786 4.37114693E+04
     25638.9586 4.37056294E+04
     25639.8385 4.36996343E+04
     25640.7186 4.36851414E+04
     25641.5987 4.35340472E+04
     25642.4789 4.28712254E+04
     25643.3591 4.23132999E+04
     25644.2394 4.28598758E+04
     25645.1197 4.35108273E+04
     25646.0001 4.36501364E+04
     25646.8806 4.36529471E+04
     25647.7611 4.36472701E+04
     25648.6417 4.36414383E+04
     26121.1873 4.06483329E+04
     26122.0838 4.06429025E+04
     26122.9804 4.06370863E+04
     26123.8770 4.06102120E+04
     26124.7737 4.02543439E+04
     26125.6705 3.88522893E+04
     26126.5673 3.78636175E+04
     26127.4642 3.88421360E+04
     26128.3611 4.02329456E+04
     26129.2581 4.05776880E+04
     26130.1552 4.05936857E+04
     26131.0523 4.05886511E+04
     26131.4867 4.05860268E+04
     26131.9495 4.05832280E+04
     26253.3925 3.98568260E+04
     26254.2936 3.98489462E+04
     26255.1947 3.94381354E+04
     26256.0958 3.55811151E+04
     26256.9971 3.30833106E+04
     26257.8984 3.16432509E+04
     26258.7997 3.11158017E+04
     26259.7011 3.16352755E+04
     26260.6026 3.30665712E+04
     26261.5041 3.55539747E+04
     26262.4057 3.93963660E+04
     26263.3074 3.97957034E+04
     26264.2091 3.97929265E+04
     26745.8969 3.70738250E+04
     26746.8148 3.70688653E+04
     26747.7328 3.70629409E+04
     26748.6509 3.70046783E+04
     26749.5690 3.61925492E+04
     26750.4872 3.38317655E+04
     26751.4055 3.27345217E+04
     26752.3238 3.38230931E+04
     26753.2422 3.61734490E+04
     26754.1606 3.69750378E+04
     26755.0791 3.70233308E+04
     26755.9977 3.70193507E+04
     26756.9164 3.70144075E+04
     26801.5248 3.67751002E+04
     27488.7434 3.33198949E+04
     27577.0930 3.29054657E+04
     27578.0395 3.29010478E+04
     27578.9860 3.28942687E+04
     27579.9326 3.27613188E+04
     27580.8793 3.11720692E+04
     27581.8260 2.87642137E+04
     27582.7728 2.81652770E+04
     27583.7197 2.87569003E+04
     27584.6666 3.11558607E+04
     27585.6136 3.27350772E+04
     27586.5606 3.28590572E+04
     27587.5078 3.28570283E+04
     27588.4550 3.28526423E+04
     28193.5829 3.01874465E+04
     28724.1437 2.80692635E+04
     28725.1295 2.80654744E+04
     28726.1154 2.80562917E+04
     28727.1014 2.77714363E+04
     28728.0874 2.56111940E+04
     28729.0735 2.41805744E+04
     28730.0597 2.38277179E+04
     28731.0460 2.41744053E+04
     28732.0323 2.55980614E+04
     28733.0187 2.77492806E+04
     28734.0051 2.80262518E+04
     28734.9916 2.80279122E+04
     28735.9782 2.80241888E+04
     28916.4953 2.73478179E+04
     29657.9439 2.47738254E+04
     30385.8710 2.25347787E+04
     30386.9139 2.25316970E+04
     30387.9568 2.25179759E+04
     30388.9998 2.20225827E+04
     30390.0429 2.01888862E+04
     30391.0861 1.93365250E+04
     30392.1293 1.90745150E+04
     30393.1726 1.93315730E+04
     30394.2160 2.01785230E+04
     30395.2594 2.20051507E+04
     30396.3029 2.24938442E+04
     30397.3465 2.25015070E+04
     30398.3902 2.24985506E+04
     30418.4040 2.24407865E+04
     31198.3631 2.03262783E+04
     31998.3211 1.84099829E+04
     32498.5145 1.73258656E+04
     32963.2440 1.64602755E+04
     32964.3753 1.64581321E+04
     32965.5067 1.64382380E+04
     32966.6382 1.58075260E+04
     32967.7698 1.46139588E+04
     32968.9014 1.40477640E+04
     32970.0331 1.38571043E+04
     32971.1649 1.40441500E+04
     32972.2968 1.46064307E+04
     32973.4287 1.57954957E+04
     32974.5608 1.64219236E+04
     32975.6929 1.64377323E+04
     32976.8251 1.64357958E+04
     33155.0501 1.61186801E+04
     34005.1796 1.45950482E+04
     34877.1073 1.32147730E+04
     35771.3921 1.19644418E+04
     36688.6073 1.08318885E+04
     37397.9951 1.00466209E+04
     37399.2786 1.00451494E+04
     37400.5622 1.00237771E+04
     37401.8459 9.53467536E+03
     37403.1297 8.90593542E+03
     37404.4136 8.56676205E+03
     37405.6976 8.44542305E+03
     37406.9817 8.56454292E+03
     37408.2658 8.90131072E+03
     37409.5500 9.52719172E+03
     37410.8344 1.00129858E+04
     37412.1188 1.00316086E+04
     37413.4033 1.00303715E+04
     37629.3408 9.80607815E+03
     38594.1957 8.87700321E+03
     39067.5484 8.46139844E+03
     39068.8892 8.46025608E+03
     39070.2302 8.45907853E+03
     39071.5712 8.45597533E+03
     39072.9123 8.42219112E+03
     39074.2535 8.27932328E+03
     39075.5948 8.16575964E+03
     39076.9362 8.27711073E+03
     39078.2777 8.41765326E+03
     39079.6192 8.44912864E+03
     39080.9609 8.44994639E+03
     39082.3027 8.44884083E+03
     39083.6445 8.44770014E+03
     39583.7905 8.03558824E+03
     40200.5073 7.56129834E+03
     40201.8870 7.56027677E+03
     40203.2668 7.55917341E+03
     40204.6468 7.55361468E+03
     40206.0268 7.48011492E+03
     40207.4069 7.21712172E+03
     40208.7871 7.05405088E+03
     40210.1673 7.21521432E+03
     40211.5477 7.47609648E+03
     40212.9282 7.54749725E+03
     40214.3088 7.55100924E+03
     40215.6894 7.55007138E+03
     40217.0702 7.54905188E+03
     40514.4946 7.33331503E+03
     40515.8851 7.33138891E+03
     40517.2757 7.20395246E+03
     40518.6664 6.60993597E+03
     40520.0572 6.18815116E+03
     40521.4481 5.89582338E+03
     40522.8391 5.79817856E+03
     40524.2301 5.89429611E+03
     40525.6213 6.18493622E+03
     40527.0126 6.60476380E+03
     40528.4039 7.19628149E+03
     40529.7954 7.32149385E+03
     40531.1869 7.32143799E+03
     40598.7594 7.27360393E+03
     41639.7533 6.58358878E+03
     41699.4675 6.54653379E+03
     41700.8986 6.54564784E+03
     41702.3299 6.54457544E+03
     41703.7613 6.53342947E+03
     41705.1927 6.38618380E+03
     41706.6243 6.03751933E+03
     41708.0559 5.90599291E+03
     41709.4877 6.03594075E+03
     41710.9195 6.38277670E+03
     41712.3515 6.52813667E+03
     41713.7835 6.53750067E+03
     41715.2157 6.53680397E+03
     41716.6479 6.53592114E+03
     42707.4393 5.95877797E+03
     43755.6542 5.41582510E+03
     43757.1560 5.41509050E+03
     43758.6578 5.41395522E+03
     43760.1597 5.39165670E+03
     43761.6618 5.15963086E+03
     43763.1639 4.88920053E+03
     43764.6662 4.81743947E+03
     43766.1685 4.88792191E+03
     43767.6710 5.15690804E+03
     43769.1736 5.38729456E+03
     43770.6762 5.40810078E+03
     43772.1790 5.40777155E+03
     43773.6819 5.40704235E+03
     43802.5018 5.39303884E+03
     44234.0892 5.18860767E+03
     45127.7071 4.80923663E+03
     46284.8278 4.35195342E+03
     46528.3649 4.26271929E+03
     46529.9618 4.26205434E+03
     46531.5588 4.24688866E+03
     46533.1560 4.01631500E+03
     46534.7532 3.77874941E+03
     46536.3505 3.62801645E+03
     46537.9480 3.57267142E+03
     46539.5455 3.62706763E+03
     46541.1432 3.77676806E+03
     46542.7410 4.01314236E+03
     46544.3389 4.24230173E+03
     46545.9369 4.25628262E+03
     46547.5350 4.25579295E+03
     46715.5955 4.19567026E+03
     46717.1989 4.19509721E+03
     46718.8023 4.19371970E+03
     46720.4058 4.15259076E+03
     46722.0095 3.90721561E+03
     46723.6133 3.74997852E+03
     46725.2171 3.70151002E+03
     46726.8211 3.74899485E+03
     46728.4252 3.90516138E+03
     46730.0294 4.14923883E+03
     46731.6337 4.18917624E+03
     46733.2382 4.18941599E+03
     46734.8427 4.18885278E+03
     47471.6183 3.93799858E+03
     48688.8393 3.56328433E+03
     49937.2710 3.22410598E+03
     51217.7139 2.91738983E+03
     51276.1573 2.90427886E+03
     51277.9171 2.90387823E+03
     51279.6771 2.90226482E+03
     51281.4372 2.84953681E+03
     51283.1974 2.68301627E+03
     51284.9577 2.58623794E+03
     51286.7182 2.55269640E+03
     51288.4788 2.58555725E+03
     51290.2394 2.68160137E+03
     51292.0003 2.84724925E+03
     51293.7612 2.89911975E+03
     51295.5223 2.89994392E+03
     51297.2834 2.89955766E+03
     52530.9886 2.63976560E+03
     53877.9370 2.38847170E+03
     55259.4226 2.16102091E+03
     56676.3309 1.95515984E+03
     57102.9933 1.89801261E+03
     57104.9532 1.89775492E+03
     57106.9131 1.89748759E+03
     57108.8732 1.89669347E+03
     57110.8335 1.88761507E+03
     57112.7938 1.85117280E+03
     57114.7543 1.82433167E+03
     57116.7150 1.85067576E+03
     57118.6757 1.88659269E+03
     57120.6367 1.89514916E+03
     57122.5977 1.89542764E+03
     57124.5589 1.89517996E+03
     57126.5202 1.89492266E+03
     58129.5701 1.76884704E+03
     59070.1332 1.66166545E+03
     59072.1605 1.66143548E+03
     59074.1880 1.65987422E+03
     59076.2156 1.61591807E+03
     59078.2434 1.52759720E+03
     59080.2713 1.47240737E+03
     59082.2993 1.45226374E+03
     59084.3275 1.47201817E+03
     59086.3558 1.52678830E+03
     59088.3843 1.61463059E+03
     59090.4129 1.65809909E+03
     59092.4416 1.65921410E+03
     59094.4705 1.65899977E+03
     59556.3071 1.60939792E+03
     59558.3512 1.60918235E+03
     59560.3953 1.60894557E+03
     59562.4396 1.60755572E+03
     59564.4841 1.58920976E+03
     59566.5287 1.53160499E+03
     59568.5734 1.50114572E+03
     59570.6183 1.53119948E+03
     59572.6633 1.58836180E+03
     59574.7085 1.60626500E+03
     59576.7537 1.60722297E+03
     59578.7992 1.60702906E+03
     59580.8448 1.60681397E+03
     59620.0719 1.60269372E+03
     61148.7917 1.44982962E+03
     62716.7094 1.31150220E+03
     62906.3494 1.29590914E+03
     62908.5084 1.29573271E+03
     62910.6676 1.29551279E+03
     62912.8269 1.29295846E+03
     62914.9863 1.26165876E+03
     62917.1459 1.20311918E+03
     62919.3057 1.18375699E+03
     62921.4656 1.20280016E+03
     62923.6256 1.26098176E+03
     62925.7858 1.29190508E+03
     62927.9461 1.29410418E+03
     62930.1066 1.29397185E+03
     62932.2673 1.29379611E+03
     64324.8302 1.18633390E+03
     65974.1848 1.07307718E+03
     67665.8306 9.70602294E+02
     67706.1176 9.68314226E+02
     67708.4413 9.68181998E+02
     67710.7652 9.67969752E+02
     67713.0893 9.63605669E+02
     67715.4135 9.25454310E+02
     67717.7379 8.88151721E+02
     67720.0624 8.76602537E+02
     67722.3871 8.87915691E+02
     67724.7120 9.24960580E+02
     67727.0370 9.62821258E+02
     67729.3622 9.66916335E+02
     67731.6875 9.66865045E+02
     67734.0130 9.66733880E+02
     69400.8519 8.77886209E+02
     71180.3609 7.94002594E+02
     73005.4983 7.18112712E+02
     73121.6576 7.13596106E+02
     74583.5015 6.60251061E+02
     74586.0613 6.60136678E+02
     74588.6212 6.56124260E+02
     74591.1814 6.20273373E+02
     74593.7417 5.83465427E+02
     74596.3022 5.57830764E+02
     74598.8628 5.49542448E+02
     74598.8628 5.49542408E+02
     74601.4236 5.57682631E+02
     74603.9846 5.83155101E+02
     74606.5458 6.19776993E+02
     74609.1072 6.55415777E+02
     74611.6687 6.59242410E+02
     74614.2304 6.59177870E+02
     75009.6929 6.45487734E+02
     75012.2673 6.45394451E+02
     75014.8419 6.44395250E+02
     75017.4167 6.23233662E+02
     75019.9916 5.90332075E+02
     75022.5667 5.67453015E+02
     75025.1420 5.59099397E+02
     75027.7175 5.67302101E+02
     75030.2931 5.90017458E+02
     75032.8690 6.22732993E+02
     75035.4449 6.43693903E+02
     75038.0211 6.44515450E+02
     75040.5975 6.44432917E+02
     75065.7621 6.43575602E+02
     75068.3384 6.43487204E+02
     75070.9149 6.43275496E+02
     75073.4916 6.37228890E+02
     75076.0685 6.07396789E+02
     75078.6455 5.85985965E+02
     75081.2227 5.78453316E+02
     75083.8001 5.85829844E+02
     75086.3777 6.07072534E+02
     75088.9554 6.36711316E+02
     75091.5334 6.42574599E+02
     75094.1115 6.42610790E+02
     75096.6897 6.42523903E+02
     76511.6541 5.96622723E+02
     78473.4914 5.39547150E+02
     80485.6322 4.87917969E+02
     81532.2749 4.63499726E+02
     81535.0732 4.63436498E+02
     81537.8717 4.63370209E+02
     81540.6703 4.63136933E+02
     81543.4692 4.60329380E+02
     81546.2682 4.49876995E+02
     81549.0674 4.42927301E+02
     81551.8668 4.49755790E+02
     81554.6664 4.60079038E+02
     81557.4663 4.62758095E+02
     81560.2662 4.62864812E+02
     81563.0664 4.62804746E+02
     81565.8668 4.62741623E+02
     82549.3664 4.41216973E+02
     84666.0168 3.98975097E+02
     86627.3558 3.64250997E+02
     86630.3290 3.64201257E+02
     86633.3023 3.64145549E+02
     86636.2758 3.63766613E+02
     86639.2496 3.58870802E+02
     86642.2235 3.45779899E+02
     86645.1977 3.39872946E+02
     86648.1721 3.45687293E+02
     86651.1466 3.58676301E+02
     86654.1214 3.63468969E+02
     86657.0964 3.63748137E+02
     86660.0715 3.63704479E+02
     86663.0469 3.63654863E+02
     86836.9403 3.60767770E+02
     87582.8046 3.48703575E+02
     87585.8105 3.48655223E+02
     87588.8167 3.48474896E+02
     87591.8230 3.43120986E+02
     87594.8295 3.26985516E+02
     87597.8363 3.15389365E+02
     87600.8433 3.11106275E+02
     87603.8504 3.15305084E+02
     87606.8578 3.26810429E+02
     87609.8654 3.42842860E+02
     87612.8732 3.48094639E+02
     87615.8811 3.48179576E+02
     87618.8893 3.48132796E+02
     89063.5285 3.26210717E+02
     90273.6514 3.09160148E+02
     92097.3615 2.85658900E+02
     93901.0230 2.64440370E+02
     93904.2458 2.64404191E+02
     93907.4688 2.64357252E+02
     93910.6920 2.63738078E+02
     93913.9154 2.56895961E+02
     93917.1391 2.46616121E+02
     93920.3630 2.43214823E+02
     93923.5871 2.46550075E+02
     93926.8114 2.56757459E+02
     93930.0359 2.63522268E+02
     93933.2607 2.64068495E+02
     93936.4857 2.64043221E+02
     93939.7109 2.64007206E+02
     94458.8323 2.58279776E+02
     96880.8536 2.33518961E+02
     99364.9781 2.11126707E+02
    101912.7980 1.90877016E+02
    104525.9467 1.72565390E+02
    105013.5701 1.69394985E+02
    105017.1743 1.69371732E+02
    105020.7787 1.69332417E+02
    105024.3834 1.68480583E+02
    105027.9883 1.62286335E+02
    105031.5934 1.56502129E+02
    105035.1988 1.54463453E+02
    105038.8045 1.56460130E+02
    105042.4104 1.62199020E+02
    105046.0165 1.68342823E+02
    105049.6229 1.69147261E+02
    105053.2296 1.69140250E+02
    105056.8365 1.69117206E+02
    107206.0992 1.56006795E+02
    109954.9735 1.41033813E+02
    112774.3318 1.27534849E+02
    113063.9268 1.26237506E+02
    113067.8073 1.26219726E+02
    113071.6880 1.26114591E+02
    113075.5690 1.23412727E+02
    113079.4503 1.17418858E+02
    113083.3318 1.12892519E+02
    113087.2136 1.11259414E+02
    113091.0957 1.12862228E+02
    113094.9780 1.17355736E+02
    113098.8606 1.23312621E+02
    113102.7434 1.25976671E+02
    113106.6266 1.26047107E+02
    113110.5100 1.26030361E+02
    115371.3539 1.16467782E+02
    115375.3135 1.16451838E+02
    115379.2735 1.16434869E+02
    115383.2337 1.16362059E+02
    115387.1941 1.15453182E+02
    115391.1549 1.12400434E+02
    115395.1159 1.10611327E+02
    115399.0772 1.12370081E+02
    115403.0388 1.15390232E+02
    115407.0006 1.16266559E+02
    115410.9627 1.16307442E+02
    115414.9251 1.16292553E+02
    115418.8877 1.16276639E+02
    115665.9813 1.15289316E+02
    118631.7757 1.04217262E+02
    121673.6161 9.42064743E+01
    123693.8686 8.82161952E+01
    123698.1139 8.82027431E+01
    123702.3595 8.79646335E+01
    123706.6054 8.45355830E+01
    123710.8516 7.96711243E+01
    123715.0980 7.62980985E+01
    123719.3448 7.52492248E+01
    123723.5918 7.62776081E+01
    123727.8392 7.96283016E+01
    123732.0868 8.44671834E+01
    123736.3347 8.78685038E+01
    123740.5829 8.80820267E+01
    123744.8314 8.80713314E+01
    123846.4131 8.77834664E+01
    123850.6636 8.77713451E+01
    123854.9145 8.77415047E+01
    123859.1656 8.69169716E+01
    123863.4170 8.33252323E+01
    123867.6687 8.03677469E+01
    123871.9207 7.92714121E+01
    123876.1729 8.03461327E+01
    123880.4255 8.32803242E+01
    123884.6784 8.68460063E+01
    123888.9315 8.76454358E+01
    123893.1850 8.76512166E+01
    123897.4387 8.76393120E+01
    124793.4524 8.51554563E+01
    125845.0664 8.23512652E+01
    125849.3855 8.23399777E+01
    125853.7049 8.23269178E+01
    125858.0246 8.22183697E+01
    125862.3446 8.08716034E+01
    125866.6650 7.79044992E+01
    125870.9856 7.67243125E+01
    125875.3065 7.78835242E+01
    125879.6277 8.08276667E+01
    125883.9492 8.21508682E+01
    125888.2710 8.22367520E+01
    125892.5930 8.22272667E+01
    125896.9154 8.22160121E+01
    127993.2846 7.69723929E+01
    129994.0580 7.23517376E+01
    132620.2005 6.68120714E+01
    136020.7185 6.03888064E+01
    139508.4292 5.45819677E+01
    141801.8822 5.11406439E+01
    141806.7490 5.11336189E+01
    141811.6161 5.11239528E+01
    141816.4836 5.09758410E+01
    141821.3514 4.95467054E+01
    141826.2195 4.77266957E+01
    141831.0879 4.70827959E+01
    141835.9567 4.77138295E+01
    141840.8258 4.95198874E+01
    141845.6953 5.09339924E+01
    141850.5651 5.10679099E+01
    141855.4352 5.10635596E+01
    141860.3056 5.10565726E+01
    143085.5684 4.93325190E+01
    146754.4291 4.45870647E+01
    150517.3632 4.02973126E+01
    152562.4708 3.81816094E+01
    155644.5409 3.52520791E+01
    159635.4265 3.18591040E+01
    162057.9786 2.99973731E+01
    162063.5406 2.99931895E+01
    162069.1029 2.99772607E+01
    162074.6657 2.95339455E+01
    162080.2288 2.81931210E+01
    162085.7923 2.71028329E+01
    162091.3562 2.67156760E+01
    162096.9205 2.70955227E+01
    162102.4852 2.81778873E+01
    162108.0502 2.95098406E+01
    162113.6156 2.99443761E+01
    162119.1814 2.99520551E+01
    162124.7476 2.99480116E+01
    163728.6426 2.87921694E+01
    164083.7033 2.85438646E+01
    164089.3348 2.85399459E+01
    164094.9667 2.85356778E+01
    164100.5990 2.85124540E+01
    164106.2317 2.82176371E+01
    164111.8647 2.73565887E+01
    164117.4982 2.69208767E+01
    164123.1320 2.73491869E+01
    164128.7662 2.82022261E+01
    164134.4008 2.84889912E+01
    164140.0358 2.85043624E+01
    164145.6712 2.85008009E+01
    164151.3070 2.84968906E+01
    167926.8129 2.60200031E+01
    168771.8091 2.55029152E+01
    168777.6015 2.54993981E+01
    168783.3943 2.54929157E+01
    168789.1875 2.53418798E+01
    168794.9812 2.44216935E+01
    168800.7752 2.35425057E+01
    168806.5696 2.32179899E+01
    168812.3644 2.35361485E+01
    168818.1595 2.44084748E+01
    168823.9551 2.53210904E+01
    168829.7511 2.54649360E+01
    168835.5475 2.54644166E+01
    168841.3443 2.54609374E+01
    172232.6287 2.35143259E+01
    176648.8499 2.12495660E+01
    176936.3567 2.11117717E+01
    180510.8285 1.94894773E+01
    185139.3113 1.76118240E+01
    186113.4598 1.72458213E+01
    186119.8474 1.72434499E+01
    186126.2354 1.72405639E+01
    186132.6239 1.72101791E+01
    186139.0128 1.68603121E+01
    186145.4021 1.62367011E+01
    186151.7919 1.60031484E+01
    186158.1821 1.62323108E+01
    186164.5728 1.68511377E+01
    186170.9639 1.71960127E+01
    186177.3555 1.72216281E+01
    186183.7474 1.72197791E+01
    186190.1399 1.72174163E+01
    189886.4731 1.59147980E+01
    190580.1828 1.56842068E+01
    190586.7237 1.56819255E+01
    190593.2650 1.56582554E+01
    190599.8068 1.51924751E+01
    190606.3491 1.43321824E+01
    190612.8918 1.37426036E+01
    190619.4349 1.35664572E+01
    190625.9785 1.37388907E+01
    190632.5226 1.43244365E+01
    190639.0670 1.51801075E+01
    190645.6120 1.56410725E+01
    190652.1574 1.56603951E+01
    190658.7032 1.56583699E+01
    194755.3570 1.43810528E+01
    199749.0841 1.29949042E+01
    203115.7156 1.21537552E+01
    203115.7156 1.21537552E+01
    207219.0633 1.12187428E+01
    207219.0633 1.12187428E+01
    217334.6796 9.26919141E+00
    223270.0955 8.32081302E+00
    223277.7583 8.31966562E+00
    223285.4217 8.31792825E+00
    223293.0856 8.28598384E+00
    223300.7500 8.02661387E+00
    223308.4150 7.72986230E+00
    223316.0805 7.62154675E+00
    223323.7465 7.72776945E+00
    223331.4130 8.02225514E+00
    223339.0800 8.27916444E+00
    223346.7476 8.30878237E+00
    223354.4157 8.30823195E+00
    223358.9411 8.30755958E+00
    223362.0844 8.30708781E+00
    223366.6070 8.30640708E+00
    223374.2734 8.30322172E+00
    223381.9404 8.21508872E+00
    223389.6079 7.86378423E+00
    223397.2759 7.55801389E+00
    223404.9444 7.45140857E+00
    223412.6134 7.55596861E+00
    223420.2830 7.85952119E+00
    223427.9531 8.20835456E+00
    223435.6238 8.29409319E+00
    223443.2949 8.29499161E+00
    223450.9666 8.29386237E+00
    228488.5903 7.58514556E+00
    238631.3474 6.37356537E+00
    238639.5374 6.37268809E+00
    238647.7280 6.37169582E+00
    238655.9192 6.36449557E+00
    238664.1110 6.27433422E+00
    238672.3033 6.05637335E+00
    238680.4961 5.96163706E+00
    238688.6896 6.05473166E+00
    238696.8836 6.27090482E+00
    238705.0781 6.35924672E+00
    238713.2733 6.36468696E+00
    238721.4689 6.36392678E+00
    238729.6652 6.36305180E+00
    240849.3033 6.14156296E+00
    254623.8759 4.91421537E+00
    270069.6062 3.88059655E+00
    277977.0974 3.45643644E+00
    277986.6378 3.45594355E+00
    277996.1789 3.45253010E+00
    278005.7207 3.37077818E+00
    278015.2631 3.18263909E+00
    278024.8061 3.05553486E+00
    278034.3499 3.01899083E+00
    278043.8942 3.05470635E+00
    278053.4393 3.18091345E+00
    278062.9849 3.36802312E+00
    278072.5313 3.44873145E+00
    278082.0783 3.45118826E+00
    278091.6259 3.45073004E+00
    287510.2561 3.01912939E+00
    288252.5265 2.98805926E+00
    288262.4196 2.98764709E+00
    288272.3134 2.98710075E+00
    288282.2078 2.97948957E+00
    288292.1030 2.90239805E+00
    288301.9988 2.79155066E+00
    288311.8953 2.75130902E+00
    288321.7925 2.79079348E+00
    288331.6904 2.90081705E+00
    288341.5889 2.97703184E+00
    288351.4881 2.98381160E+00
    288361.3880 2.98353536E+00
    288371.2886 2.98312518E+00
    298334.0060 2.60309188E+00
    298344.2451 2.60273098E+00
    298354.4849 2.60194671E+00
    298364.7255 2.58169192E+00
    298374.9667 2.47763426E+00
    298385.2086 2.38074740E+00
    298395.4512 2.34762934E+00
    298405.6946 2.38010171E+00
    298415.9386 2.47628804E+00
    298426.1833 2.57956871E+00
    298436.4288 2.59908139E+00
    298446.6749 2.59914836E+00
    298456.9218 2.59879272E+00
    307358.9932 2.30966213E+00
    330151.5405 1.73318300E+00
    356595.2576 1.27196745E+00
    387643.8622 9.09553718E-01
    424614.9104 6.30722700E-01
    469381.5923 4.21524648E-01
    524700.1509 2.69276115E-01
    594799.7580 1.62563959E-01
    686518.1466 9.12486450E-02
    811679.4863 4.64675753E-02
    992653.3174 2.06373445E-02
   1277483.9231 7.45555474E-03
   1791548.4107 1.90174275E-03
   2997925.1058 2.37248008E-04
