   1    6.6591E-08  2.9582E-08  8.8847E-01  7.9196E+03  2.3289E+12  6.3433E-12
   2    9.1110E-08  5.6213E-08  1.2838E+00  8.5007E+03  3.5073E+12  7.1775E-12
   3    1.2379E-07  1.0158E-07  1.4927E+00  8.5659E+03  4.6655E+12  9.7857E-12
   4    1.6699E-07  1.7136E-07  1.7378E+00  8.6139E+03  6.1403E+12  1.3327E-11
   5    2.2355E-07  2.7783E-07  2.0269E+00  8.6625E+03  8.0064E+12  1.8024E-11
   6    2.9679E-07  4.3870E-07  2.3663E+00  8.7137E+03  1.0344E+13  2.4164E-11
   7    3.9052E-07  6.7924E-07  2.7663E+00  8.7718E+03  1.3253E+13  3.2037E-11
   8    5.0902E-07  1.0350E-06  3.2377E+00  8.8373E+03  1.6846E+13  4.1957E-11
   9    6.5709E-07  1.5563E-06  3.8035E+00  8.9171E+03  2.1294E+13  5.4112E-11
  10    8.4002E-07  2.3121E-06  4.4602E+00  9.0030E+03  2.6721E+13  6.8924E-11
  11    1.0637E-06  3.3967E-06  5.2354E+00  9.0952E+03  3.3302E+13  8.6723E-11
  12    1.3350E-06  4.9382E-06  6.1311E+00  9.1907E+03  4.1208E+13  1.0796E-10
  13    1.6614E-06  7.1062E-06  7.1532E+00  9.2869E+03  5.0617E+13  1.3319E-10
  14    2.0518E-06  1.0124E-05  8.3068E+00  9.3814E+03  6.1719E+13  1.6311E-10
  15    2.5165E-06  1.4285E-05  9.5985E+00  9.4733E+03  7.4737E+13  1.9849E-10
  16    3.0677E-06  1.9970E-05  1.1035E+01  9.5620E+03  8.9926E+13  2.4028E-10
  17    3.7195E-06  2.7677E-05  1.2612E+01  9.6449E+03  1.0751E+14  2.8982E-10
  18    4.4888E-06  3.8042E-05  1.4333E+01  9.7204E+03  1.2773E+14  3.4875E-10
  19    5.3954E-06  5.1886E-05  1.6208E+01  9.7901E+03  1.5096E+14  4.1870E-10
  20    6.4628E-06  7.0278E-05  1.8252E+01  9.8553E+03  1.7759E+14  5.0164E-10
  21    7.7188E-06  9.4596E-05  2.0472E+01  9.9160E+03  2.0806E+14  6.0010E-10
  22    9.1962E-06  1.2662E-04  2.2877E+01  9.9727E+03  2.4283E+14  7.1704E-10
  23    1.0934E-05  1.6863E-04  2.5467E+01  1.0025E+04  2.8245E+14  8.5610E-10
  24    1.2981E-05  2.2359E-04  2.8248E+01  1.0076E+04  3.2760E+14  1.0214E-09
  25    1.5391E-05  2.9529E-04  3.1248E+01  1.0124E+04  3.7909E+14  1.2179E-09
  26    1.8232E-05  3.8868E-04  3.4487E+01  1.0171E+04  4.3785E+14  1.4516E-09
  27    2.1586E-05  5.1023E-04  3.7994E+01  1.0218E+04  5.0502E+14  1.7293E-09
  28    2.5550E-05  6.6842E-04  4.1816E+01  1.0266E+04  5.8211E+14  2.0589E-09
  29    3.0243E-05  8.7437E-04  4.5960E+01  1.0313E+04  6.7041E+14  2.4518E-09
  30    3.5809E-05  1.1427E-03  5.0466E+01  1.0362E+04  7.7182E+14  2.9202E-09
  31    4.2427E-05  1.4929E-03  5.5358E+01  1.0412E+04  8.8872E+14  3.4793E-09
  32    5.0316E-05  1.9507E-03  6.0722E+01  1.0464E+04  1.0239E+15  4.1477E-09
  33    5.9745E-05  2.5512E-03  6.6634E+01  1.0518E+04  1.1809E+15  4.9479E-09
  34    7.1049E-05  3.3415E-03  7.3192E+01  1.0575E+04  1.3640E+15  5.9073E-09
  35    8.4644E-05  4.3866E-03  8.0554E+01  1.0637E+04  1.5792E+15  7.0579E-09
  36    1.0105E-04  5.7759E-03  8.8846E+01  1.0704E+04  1.8332E+15  8.4411E-09
  37    1.2090E-04  7.6334E-03  9.8261E+01  1.0776E+04  2.1349E+15  1.0106E-08
  38    1.4501E-04  1.0135E-02  1.0922E+02  1.0859E+04  2.4994E+15  1.2099E-08
  39    1.7439E-04  1.3532E-02  1.2207E+02  1.0953E+04  2.9426E+15  1.4488E-08
  40    2.1025E-04  1.8184E-02  1.3739E+02  1.1060E+04  3.4877E+15  1.7340E-08
  41    2.5410E-04  2.4618E-02  1.5599E+02  1.1186E+04  4.1671E+15  2.0721E-08
  42    3.0777E-04  3.3605E-02  1.7897E+02  1.1336E+04  5.0266E+15  2.4687E-08
  43    3.7340E-04  4.6302E-02  2.0791E+02  1.1517E+04  6.1314E+15  2.9264E-08
  44    4.5359E-04  6.4467E-02  2.4516E+02  1.1742E+04  7.5811E+15  3.4401E-08
  45    5.5139E-04  9.0745E-02  2.9220E+02  1.2016E+04  9.4831E+15  4.0061E-08
  46    6.7052E-04  1.2905E-01  3.5099E+02  1.2349E+04  1.1987E+16  4.6105E-08
  47    8.1556E-04  1.8512E-01  4.2212E+02  1.2760E+04  1.5278E+16  5.2299E-08
  48    9.9259E-04  2.6690E-01  5.0179E+02  1.3269E+04  1.9538E+16  5.8408E-08
  49    1.2102E-03  3.8433E-01  5.7751E+02  1.3893E+04  2.4853E+16  6.4472E-08
  50    1.4811E-03  5.4813E-01  6.3166E+02  1.4620E+04  3.1148E+16  7.1186E-08
  51    1.8250E-03  7.6970E-01  6.5706E+02  1.5426E+04  3.8413E+16  7.9677E-08
  52    2.2716E-03  1.0642E+00  6.6178E+02  1.6297E+04  4.6943E+16  9.1037E-08
  53    2.8655E-03  1.4562E+00  6.5829E+02  1.7231E+04  5.7342E+16  1.0635E-07
  54    3.6701E-03  1.9847E+00  6.5545E+02  1.8244E+04  7.0438E+16  1.2683E-07
  55    4.7723E-03  2.7082E+00  6.5727E+02  1.9359E+04  8.7203E+16  1.5392E-07
  56    6.2897E-03  3.7093E+00  6.6227E+02  2.0605E+04  1.0873E+17  1.8931E-07
  57    8.3677E-03  5.0999E+00  6.7610E+02  2.2006E+04  1.3611E+17  2.3472E-07
  58    1.1179E-02  7.0290E+00  6.9649E+02  2.3574E+04  1.7029E+17  2.9175E-07
  59    1.4936E-02  9.6981E+00  7.2432E+02  2.5321E+04  2.1232E+17  3.6209E-07
  60    1.9897E-02  1.3380E+01  7.5998E+02  2.7254E+04  2.6319E+17  4.4744E-07
  61    2.6381E-02  1.8445E+01  8.0245E+02  2.9379E+04  3.2406E+17  5.4973E-07
  62    3.4804E-02  2.5397E+01  8.4816E+02  3.1704E+04  3.9648E+17  6.7156E-07
  63    4.5760E-02  3.4918E+01  8.8998E+02  3.4238E+04  4.8293E+17  8.1714E-07
  64    6.0164E-02  4.7926E+01  9.1605E+02  3.6990E+04  5.8790E+17  9.9404E-07
  65    7.9558E-02  6.5662E+01  9.1303E+02  3.9972E+04  7.1959E+17  1.2161E-06
  66    1.0662E-01  8.9835E+01  8.7364E+02  4.3196E+04  8.9250E+17  1.5078E-06
  67    1.4593E-01  1.2282E+02  8.0465E+02  4.6683E+04  1.1305E+18  1.9094E-06
  68    2.0505E-01  1.6797E+02  7.2261E+02  5.0463E+04  1.4696E+18  2.4818E-06
  69    2.9566E-01  2.2985E+02  6.4323E+02  5.4575E+04  1.9595E+18  3.3089E-06
  70    4.3493E-01  3.1467E+02  5.7482E+02  5.9062E+04  2.6637E+18  4.4979E-06
