 RELATIVE CHANGES OF VECTOR PSI
  ITER  ID    TEMP        NE       POP     RAD      MAXIMUM   ilev   ifr

    1   70  2.78E-03  0.00E+00  0.00E+00  0.00E+00  2.78E-03    0    0
    1   69  2.71E-03  0.00E+00  0.00E+00  0.00E+00  2.71E-03    0    0
    1   68  3.19E-03  0.00E+00  0.00E+00  0.00E+00  3.19E-03    0    0
    1   67  3.97E-03  0.00E+00  0.00E+00  0.00E+00  3.97E-03    0    0
    1   66  4.79E-03  0.00E+00  0.00E+00  0.00E+00  4.79E-03    0    0
    1   65  5.48E-03  0.00E+00  0.00E+00  0.00E+00  5.48E-03    0    0
    1   64  6.01E-03  0.00E+00  0.00E+00  0.00E+00  6.01E-03    0    0
    1   63  6.45E-03  0.00E+00  0.00E+00  0.00E+00  6.45E-03    0    0
    1   62  6.90E-03  0.00E+00  0.00E+00  0.00E+00  6.90E-03    0    0
    1   61  7.47E-03  0.00E+00  0.00E+00  0.00E+00  7.47E-03    0    0
    1   60  8.28E-03  0.00E+00  0.00E+00  0.00E+00  8.28E-03    0    0
    1   59  9.47E-03  0.00E+00  0.00E+00  0.00E+00  9.47E-03    0    0
    1   58  1.11E-02  0.00E+00  0.00E+00  0.00E+00  1.11E-02    0    0
    1   57  1.33E-02  0.00E+00  0.00E+00  0.00E+00  1.33E-02    0    0
    1   56  1.59E-02  0.00E+00  0.00E+00  0.00E+00  1.59E-02    0    0
    1   55  1.85E-02  0.00E+00  0.00E+00  0.00E+00  1.85E-02    0    0
    1   54  2.04E-02  0.00E+00  0.00E+00  0.00E+00  2.04E-02    0    0
    1   53  2.06E-02  0.00E+00  0.00E+00  0.00E+00  2.06E-02    0    0
    1   52  1.81E-02  0.00E+00  0.00E+00  0.00E+00  1.81E-02    0    0
    1   51  1.29E-02  0.00E+00  0.00E+00  0.00E+00  1.29E-02    0    0
    1   50  5.34E-03  0.00E+00  0.00E+00  0.00E+00  5.34E-03    0    0
    1   49 -3.99E-03  0.00E+00  0.00E+00  0.00E+00 -3.99E-03    0    0
    1   48 -1.41E-02  0.00E+00  0.00E+00  0.00E+00 -1.41E-02    0    0
    1   47 -2.43E-02  0.00E+00  0.00E+00  0.00E+00 -2.43E-02    0    0
    1   46 -3.38E-02  0.00E+00  0.00E+00  0.00E+00 -3.38E-02    0    0
    1   45 -4.25E-02  0.00E+00  0.00E+00  0.00E+00 -4.25E-02    0    0
    1   44 -5.06E-02  0.00E+00  0.00E+00  0.00E+00 -5.06E-02    0    0
    1   43 -5.84E-02  0.00E+00  0.00E+00  0.00E+00 -5.84E-02    0    0
    1   42 -6.61E-02  0.00E+00  0.00E+00  0.00E+00 -6.61E-02    0    0
    1   41 -7.38E-02  0.00E+00  0.00E+00  0.00E+00 -7.38E-02    0    0
    1   40 -8.16E-02  0.00E+00  0.00E+00  0.00E+00 -8.16E-02    0    0
    1   39 -8.96E-02  0.00E+00  0.00E+00  0.00E+00 -8.96E-02    0    0
    1   38 -9.79E-02  0.00E+00  0.00E+00  0.00E+00 -9.79E-02    0    0
    1   37 -1.06E-01  0.00E+00  0.00E+00  0.00E+00 -1.06E-01    0    0
    1   36 -1.15E-01  0.00E+00  0.00E+00  0.00E+00 -1.15E-01    0    0
    1   35 -1.25E-01  0.00E+00  0.00E+00  0.00E+00 -1.25E-01    0    0
    1   34 -1.34E-01  0.00E+00  0.00E+00  0.00E+00 -1.34E-01    0    0
    1   33 -1.44E-01  0.00E+00  0.00E+00  0.00E+00 -1.44E-01    0    0
    1   32 -1.53E-01  0.00E+00  0.00E+00  0.00E+00 -1.53E-01    0    0
    1   31 -1.61E-01  0.00E+00  0.00E+00  0.00E+00 -1.61E-01    0    0
    1   30 -1.66E-01  0.00E+00  0.00E+00  0.00E+00 -1.66E-01    0    0
    1   29 -1.66E-01  0.00E+00  0.00E+00  0.00E+00 -1.66E-01    0    0
    1   28 -1.61E-01  0.00E+00  0.00E+00  0.00E+00 -1.61E-01    0    0
    1   27 -1.53E-01  0.00E+00  0.00E+00  0.00E+00 -1.53E-01    0    0
    1   26 -1.44E-01  0.00E+00  0.00E+00  0.00E+00 -1.44E-01    0    0
    1   25 -1.39E-01  0.00E+00  0.00E+00  0.00E+00 -1.39E-01    0    0
    1   24 -1.37E-01  0.00E+00  0.00E+00  0.00E+00 -1.37E-01    0    0
    1   23 -1.39E-01  0.00E+00  0.00E+00  0.00E+00 -1.39E-01    0    0
    1   22 -1.45E-01  0.00E+00  0.00E+00  0.00E+00 -1.45E-01    0    0
    1   21 -1.54E-01  0.00E+00  0.00E+00  0.00E+00 -1.54E-01    0    0
    1   20 -1.66E-01  0.00E+00  0.00E+00  0.00E+00 -1.66E-01    0    0
    1   19 -1.80E-01  0.00E+00  0.00E+00  0.00E+00 -1.80E-01    0    0
    1   18 -1.93E-01  0.00E+00  0.00E+00  0.00E+00 -1.93E-01    0    0
    1   17 -2.06E-01  0.00E+00  0.00E+00  0.00E+00 -2.06E-01    0    0
    1   16 -2.19E-01  0.00E+00  0.00E+00  0.00E+00 -2.19E-01    0    0
    1   15 -2.31E-01  0.00E+00  0.00E+00  0.00E+00 -2.31E-01    0    0
    1   14 -2.41E-01  0.00E+00  0.00E+00  0.00E+00 -2.41E-01    0    0
    1   13 -2.45E-01  0.00E+00  0.00E+00  0.00E+00 -2.45E-01    0    0
    1   12 -2.37E-01  0.00E+00  0.00E+00  0.00E+00 -2.37E-01    0    0
    1   11 -2.24E-01  0.00E+00  0.00E+00  0.00E+00 -2.24E-01    0    0
    1   10 -2.15E-01  0.00E+00  0.00E+00  0.00E+00 -2.15E-01    0    0
    1    9 -2.04E-01  0.00E+00  0.00E+00  0.00E+00 -2.04E-01    0    0
    1    8 -1.91E-01  0.00E+00  0.00E+00  0.00E+00 -1.91E-01    0    0
    1    7 -1.82E-01  0.00E+00  0.00E+00  0.00E+00 -1.82E-01    0    0
    1    6 -1.87E-01  0.00E+00  0.00E+00  0.00E+00 -1.87E-01    0    0
    1    5 -2.14E-01  0.00E+00  0.00E+00  0.00E+00 -2.14E-01    0    0
    1    4 -2.70E-01  0.00E+00  0.00E+00  0.00E+00 -2.70E-01    0    0
    1    3 -3.57E-01  0.00E+00  0.00E+00  0.00E+00 -3.57E-01    0    0
    1    2 -4.67E-01  0.00E+00  0.00E+00  0.00E+00 -4.67E-01    0    0
    1    1 -5.82E-01  0.00E+00  0.00E+00  0.00E+00 -5.82E-01    0    0
    2   70 -8.41E-05  0.00E+00  0.00E+00  0.00E+00 -8.41E-05    0    0
    2   69 -9.21E-05  0.00E+00  0.00E+00  0.00E+00 -9.21E-05    0    0
    2   68 -1.18E-04  0.00E+00  0.00E+00  0.00E+00 -1.18E-04    0    0
    2   67 -1.55E-04  0.00E+00  0.00E+00  0.00E+00 -1.55E-04    0    0
    2   66 -1.92E-04  0.00E+00  0.00E+00  0.00E+00 -1.92E-04    0    0
    2   65 -2.22E-04  0.00E+00  0.00E+00  0.00E+00 -2.22E-04    0    0
    2   64 -2.47E-04  0.00E+00  0.00E+00  0.00E+00 -2.47E-04    0    0
    2   63 -2.76E-04  0.00E+00  0.00E+00  0.00E+00 -2.76E-04    0    0
    2   62 -3.14E-04  0.00E+00  0.00E+00  0.00E+00 -3.14E-04    0    0
    2   61 -3.69E-04  0.00E+00  0.00E+00  0.00E+00 -3.69E-04    0    0
    2   60 -4.44E-04  0.00E+00  0.00E+00  0.00E+00 -4.44E-04    0    0
    2   59 -5.37E-04  0.00E+00  0.00E+00  0.00E+00 -5.37E-04    0    0
    2   58 -6.40E-04  0.00E+00  0.00E+00  0.00E+00 -6.40E-04    0    0
    2   57 -7.36E-04  0.00E+00  0.00E+00  0.00E+00 -7.36E-04    0    0
    2   56 -8.14E-04  0.00E+00  0.00E+00  0.00E+00 -8.14E-04    0    0
    2   55 -8.80E-04  0.00E+00  0.00E+00  0.00E+00 -8.80E-04    0    0
    2   54 -9.79E-04  0.00E+00  0.00E+00  0.00E+00 -9.79E-04    0    0
    2   53 -1.22E-03  0.00E+00  0.00E+00  0.00E+00 -1.22E-03    0    0
    2   52 -1.77E-03  0.00E+00  0.00E+00  0.00E+00 -1.77E-03    0    0
    2   51 -2.91E-03  0.00E+00  0.00E+00  0.00E+00 -2.91E-03    0    0
    2   50 -4.87E-03  0.00E+00  0.00E+00  0.00E+00 -4.87E-03    0    0
    2   49 -7.67E-03  0.00E+00  0.00E+00  0.00E+00 -7.67E-03    0    0
    2   48 -1.10E-02  0.00E+00  0.00E+00  0.00E+00 -1.10E-02    0    0
    2   47 -1.43E-02  0.00E+00  0.00E+00  0.00E+00 -1.43E-02    0    0
    2   46 -1.71E-02  0.00E+00  0.00E+00  0.00E+00 -1.71E-02    0    0
    2   45 -1.92E-02  0.00E+00  0.00E+00  0.00E+00 -1.92E-02    0    0
    2   44 -2.07E-02  0.00E+00  0.00E+00  0.00E+00 -2.07E-02    0    0
    2   43 -2.15E-02  0.00E+00  0.00E+00  0.00E+00 -2.15E-02    0    0
    2   42 -2.17E-02  0.00E+00  0.00E+00  0.00E+00 -2.17E-02    0    0
    2   41 -2.12E-02  0.00E+00  0.00E+00  0.00E+00 -2.12E-02    0    0
    2   40 -2.00E-02  0.00E+00  0.00E+00  0.00E+00 -2.00E-02    0    0
    2   39 -1.82E-02  0.00E+00  0.00E+00  0.00E+00 -1.82E-02    0    0
    2   38 -1.56E-02  0.00E+00  0.00E+00  0.00E+00 -1.56E-02    0    0
    2   37 -1.22E-02  0.00E+00  0.00E+00  0.00E+00 -1.22E-02    0    0
    2   36 -7.61E-03  0.00E+00  0.00E+00  0.00E+00 -7.61E-03    0    0
    2   35 -2.47E-03  0.00E+00  0.00E+00  0.00E+00 -2.47E-03    0    0
    2   34  3.72E-03  0.00E+00  0.00E+00  0.00E+00  3.72E-03    0    0
    2   33  1.09E-02  0.00E+00  0.00E+00  0.00E+00  1.09E-02    0    0
    2   32  1.86E-02  0.00E+00  0.00E+00  0.00E+00  1.86E-02    0    0
    2   31  2.50E-02  0.00E+00  0.00E+00  0.00E+00  2.50E-02    0    0
    2   30  2.68E-02  0.00E+00  0.00E+00  0.00E+00  2.68E-02    0    0
    2   29  2.13E-02  0.00E+00  0.00E+00  0.00E+00  2.13E-02    0    0
    2   28  9.49E-03  0.00E+00  0.00E+00  0.00E+00  9.49E-03    0    0
    2   27 -4.53E-03  0.00E+00  0.00E+00  0.00E+00 -4.53E-03    0    0
    2   26 -1.76E-02  0.00E+00  0.00E+00  0.00E+00 -1.76E-02    0    0
    2   25 -2.77E-02  0.00E+00  0.00E+00  0.00E+00 -2.77E-02    0    0
    2   24 -3.35E-02  0.00E+00  0.00E+00  0.00E+00 -3.35E-02    0    0
    2   23 -3.56E-02  0.00E+00  0.00E+00  0.00E+00 -3.56E-02    0    0
    2   22 -3.47E-02  0.00E+00  0.00E+00  0.00E+00 -3.47E-02    0    0
    2   21 -3.15E-02  0.00E+00  0.00E+00  0.00E+00 -3.15E-02    0    0
    2   20 -2.63E-02  0.00E+00  0.00E+00  0.00E+00 -2.63E-02    0    0
    2   19 -1.99E-02  0.00E+00  0.00E+00  0.00E+00 -1.99E-02    0    0
    2   18 -1.35E-02  0.00E+00  0.00E+00  0.00E+00 -1.35E-02    0    0
    2   17 -1.35E-02  0.00E+00  0.00E+00  0.00E+00 -1.35E-02    0    0
    2   16 -2.04E-02  0.00E+00  0.00E+00  0.00E+00 -2.04E-02    0    0
    2   15 -2.79E-02  0.00E+00  0.00E+00  0.00E+00 -2.79E-02    0    0
    2   14 -3.60E-02  0.00E+00  0.00E+00  0.00E+00 -3.60E-02    0    0
    2   13 -4.54E-02  0.00E+00  0.00E+00  0.00E+00 -4.54E-02    0    0
    2   12 -5.67E-02  0.00E+00  0.00E+00  0.00E+00 -5.67E-02    0    0
    2   11 -6.90E-02  0.00E+00  0.00E+00  0.00E+00 -6.90E-02    0    0
    2   10 -8.10E-02  0.00E+00  0.00E+00  0.00E+00 -8.10E-02    0    0
    2    9 -9.36E-02  0.00E+00  0.00E+00  0.00E+00 -9.36E-02    0    0
    2    8 -1.19E-01  0.00E+00  0.00E+00  0.00E+00 -1.19E-01    0    0
    2    7 -1.29E-01  0.00E+00  0.00E+00  0.00E+00 -1.29E-01    0    0
    2    6 -1.24E-01  0.00E+00  0.00E+00  0.00E+00 -1.24E-01    0    0
    2    5 -1.15E-01  0.00E+00  0.00E+00  0.00E+00 -1.15E-01    0    0
    2    4 -1.08E-01  0.00E+00  0.00E+00  0.00E+00 -1.08E-01    0    0
    2    3 -1.05E-01  0.00E+00  0.00E+00  0.00E+00 -1.05E-01    0    0
    2    2 -1.09E-01  0.00E+00  0.00E+00  0.00E+00 -1.09E-01    0    0
    2    1 -2.89E-01  0.00E+00  0.00E+00  0.00E+00 -2.89E-01    0    0
    3   70  1.75E-06  0.00E+00  0.00E+00  0.00E+00  1.75E-06    0    0
    3   69  2.26E-06  0.00E+00  0.00E+00  0.00E+00  2.26E-06    0    0
    3   68  2.96E-06  0.00E+00  0.00E+00  0.00E+00  2.96E-06    0    0
    3   67  3.73E-06  0.00E+00  0.00E+00  0.00E+00  3.73E-06    0    0
    3   66  4.52E-06  0.00E+00  0.00E+00  0.00E+00  4.52E-06    0    0
    3   65  5.33E-06  0.00E+00  0.00E+00  0.00E+00  5.33E-06    0    0
    3   64  6.31E-06  0.00E+00  0.00E+00  0.00E+00  6.31E-06    0    0
    3   63  7.56E-06  0.00E+00  0.00E+00  0.00E+00  7.56E-06    0    0
    3   62  9.00E-06  0.00E+00  0.00E+00  0.00E+00  9.00E-06    0    0
    3   61  1.03E-05  0.00E+00  0.00E+00  0.00E+00  1.03E-05    0    0
    3   60  1.06E-05  0.00E+00  0.00E+00  0.00E+00  1.06E-05    0    0
    3   59  8.90E-06  0.00E+00  0.00E+00  0.00E+00  8.90E-06    0    0
    3   58  5.14E-06  0.00E+00  0.00E+00  0.00E+00  5.14E-06    0    0
    3   57  1.28E-06  0.00E+00  0.00E+00  0.00E+00  1.28E-06    0    0
    3   56 -5.38E-07  0.00E+00  0.00E+00  0.00E+00 -5.38E-07    0    0
    3   55 -2.68E-06  0.00E+00  0.00E+00  0.00E+00 -2.68E-06    0    0
    3   54 -1.90E-05  0.00E+00  0.00E+00  0.00E+00 -1.90E-05    0    0
    3   53 -7.69E-05  0.00E+00  0.00E+00  0.00E+00 -7.69E-05    0    0
    3   52 -2.22E-04  0.00E+00  0.00E+00  0.00E+00 -2.22E-04    0    0
    3   51 -5.21E-04  0.00E+00  0.00E+00  0.00E+00 -5.21E-04    0    0
    3   50 -1.04E-03  0.00E+00  0.00E+00  0.00E+00 -1.04E-03    0    0
    3   49 -1.78E-03  0.00E+00  0.00E+00  0.00E+00 -1.78E-03    0    0
    3   48 -2.65E-03  0.00E+00  0.00E+00  0.00E+00 -2.65E-03    0    0
    3   47 -3.45E-03  0.00E+00  0.00E+00  0.00E+00 -3.45E-03    0    0
    3   46 -4.08E-03  0.00E+00  0.00E+00  0.00E+00 -4.08E-03    0    0
    3   45 -4.51E-03  0.00E+00  0.00E+00  0.00E+00 -4.51E-03    0    0
    3   44 -4.75E-03  0.00E+00  0.00E+00  0.00E+00 -4.75E-03    0    0
    3   43 -4.81E-03  0.00E+00  0.00E+00  0.00E+00 -4.81E-03    0    0
    3   42 -4.66E-03  0.00E+00  0.00E+00  0.00E+00 -4.66E-03    0    0
    3   41 -4.31E-03  0.00E+00  0.00E+00  0.00E+00 -4.31E-03    0    0
    3   40 -3.81E-03  0.00E+00  0.00E+00  0.00E+00 -3.81E-03    0    0
    3   39 -3.22E-03  0.00E+00  0.00E+00  0.00E+00 -3.22E-03    0    0
    3   38 -2.59E-03  0.00E+00  0.00E+00  0.00E+00 -2.59E-03    0    0
    3   37 -1.99E-03  0.00E+00  0.00E+00  0.00E+00 -1.99E-03    0    0
    3   36 -1.45E-03  0.00E+00  0.00E+00  0.00E+00 -1.45E-03    0    0
    3   35 -1.15E-03  0.00E+00  0.00E+00  0.00E+00 -1.15E-03    0    0
    3   34 -1.16E-03  0.00E+00  0.00E+00  0.00E+00 -1.16E-03    0    0
    3   33 -1.62E-03  0.00E+00  0.00E+00  0.00E+00 -1.62E-03    0    0
    3   32 -2.56E-03  0.00E+00  0.00E+00  0.00E+00 -2.56E-03    0    0
    3   31 -3.64E-03  0.00E+00  0.00E+00  0.00E+00 -3.64E-03    0    0
    3   30 -3.94E-03  0.00E+00  0.00E+00  0.00E+00 -3.94E-03    0    0
    3   29 -2.91E-03  0.00E+00  0.00E+00  0.00E+00 -2.91E-03    0    0
    3   28 -1.72E-03  0.00E+00  0.00E+00  0.00E+00 -1.72E-03    0    0
    3   27 -1.68E-03  0.00E+00  0.00E+00  0.00E+00 -1.68E-03    0    0
    3   26 -2.52E-03  0.00E+00  0.00E+00  0.00E+00 -2.52E-03    0    0
    3   25 -3.62E-03  0.00E+00  0.00E+00  0.00E+00 -3.62E-03    0    0
    3   24 -4.65E-03  0.00E+00  0.00E+00  0.00E+00 -4.65E-03    0    0
    3   23 -5.05E-03  0.00E+00  0.00E+00  0.00E+00 -5.05E-03    0    0
    3   22 -4.51E-03  0.00E+00  0.00E+00  0.00E+00 -4.51E-03    0    0
    3   21 -2.95E-03  0.00E+00  0.00E+00  0.00E+00 -2.95E-03    0    0
    3   20 -7.02E-04  0.00E+00  0.00E+00  0.00E+00 -7.02E-04    0    0
    3   19  1.48E-03  0.00E+00  0.00E+00  0.00E+00  1.48E-03    0    0
    3   18  3.16E-03  0.00E+00  0.00E+00  0.00E+00  3.16E-03    0    0
    3   17  2.60E-03  0.00E+00  0.00E+00  0.00E+00  2.60E-03    0    0
    3   16 -2.88E-04  0.00E+00  0.00E+00  0.00E+00 -2.88E-04    0    0
    3   15 -3.47E-03  0.00E+00  0.00E+00  0.00E+00 -3.47E-03    0    0
    3   14 -6.49E-03  0.00E+00  0.00E+00  0.00E+00 -6.49E-03    0    0
    3   13 -8.65E-03  0.00E+00  0.00E+00  0.00E+00 -8.65E-03    0    0
    3   12 -9.28E-03  0.00E+00  0.00E+00  0.00E+00 -9.28E-03    0    0
    3   11 -8.31E-03  0.00E+00  0.00E+00  0.00E+00 -8.31E-03    0    0
    3   10 -6.59E-03  0.00E+00  0.00E+00  0.00E+00 -6.59E-03    0    0
    3    9 -3.17E-03  0.00E+00  0.00E+00  0.00E+00 -3.17E-03    0    0
    3    8  4.55E-03  0.00E+00  0.00E+00  0.00E+00  4.55E-03    0    0
    3    7 -9.42E-04  0.00E+00  0.00E+00  0.00E+00 -9.42E-04    0    0
    3    6 -7.30E-03  0.00E+00  0.00E+00  0.00E+00 -7.30E-03    0    0
    3    5 -6.86E-03  0.00E+00  0.00E+00  0.00E+00 -6.86E-03    0    0
    3    4 -1.94E-02  0.00E+00  0.00E+00  0.00E+00 -1.94E-02    0    0
    3    3 -2.86E-02  0.00E+00  0.00E+00  0.00E+00 -2.86E-02    0    0
    3    2 -3.27E-02  0.00E+00  0.00E+00  0.00E+00 -3.27E-02    0    0
    3    1 -5.41E-03  0.00E+00  0.00E+00  0.00E+00 -5.41E-03    0    0
    4   70 -4.39E-08  0.00E+00  0.00E+00  0.00E+00 -4.39E-08    0    0
    4   69 -5.79E-08  0.00E+00  0.00E+00  0.00E+00 -5.79E-08    0    0
    4   68 -7.43E-08  0.00E+00  0.00E+00  0.00E+00 -7.43E-08    0    0
    4   67 -9.15E-08  0.00E+00  0.00E+00  0.00E+00 -9.15E-08    0    0
    4   66 -1.07E-07  0.00E+00  0.00E+00  0.00E+00 -1.07E-07    0    0
    4   65 -1.18E-07  0.00E+00  0.00E+00  0.00E+00 -1.18E-07    0    0
    4   64 -1.16E-07  0.00E+00  0.00E+00  0.00E+00 -1.16E-07    0    0
    4   63 -8.83E-08  0.00E+00  0.00E+00  0.00E+00 -8.83E-08    0    0
    4   62 -3.45E-09  0.00E+00  0.00E+00  0.00E+00 -3.45E-09    0    0
    4   61  1.81E-07  0.00E+00  0.00E+00  0.00E+00  1.81E-07    0    0
    4   60  4.82E-07  0.00E+00  0.00E+00  0.00E+00  4.82E-07    0    0
    4   59  8.52E-07  0.00E+00  0.00E+00  0.00E+00  8.52E-07    0    0
    4   58  1.31E-06  0.00E+00  0.00E+00  0.00E+00  1.31E-06    0    0
    4   57  2.29E-06  0.00E+00  0.00E+00  0.00E+00  2.29E-06    0    0
    4   56  4.46E-06  0.00E+00  0.00E+00  0.00E+00  4.46E-06    0    0
    4   55  7.62E-06  0.00E+00  0.00E+00  0.00E+00  7.62E-06    0    0
    4   54  8.99E-06  0.00E+00  0.00E+00  0.00E+00  8.99E-06    0    0
    4   53  3.12E-06  0.00E+00  0.00E+00  0.00E+00  3.12E-06    0    0
    4   52 -1.90E-05  0.00E+00  0.00E+00  0.00E+00 -1.90E-05    0    0
    4   51 -7.15E-05  0.00E+00  0.00E+00  0.00E+00 -7.15E-05    0    0
    4   50 -1.70E-04  0.00E+00  0.00E+00  0.00E+00 -1.70E-04    0    0
    4   49 -3.17E-04  0.00E+00  0.00E+00  0.00E+00 -3.17E-04    0    0
    4   48 -4.90E-04  0.00E+00  0.00E+00  0.00E+00 -4.90E-04    0    0
    4   47 -6.51E-04  0.00E+00  0.00E+00  0.00E+00 -6.51E-04    0    0
    4   46 -7.71E-04  0.00E+00  0.00E+00  0.00E+00 -7.71E-04    0    0
    4   45 -8.46E-04  0.00E+00  0.00E+00  0.00E+00 -8.46E-04    0    0
    4   44 -8.73E-04  0.00E+00  0.00E+00  0.00E+00 -8.73E-04    0    0
    4   43 -8.54E-04  0.00E+00  0.00E+00  0.00E+00 -8.54E-04    0    0
    4   42 -7.93E-04  0.00E+00  0.00E+00  0.00E+00 -7.93E-04    0    0
    4   41 -7.05E-04  0.00E+00  0.00E+00  0.00E+00 -7.05E-04    0    0
    4   40 -6.11E-04  0.00E+00  0.00E+00  0.00E+00 -6.11E-04    0    0
    4   39 -5.23E-04  0.00E+00  0.00E+00  0.00E+00 -5.23E-04    0    0
    4   38 -4.49E-04  0.00E+00  0.00E+00  0.00E+00 -4.49E-04    0    0
    4   37 -3.92E-04  0.00E+00  0.00E+00  0.00E+00 -3.92E-04    0    0
    4   36 -3.52E-04  0.00E+00  0.00E+00  0.00E+00 -3.52E-04    0    0
    4   35 -3.30E-04  0.00E+00  0.00E+00  0.00E+00 -3.30E-04    0    0
    4   34 -3.24E-04  0.00E+00  0.00E+00  0.00E+00 -3.24E-04    0    0
    4   33 -3.42E-04  0.00E+00  0.00E+00  0.00E+00 -3.42E-04    0    0
    4   32 -3.89E-04  0.00E+00  0.00E+00  0.00E+00 -3.89E-04    0    0
    4   31 -4.52E-04  0.00E+00  0.00E+00  0.00E+00 -4.52E-04    0    0
    4   30 -4.61E-04  0.00E+00  0.00E+00  0.00E+00 -4.61E-04    0    0
    4   29 -3.75E-04  0.00E+00  0.00E+00  0.00E+00 -3.75E-04    0    0
    4   28 -2.91E-04  0.00E+00  0.00E+00  0.00E+00 -2.91E-04    0    0
    4   27 -2.88E-04  0.00E+00  0.00E+00  0.00E+00 -2.88E-04    0    0
    4   26 -3.39E-04  0.00E+00  0.00E+00  0.00E+00 -3.39E-04    0    0
    4   25 -4.11E-04  0.00E+00  0.00E+00  0.00E+00 -4.11E-04    0    0
    4   24 -4.86E-04  0.00E+00  0.00E+00  0.00E+00 -4.86E-04    0    0
    4   23 -5.14E-04  0.00E+00  0.00E+00  0.00E+00 -5.14E-04    0    0
    4   22 -4.57E-04  0.00E+00  0.00E+00  0.00E+00 -4.57E-04    0    0
    4   21 -3.15E-04  0.00E+00  0.00E+00  0.00E+00 -3.15E-04    0    0
    4   20 -1.44E-04  0.00E+00  0.00E+00  0.00E+00 -1.44E-04    0    0
    4   19 -2.35E-05  0.00E+00  0.00E+00  0.00E+00 -2.35E-05    0    0
    4   18  1.07E-04  0.00E+00  0.00E+00  0.00E+00  1.07E-04    0    0
    4   17  1.32E-04  0.00E+00  0.00E+00  0.00E+00  1.32E-04    0    0
    4   16 -9.36E-05  0.00E+00  0.00E+00  0.00E+00 -9.36E-05    0    0
    4   15 -4.64E-04  0.00E+00  0.00E+00  0.00E+00 -4.64E-04    0    0
    4   14 -9.44E-04  0.00E+00  0.00E+00  0.00E+00 -9.44E-04    0    0
    4   13 -1.31E-03  0.00E+00  0.00E+00  0.00E+00 -1.31E-03    0    0
    4   12 -1.33E-03  0.00E+00  0.00E+00  0.00E+00 -1.33E-03    0    0
    4   11 -9.80E-04  0.00E+00  0.00E+00  0.00E+00 -9.80E-04    0    0
    4   10 -4.51E-04  0.00E+00  0.00E+00  0.00E+00 -4.51E-04    0    0
    4    9  3.72E-04  0.00E+00  0.00E+00  0.00E+00  3.72E-04    0    0
    4    8  1.75E-03  0.00E+00  0.00E+00  0.00E+00  1.75E-03    0    0
    4    7  1.11E-03  0.00E+00  0.00E+00  0.00E+00  1.11E-03    0    0
    4    6  5.99E-04  0.00E+00  0.00E+00  0.00E+00  5.99E-04    0    0
    4    5  1.01E-03  0.00E+00  0.00E+00  0.00E+00  1.01E-03    0    0
    4    4  1.20E-03  0.00E+00  0.00E+00  0.00E+00  1.20E-03    0    0
    4    3  1.42E-03  0.00E+00  0.00E+00  0.00E+00  1.42E-03    0    0
    4    2  1.86E-03  0.00E+00  0.00E+00  0.00E+00  1.86E-03    0    0
    4    1  3.74E-03  0.00E+00  0.00E+00  0.00E+00  3.74E-03    0    0
    5   70  6.59E-10  0.00E+00  0.00E+00  0.00E+00  6.59E-10    0    0
    5   69  7.25E-10  0.00E+00  0.00E+00  0.00E+00  7.25E-10    0    0
    5   68  6.40E-10  0.00E+00  0.00E+00  0.00E+00  6.40E-10    0    0
    5   67  2.37E-10  0.00E+00  0.00E+00  0.00E+00  2.37E-10    0    0
    5   66 -7.15E-10  0.00E+00  0.00E+00  0.00E+00 -7.15E-10    0    0
    5   65 -2.49E-09  0.00E+00  0.00E+00  0.00E+00 -2.49E-09    0    0
    5   64 -5.44E-09  0.00E+00  0.00E+00  0.00E+00 -5.44E-09    0    0
    5   63 -9.97E-09  0.00E+00  0.00E+00  0.00E+00 -9.97E-09    0    0
    5   62 -1.58E-08  0.00E+00  0.00E+00  0.00E+00 -1.58E-08    0    0
    5   61 -2.00E-08  0.00E+00  0.00E+00  0.00E+00 -2.00E-08    0    0
    5   60 -1.63E-08  0.00E+00  0.00E+00  0.00E+00 -1.63E-08    0    0
    5   59 -1.47E-09  0.00E+00  0.00E+00  0.00E+00 -1.47E-09    0    0
    5   58  3.94E-08  0.00E+00  0.00E+00  0.00E+00  3.94E-08    0    0
    5   57  2.13E-07  0.00E+00  0.00E+00  0.00E+00  2.13E-07    0    0
    5   56  7.25E-07  0.00E+00  0.00E+00  0.00E+00  7.25E-07    0    0
    5   55  1.63E-06  0.00E+00  0.00E+00  0.00E+00  1.63E-06    0    0
    5   54  2.47E-06  0.00E+00  0.00E+00  0.00E+00  2.47E-06    0    0
    5   53  2.28E-06  0.00E+00  0.00E+00  0.00E+00  2.28E-06    0    0
    5   52 -5.59E-07  0.00E+00  0.00E+00  0.00E+00 -5.59E-07    0    0
    5   51 -8.88E-06  0.00E+00  0.00E+00  0.00E+00 -8.88E-06    0    0
    5   50 -2.60E-05  0.00E+00  0.00E+00  0.00E+00 -2.60E-05    0    0
    5   49 -5.29E-05  0.00E+00  0.00E+00  0.00E+00 -5.29E-05    0    0
    5   48 -8.52E-05  0.00E+00  0.00E+00  0.00E+00 -8.52E-05    0    0
    5   47 -1.15E-04  0.00E+00  0.00E+00  0.00E+00 -1.15E-04    0    0
    5   46 -1.37E-04  0.00E+00  0.00E+00  0.00E+00 -1.37E-04    0    0
    5   45 -1.48E-04  0.00E+00  0.00E+00  0.00E+00 -1.48E-04    0    0
    5   44 -1.49E-04  0.00E+00  0.00E+00  0.00E+00 -1.49E-04    0    0
    5   43 -1.41E-04  0.00E+00  0.00E+00  0.00E+00 -1.41E-04    0    0
    5   42 -1.28E-04  0.00E+00  0.00E+00  0.00E+00 -1.28E-04    0    0
    5   41 -1.13E-04  0.00E+00  0.00E+00  0.00E+00 -1.13E-04    0    0
    5   40 -9.89E-05  0.00E+00  0.00E+00  0.00E+00 -9.89E-05    0    0
    5   39 -8.73E-05  0.00E+00  0.00E+00  0.00E+00 -8.73E-05    0    0
    5   38 -7.83E-05  0.00E+00  0.00E+00  0.00E+00 -7.83E-05    0    0
    5   37 -7.16E-05  0.00E+00  0.00E+00  0.00E+00 -7.16E-05    0    0
    5   36 -6.70E-05  0.00E+00  0.00E+00  0.00E+00 -6.70E-05    0    0
    5   35 -6.38E-05  0.00E+00  0.00E+00  0.00E+00 -6.38E-05    0    0
    5   34 -6.18E-05  0.00E+00  0.00E+00  0.00E+00 -6.18E-05    0    0
    5   33 -6.11E-05  0.00E+00  0.00E+00  0.00E+00 -6.11E-05    0    0
    5   32 -6.20E-05  0.00E+00  0.00E+00  0.00E+00 -6.20E-05    0    0
    5   31 -6.40E-05  0.00E+00  0.00E+00  0.00E+00 -6.40E-05    0    0
    5   30 -6.34E-05  0.00E+00  0.00E+00  0.00E+00 -6.34E-05    0    0
    5   29 -5.77E-05  0.00E+00  0.00E+00  0.00E+00 -5.77E-05    0    0
    5   28 -5.26E-05  0.00E+00  0.00E+00  0.00E+00 -5.26E-05    0    0
    5   27 -5.21E-05  0.00E+00  0.00E+00  0.00E+00 -5.21E-05    0    0
    5   26 -5.46E-05  0.00E+00  0.00E+00  0.00E+00 -5.46E-05    0    0
    5   25 -5.82E-05  0.00E+00  0.00E+00  0.00E+00 -5.82E-05    0    0
    5   24 -6.20E-05  0.00E+00  0.00E+00  0.00E+00 -6.20E-05    0    0
    5   23 -6.30E-05  0.00E+00  0.00E+00  0.00E+00 -6.30E-05    0    0
    5   22 -5.92E-05  0.00E+00  0.00E+00  0.00E+00 -5.92E-05    0    0
    5   21 -5.03E-05  0.00E+00  0.00E+00  0.00E+00 -5.03E-05    0    0
    5   20 -3.96E-05  0.00E+00  0.00E+00  0.00E+00 -3.96E-05    0    0
    5   19 -3.37E-05  0.00E+00  0.00E+00  0.00E+00 -3.37E-05    0    0
    5   18 -2.01E-05  0.00E+00  0.00E+00  0.00E+00 -2.01E-05    0    0
    5   17 -1.03E-05  0.00E+00  0.00E+00  0.00E+00 -1.03E-05    0    0
    5   16 -2.98E-05  0.00E+00  0.00E+00  0.00E+00 -2.98E-05    0    0
    5   15 -7.06E-05  0.00E+00  0.00E+00  0.00E+00 -7.06E-05    0    0
    5   14 -1.38E-04  0.00E+00  0.00E+00  0.00E+00 -1.38E-04    0    0
    5   13 -1.94E-04  0.00E+00  0.00E+00  0.00E+00 -1.94E-04    0    0
    5   12 -1.94E-04  0.00E+00  0.00E+00  0.00E+00 -1.94E-04    0    0
    5   11 -1.33E-04  0.00E+00  0.00E+00  0.00E+00 -1.33E-04    0    0
    5   10 -4.03E-05  0.00E+00  0.00E+00  0.00E+00 -4.03E-05    0    0
    5    9  8.21E-05  0.00E+00  0.00E+00  0.00E+00  8.21E-05    0    0
    5    8  2.18E-04  0.00E+00  0.00E+00  0.00E+00  2.18E-04    0    0
    5    7  1.67E-04  0.00E+00  0.00E+00  0.00E+00  1.67E-04    0    0
    5    6  1.11E-04  0.00E+00  0.00E+00  0.00E+00  1.11E-04    0    0
    5    5  1.17E-04  0.00E+00  0.00E+00  0.00E+00  1.17E-04    0    0
    5    4  1.16E-04  0.00E+00  0.00E+00  0.00E+00  1.16E-04    0    0
    5    3  1.12E-04  0.00E+00  0.00E+00  0.00E+00  1.12E-04    0    0
    5    2  1.12E-04  0.00E+00  0.00E+00  0.00E+00  1.12E-04    0    0
    5    1  1.40E-04  0.00E+00  0.00E+00  0.00E+00  1.40E-04    0    0
    6   70 -6.61E-11  0.00E+00  0.00E+00  0.00E+00 -6.61E-11    0    0
    6   69 -9.56E-11  0.00E+00  0.00E+00  0.00E+00 -9.56E-11    0    0
    6   68 -1.43E-10  0.00E+00  0.00E+00  0.00E+00 -1.43E-10    0    0
    6   67 -2.21E-10  0.00E+00  0.00E+00  0.00E+00 -2.21E-10    0    0
    6   66 -3.54E-10  0.00E+00  0.00E+00  0.00E+00 -3.54E-10    0    0
    6   65 -5.78E-10  0.00E+00  0.00E+00  0.00E+00 -5.78E-10    0    0
    6   64 -9.56E-10  0.00E+00  0.00E+00  0.00E+00 -9.56E-10    0    0
    6   63 -1.62E-09  0.00E+00  0.00E+00  0.00E+00 -1.62E-09    0    0
    6   62 -2.86E-09  0.00E+00  0.00E+00  0.00E+00 -2.86E-09    0    0
    6   61 -5.06E-09  0.00E+00  0.00E+00  0.00E+00 -5.06E-09    0    0
    6   60 -8.56E-09  0.00E+00  0.00E+00  0.00E+00 -8.56E-09    0    0
    6   59 -1.43E-08  0.00E+00  0.00E+00  0.00E+00 -1.43E-08    0    0
    6   58 -2.21E-08  0.00E+00  0.00E+00  0.00E+00 -2.21E-08    0    0
    6   57 -1.23E-08  0.00E+00  0.00E+00  0.00E+00 -1.23E-08    0    0
    6   56  6.46E-08  0.00E+00  0.00E+00  0.00E+00  6.46E-08    0    0
    6   55  2.40E-07  0.00E+00  0.00E+00  0.00E+00  2.40E-07    0    0
    6   54  4.45E-07  0.00E+00  0.00E+00  0.00E+00  4.45E-07    0    0
    6   53  5.20E-07  0.00E+00  0.00E+00  0.00E+00  5.20E-07    0    0
    6   52  1.91E-07  0.00E+00  0.00E+00  0.00E+00  1.91E-07    0    0
    6   51 -1.09E-06  0.00E+00  0.00E+00  0.00E+00 -1.09E-06    0    0
    6   50 -4.03E-06  0.00E+00  0.00E+00  0.00E+00 -4.03E-06    0    0
    6   49 -8.87E-06  0.00E+00  0.00E+00  0.00E+00 -8.87E-06    0    0
    6   48 -1.48E-05  0.00E+00  0.00E+00  0.00E+00 -1.48E-05    0    0
    6   47 -2.02E-05  0.00E+00  0.00E+00  0.00E+00 -2.02E-05    0    0
    6   46 -2.39E-05  0.00E+00  0.00E+00  0.00E+00 -2.39E-05    0    0
    6   45 -2.54E-05  0.00E+00  0.00E+00  0.00E+00 -2.54E-05    0    0
    6   44 -2.51E-05  0.00E+00  0.00E+00  0.00E+00 -2.51E-05    0    0
    6   43 -2.34E-05  0.00E+00  0.00E+00  0.00E+00 -2.34E-05    0    0
    6   42 -2.11E-05  0.00E+00  0.00E+00  0.00E+00 -2.11E-05    0    0
    6   41 -1.86E-05  0.00E+00  0.00E+00  0.00E+00 -1.86E-05    0    0
    6   40 -1.64E-05  0.00E+00  0.00E+00  0.00E+00 -1.64E-05    0    0
    6   39 -1.47E-05  0.00E+00  0.00E+00  0.00E+00 -1.47E-05    0    0
    6   38 -1.34E-05  0.00E+00  0.00E+00  0.00E+00 -1.34E-05    0    0
    6   37 -1.24E-05  0.00E+00  0.00E+00  0.00E+00 -1.24E-05    0    0
    6   36 -1.16E-05  0.00E+00  0.00E+00  0.00E+00 -1.16E-05    0    0
    6   35 -1.11E-05  0.00E+00  0.00E+00  0.00E+00 -1.11E-05    0    0
    6   34 -1.07E-05  0.00E+00  0.00E+00  0.00E+00 -1.07E-05    0    0
    6   33 -1.04E-05  0.00E+00  0.00E+00  0.00E+00 -1.04E-05    0    0
    6   32 -1.02E-05  0.00E+00  0.00E+00  0.00E+00 -1.02E-05    0    0
    6   31 -1.01E-05  0.00E+00  0.00E+00  0.00E+00 -1.01E-05    0    0
    6   30 -9.97E-06  0.00E+00  0.00E+00  0.00E+00 -9.97E-06    0    0
    6   29 -9.55E-06  0.00E+00  0.00E+00  0.00E+00 -9.55E-06    0    0
    6   28 -9.19E-06  0.00E+00  0.00E+00  0.00E+00 -9.19E-06    0    0
    6   27 -9.09E-06  0.00E+00  0.00E+00  0.00E+00 -9.09E-06    0    0
    6   26 -9.15E-06  0.00E+00  0.00E+00  0.00E+00 -9.15E-06    0    0
    6   25 -9.28E-06  0.00E+00  0.00E+00  0.00E+00 -9.28E-06    0    0
    6   24 -9.43E-06  0.00E+00  0.00E+00  0.00E+00 -9.43E-06    0    0
    6   23 -9.40E-06  0.00E+00  0.00E+00  0.00E+00 -9.40E-06    0    0
    6   22 -9.11E-06  0.00E+00  0.00E+00  0.00E+00 -9.11E-06    0    0
    6   21 -8.52E-06  0.00E+00  0.00E+00  0.00E+00 -8.52E-06    0    0
    6   20 -7.78E-06  0.00E+00  0.00E+00  0.00E+00 -7.78E-06    0    0
    6   19 -7.68E-06  0.00E+00  0.00E+00  0.00E+00 -7.68E-06    0    0
    6   18 -6.25E-06  0.00E+00  0.00E+00  0.00E+00 -6.25E-06    0    0
    6   17 -4.29E-06  0.00E+00  0.00E+00  0.00E+00 -4.29E-06    0    0
    6   16 -5.76E-06  0.00E+00  0.00E+00  0.00E+00 -5.76E-06    0    0
    6   15 -1.01E-05  0.00E+00  0.00E+00  0.00E+00 -1.01E-05    0    0
    6   14 -1.97E-05  0.00E+00  0.00E+00  0.00E+00 -1.97E-05    0    0
    6   13 -2.85E-05  0.00E+00  0.00E+00  0.00E+00 -2.85E-05    0    0
    6   12 -2.84E-05  0.00E+00  0.00E+00  0.00E+00 -2.84E-05    0    0
    6   11 -1.83E-05  0.00E+00  0.00E+00  0.00E+00 -1.83E-05    0    0
    6   10 -3.30E-06  0.00E+00  0.00E+00  0.00E+00 -3.30E-06    0    0
    6    9  1.33E-05  0.00E+00  0.00E+00  0.00E+00  1.33E-05    0    0
    6    8  2.58E-05  0.00E+00  0.00E+00  0.00E+00  2.58E-05    0    0
    6    7  2.18E-05  0.00E+00  0.00E+00  0.00E+00  2.18E-05    0    0
    6    6  1.61E-05  0.00E+00  0.00E+00  0.00E+00  1.61E-05    0    0
    6    5  1.46E-05  0.00E+00  0.00E+00  0.00E+00  1.46E-05    0    0
    6    4  1.33E-05  0.00E+00  0.00E+00  0.00E+00  1.33E-05    0    0
    6    3  1.17E-05  0.00E+00  0.00E+00  0.00E+00  1.17E-05    0    0
    6    2  1.06E-05  0.00E+00  0.00E+00  0.00E+00  1.06E-05    0    0
    6    1  1.04E-05  0.00E+00  0.00E+00  0.00E+00  1.04E-05    0    0
