       249.8271 7.20486251E-11
       264.1560 9.24887914E-10
       280.2286 1.18171419E-08
       298.3839 1.49641141E-07
       319.0545 1.86971444E-06
       342.8022 2.29418273E-05
       370.3694 2.75040277E-04
       402.7581 3.20417530E-03
       441.3544 3.60717118E-02
       488.1320 3.90473694E-01
       546.0008 4.05402932E+00
       568.4649 8.76496135E+00
       592.8568 1.88731804E+01
       619.4358 4.04904677E+01
       648.5098 8.65950688E+01
       680.4475 1.84716587E+02
       715.6939 3.93201534E+02
       754.7911 8.35558479E+02
       798.4069 1.77258793E+03
       842.0643 3.47113424E+03
       847.3725 3.75234351E+03
       852.7850 4.05005911E+03
       855.5180 4.20811832E+03
       864.1429 4.74280872E+03
       866.6404 4.90827671E+03
       867.2133 4.94692533E+03
       867.9244 4.99526953E+03
       868.8222 5.05689415E+03
       869.9786 5.13723521E+03
       871.5038 5.24487804E+03
       873.5736 5.39407683E+03
       875.1447 5.50975908E+03
       876.4838 5.61003447E+03
       878.4484 5.75999406E+03
       879.0290 5.80496758E+03
       879.7498 5.86121599E+03
       880.6599 5.93290436E+03
       880.7635 5.94111358E+03
       881.8320 6.02634605E+03
       882.0565 6.04438348E+03
       883.3780 6.15150708E+03
       883.9312 6.19683307E+03
       885.4760 6.32492311E+03
       887.4105 6.48850834E+03
       888.4258 6.57580586E+03
       890.5825 6.76456154E+03
       891.1712 6.81687460E+03
       891.9019 6.88229353E+03
       892.7638 6.96014297E+03
       892.8246 6.96565533E+03
       894.0129 7.07428884E+03
       895.5802 7.21975719E+03
       896.7762 7.33246701E+03
       897.3689 7.38887647E+03
       897.7072 7.42123209E+03
       898.1048 7.45941252E+03
       898.7085 7.51771456E+03
       899.0338 7.54928632E+03
       899.5205 7.59673440E+03
       900.2304 7.66639197E+03
       900.6978 7.71254339E+03
       901.8086 7.82318100E+03
       902.7365 7.91662647E+03
       903.0566 7.96120533E+03
       903.6535 8.04494979E+03
       903.9504 8.08690645E+03
       904.3945 8.15003389E+03
       905.0957 8.25064834E+03
       905.3300 8.28451872E+03
       906.2299 8.41579783E+03
       906.5350 8.46074125E+03
       906.8289 8.50423201E+03
       906.9618 8.52396646E+03
       907.5725 8.61519145E+03
       908.1243 8.69838487E+03
       908.5113 8.75718563E+03
       909.4256 8.89752130E+03
       909.7206 8.94322326E+03
       910.0267 8.99087698E+03
       910.2811 9.03063463E+03
       910.2942 9.03268708E+03
       910.7729 9.10797459E+03
       910.9728 9.13956529E+03
       911.0319 9.14893327E+03
       911.3154 9.19389333E+03
       911.3903 9.20581432E+03
       911.6341 9.24468337E+03
       911.7151 9.25761366E+03
       911.9657 9.29772173E+03
       912.3816 9.37491208E+03
       912.6439 9.51720903E+03
       912.9286 9.94396171E+03
       913.2471 1.09064849E+04
       913.3135 1.11839885E+04
       913.3254 1.12365980E+04
       913.4520 1.18547044E+04
       913.4798 1.20038753E+04
       913.9960 1.56901912E+04
       914.0558 1.62220661E+04
       914.2616 1.81914657E+04
       914.5290 2.10084804E+04
       914.5411 2.11414002E+04
       914.6669 2.25500351E+04
       914.8053 2.40830589E+04
       914.8659 2.47555544E+04
       914.9415 2.55831811E+04
       915.0726 2.70034880E+04
       915.2715 2.86340973E+04
       915.2756 2.86621588E+04
       915.4787 2.79559446E+04
       915.5767 2.46287117E+04
       915.5802 2.45252584E+04
       915.6161 2.05011322E+04
       915.6775 1.63499951E+04
       915.6818 1.61327895E+04
       915.7326 1.08921538E+04
       915.7516 8.59991931E+03
       915.7834 6.90429486E+03
       915.8088 5.63880641E+03
       915.8343 5.45596791E+03
       915.8597 5.64250558E+03
       915.8806 6.59982679E+03
       915.8851 6.91211797E+03
       915.9359 1.08828821E+04
       915.9867 1.60100487E+04
       916.0220 1.79222959E+04
       916.0838 2.33764736E+04
       916.0884 2.38486426E+04
       916.1443 2.38846876E+04
       916.1593 2.38930350E+04
       916.1854 2.39061305E+04
       916.1901 2.33860445E+04
       916.2871 1.59550161E+04
       916.3379 1.04802180E+04
       916.3887 6.52448601E+03
       916.3936 6.15605282E+03
       916.4142 5.21045025E+03
       916.4283 5.04261237E+03
       916.4396 4.92172547E+03
       916.4650 5.21439903E+03
       916.4904 6.53542837E+03
       916.5229 8.19533023E+03
       916.5413 1.05646095E+04
       916.5633 1.22405188E+04
       916.5922 1.64133748E+04
       916.5971 1.66815846E+04
       916.6316 1.89439562E+04
       916.6939 2.61815118E+04
       916.7010 2.64224862E+04
       916.7957 3.03709526E+04
       916.8349 3.04828378E+04
       916.9367 2.66231085E+04
       916.9696 2.18328297E+04
       916.9705 2.17302874E+04
       916.9993 1.91111577E+04
       917.0045 1.87097100E+04
       917.0384 1.66136724E+04
       917.0893 1.04870833E+04
       917.1402 6.25279848E+03
       917.1656 4.86985696E+03
       917.1910 4.44655312E+03
       917.2030 4.62905465E+03
       917.2165 4.87360630E+03
       917.2419 6.26292642E+03
       917.2928 1.05382450E+04
       917.3437 1.68414288E+04
       917.3763 1.89862140E+04
       917.4123 2.26022513E+04
       917.4456 2.84830870E+04
       917.5474 3.58204411E+04
       917.5798 3.66025840E+04
       917.6107 3.67140356E+04
       917.7512 3.70077478E+04
       917.7654 3.67366807E+04
       917.7731 3.65912027E+04
       917.7832 3.64025270E+04
       917.7834 3.63996471E+04
       917.8852 2.90528545E+04
       917.9551 1.91695206E+04
       917.9870 1.70611523E+04
       918.0187 1.20738646E+04
       918.0380 1.06761797E+04
       918.0889 6.06755403E+03
       918.1144 4.59166934E+03
       918.1398 3.99174571E+03
       918.1653 4.59511370E+03
       918.1901 5.99938534E+03
       918.1908 6.07676246E+03
       918.2289 8.29314163E+03
       918.2418 1.07151434E+04
       918.2927 1.72004405E+04
       918.3183 1.88826759E+04
       918.3202 1.90242458E+04
       918.3631 2.35722644E+04
       918.3946 3.00383467E+04
       918.4966 3.93710218E+04
       918.5780 4.25660269E+04
       918.5973 4.34427999E+04
       918.7006 4.80026295E+04
       918.7714 4.82639791E+04
       918.8011 4.83459124E+04
       918.8358 4.67917223E+04
       918.9047 4.41209684E+04
       919.0050 4.02611959E+04
       919.0470 3.53401859E+04
       919.1069 3.06498023E+04
       919.2089 1.75234270E+04
       919.2599 1.09141256E+04
       919.3109 5.54173185E+03
       919.3131 5.29649788E+03
       919.3364 4.05147626E+03
       919.3619 3.62697569E+03
       919.3874 4.05450620E+03
       919.3922 4.21561423E+03
       919.4129 5.54992254E+03
       919.4639 1.09504660E+04
       919.5150 1.76459995E+04
       919.5893 2.49684148E+04
       919.6170 3.13585786E+04
       919.6544 3.43509824E+04
       919.7191 4.23659526E+04
       919.7219 4.24896277E+04
       919.7549 4.40521438E+04
       919.7998 4.64940676E+04
       919.9234 5.59433455E+04
       919.9451 5.64958585E+04
       920.1277 6.20076304E+04
       920.2077 6.25563637E+04
       920.4085 5.82055427E+04
       920.4118 5.81437423E+04
       920.5367 4.67922769E+04
       920.5405 4.65443574E+04
       920.6160 4.23947045E+04
       920.6875 3.20651590E+04
       920.7182 2.94755865E+04
       920.7597 1.93827785E+04
       920.8203 1.42293607E+04
       920.8714 8.14784320E+03
       920.9225 4.91457128E+03
       920.9460 4.14815286E+03
       920.9481 4.10147228E+03
       920.9736 3.78363782E+03
       920.9736 3.78363555E+03
       920.9981 4.08937260E+03
       920.9992 4.10456173E+03
       921.0247 4.92200244E+03
       921.0758 8.17354303E+03
       921.1269 1.43022331E+04
       921.2292 2.98149381E+04
       921.2960 3.68303022E+04
       921.3315 4.33818564E+04
       921.3607 4.50074002E+04
       921.3794 4.61619171E+04
       921.5361 6.31018879E+04
       921.5757 6.48391566E+04
       921.7408 7.46468983E+04
       921.7658 7.50894237E+04
       921.9843 7.91265516E+04
       922.0515 7.91050988E+04
       922.1505 7.90548943E+04
       922.3339 7.61060269E+04
       922.3932 7.52581445E+04
       922.5605 6.51433086E+04
       922.5870 6.39618707E+04
       922.5978 6.35026960E+04
       922.8025 4.39690622E+04
       922.9049 3.05262482E+04
       922.9435 2.03995163E+04
       923.0053 1.47623826E+04
       923.0073 1.46529530E+04
       923.0097 1.38115480E+04
       923.0585 8.17109776E+03
       923.1097 4.71361682E+03
       923.1353 3.77431634E+03
       923.1609 3.39282550E+03
       923.1865 3.77717744E+03
       923.2122 4.72077204E+03
       923.2634 8.19655385E+03
       923.3146 1.47220275E+04
       923.3817 2.10468978E+04
       923.4171 3.07784715E+04
       923.5196 4.45455374E+04
       923.5764 4.80565513E+04
       923.7003 6.08872981E+04
       923.7247 6.53805459E+04
       923.8271 7.12185097E+04
       923.9299 8.00817146E+04
       924.2044 8.91465941E+04
       924.2338 9.04533781E+04
       924.2459 9.10128868E+04
       924.3406 9.61771172E+04
       924.6458 1.00367467E+05
       924.6558 1.00373818E+05
       924.7516 1.00421043E+05
       924.7601 1.00322765E+05
       925.0558 9.72041979E+04
       925.1020 9.43284168E+04
       925.4660 8.07496278E+04
       925.5747 7.15972964E+04
       925.6444 6.75677557E+04
       925.6713 6.62364981E+04
       925.8541 4.71128902E+04
       925.8767 4.58273824E+04
       925.8784 4.54332689E+04
       925.8866 4.36316441E+04
       925.9794 3.19236894E+04
       926.0822 1.51903579E+04
       926.1335 8.25416617E+03
       926.1849 4.54204130E+03
       926.2106 3.43571931E+03
       926.2363 2.98624935E+03
       926.2562 3.31921289E+03
       926.2620 3.43834487E+03
       926.2877 4.54897317E+03
       926.3391 8.27984296E+03
       926.3905 1.52602861E+04
       926.3994 1.57982156E+04
       926.4934 3.21573707E+04
       926.5962 4.63017276E+04
       926.8020 6.74629103E+04
       927.0079 8.33651079E+04
       927.0157 8.36150856E+04
       927.4199 1.05959955E+05
       927.5097 1.08261959E+05
       927.5166 1.08450245E+05
       927.8323 1.19078574E+05
       927.9746 1.20640209E+05
       928.0149 1.21096095E+05
       928.0530 1.21532039E+05
       928.3379 1.24894533E+05
       928.6582 1.24706928E+05
       928.9787 1.21767647E+05
       929.1607 1.20293607E+05
       929.2098 1.18085350E+05
       929.4855 1.08972928E+05
       929.5726 1.06760342E+05
       929.5927 1.04816538E+05
       929.7125 9.62342547E+04
       929.9849 8.49954334E+04
       930.0099 8.22780465E+04
       930.1912 6.96829814E+04
       930.3549 5.10796667E+04
       930.3976 4.84463100E+04
       930.5008 3.38892342E+04
       930.6040 1.59336428E+04
       930.6557 8.42561779E+03
       930.7073 4.38889878E+03
       930.7331 3.08257004E+03
       930.7590 2.59795062E+03
       930.7848 3.08494924E+03
       930.8106 4.39563951E+03
       930.8388 5.35913512E+03
       930.8623 8.45182659E+03
       930.9139 1.60064825E+04
       931.0173 3.41279157E+04
       931.1206 4.89113024E+04
       931.1447 5.03824848E+04
       931.2928 6.45827612E+04
       931.3174 6.87279366E+04
       931.3274 7.07507285E+04
       931.5343 8.68886559E+04
       931.9483 1.11370900E+05
       932.3627 1.30373631E+05
       932.5570 1.34470702E+05
       932.8098 1.41054768E+05
       932.9405 1.45240376E+05
       933.0495 1.49121924E+05
       933.1926 1.55293011E+05
       934.0240 1.65715400E+05
       934.1918 1.66259812E+05
       934.5939 1.67516407E+05
       935.4229 1.58041443E+05
       935.6913 1.45516600E+05
       935.7199 1.44502482E+05
       936.1578 1.33248423E+05
       936.2533 1.31469560E+05
       936.3384 1.25876404E+05
       936.4105 1.22109227E+05
       936.5336 1.16981728E+05
       936.6690 1.12573257E+05
       937.0852 8.76375333E+04
       937.1062 8.49546106E+04
       937.2934 7.01577252E+04
       937.3645 5.72012220E+04
       937.5017 4.51904212E+04
       937.6058 2.74238419E+04
       937.7100 8.80243609E+03
       937.7622 4.26083107E+03
       937.8143 2.33720814E+03
       937.8664 4.26743457E+03
       937.9185 8.82977604E+03
       938.0228 2.75812053E+04
       938.0756 3.35744376E+04
       938.1271 4.55532445E+04
       938.3358 7.10539820E+04
       938.5445 8.91948218E+04
       938.9623 1.15860681E+05
       939.3242 1.32943853E+05
       939.3805 1.37323884E+05
       939.5300 1.41038104E+05
       939.8299 1.50751767E+05
       940.2179 1.74299046E+05
       940.3996 1.78730125E+05
       940.7289 1.88851851E+05
       940.9709 1.99059338E+05
       941.0569 2.03645854E+05
       942.5597 2.34301892E+05
       942.7393 2.39920605E+05
       943.1496 2.44385185E+05
       943.1827 2.44490775E+05
       943.2057 2.44563251E+05
       943.9561 2.46778381E+05
       944.1176 2.47223444E+05
       944.4277 2.47955095E+05
       944.5883 2.47488676E+05
       944.8182 2.46764982E+05
       944.9326 2.42204232E+05
       946.1903 2.13269685E+05
       946.3479 2.11093641E+05
       946.4927 2.09247590E+05
       947.3322 1.80523814E+05
       947.8228 1.56246474E+05
       947.8491 1.55437071E+05
       948.1732 1.47319255E+05
       948.2396 1.42546876E+05
       948.5942 1.26700388E+05
       949.0156 9.89302238E+04
       949.2265 7.93564373E+04
       949.4374 5.13832670E+04
       949.5430 3.11172236E+04
       949.5722 1.46942791E+04
       949.6485 9.54584285E+03
       949.7013 4.16793805E+03
       949.7540 2.43578162E+03
       949.8068 4.17463382E+03
       949.8596 9.57520065E+03
       949.9652 3.12935864E+04
       950.0708 5.17872410E+04
       950.1002 5.39623987E+04
       950.2822 8.03390815E+04
       950.4936 1.00605588E+05
       950.9167 1.30022572E+05
       950.9687 1.31930104E+05
       951.2423 1.45358380E+05
       951.3402 1.52627700E+05
       952.1883 1.91278403E+05
       953.0379 2.29025017E+05
       953.2654 2.34217248E+05
       954.7418 3.04122681E+05
       956.2116 3.53486770E+05
       956.4517 3.65513419E+05
       956.5438 3.66909287E+05
       957.1760 3.76921332E+05
       957.9200 3.89793754E+05
       957.9609 3.90536118E+05
       958.1560 3.94133951E+05
       958.9519 4.09383764E+05
       959.8900 4.29936986E+05
       960.2282 4.32530632E+05
       960.2480 4.32680262E+05
       961.9116 4.18870123E+05
       963.3530 4.09166590E+05
       964.1961 4.02328535E+05
       964.3186 4.01410216E+05
       965.1709 3.73276501E+05
       966.3669 3.48098037E+05
       967.4082 3.02903077E+05
       967.5346 2.99503315E+05
       968.4240 2.81419254E+05
       968.8085 2.63056021E+05
       969.4558 2.44525767E+05
       970.3547 2.05936734E+05
       970.4898 2.02861515E+05
       970.9490 1.79819992E+05
       971.0076 1.77889871E+05
       971.5260 1.46041640E+05
       971.5908 1.38925880E+05
       971.7854 1.24540872E+05
       972.0449 9.50464110E+04
       972.1319 7.98213502E+04
       972.1747 7.47905387E+04
       972.3046 4.71131477E+04
       972.3695 2.83349253E+04
       972.3874 1.78231112E+04
       972.4345 1.23852671E+04
       972.4669 8.01386304E+03
       972.4994 3.97784692E+03
       972.5157 3.35858696E+03
       972.5319 3.33795009E+03
       972.5400 3.35378661E+03
       972.5481 3.35984233E+03
       972.5563 3.35456657E+03
       972.5644 3.33949885E+03
       972.5806 3.36168451E+03
       972.5969 3.98342025E+03
       972.6294 8.03218951E+03
       972.6618 1.24243981E+04
       972.7268 2.84712682E+04
       972.7918 4.73979617E+04
       972.9218 7.54329857E+04
       973.0519 9.61107201E+04
       973.3121 1.26585689E+05
       973.3934 1.31988594E+05
       973.5725 1.49201965E+05
       974.0936 1.83620043E+05
       974.6153 2.11609657E+05
       974.6890 2.13612357E+05
       975.6603 2.60922933E+05
       976.3977 2.89104002E+05
       976.7076 3.08459269E+05
       977.4589 3.30541816E+05
       978.7166 4.02328204E+05
       978.8089 4.11840987E+05
       979.5134 4.40004745E+05
       980.9193 5.39604913E+05
       981.9771 5.86547777E+05
       985.1675 9.46878163E+05
       986.1896 1.05489071E+06
       986.7719 1.13030131E+06
       989.4526 1.81814438E+06
       991.9841 2.41924829E+06
       993.6498 3.03739598E+06
       994.2886 3.23645522E+06
       995.7896 3.80729494E+06
       998.1357 4.17541282E+06
      1005.5782 2.83232738E+06
      1006.9474 2.21714366E+06
      1006.9726 2.20871016E+06
      1010.5450 1.47299502E+06
      1015.5612 8.08119210E+05
      1018.0880 6.19543286E+05
      1019.1280 5.29324142E+05
      1020.6274 4.74573632E+05
      1021.9019 4.08978172E+05
      1023.1795 3.40327649E+05
      1023.8195 3.00669143E+05
      1024.4604 2.51048754E+05
      1024.7811 2.17901516E+05
      1025.1020 1.72310443E+05
      1025.1242 1.66259100E+05
      1025.2179 1.47367990E+05
      1025.2625 1.40726432E+05
      1025.4231 9.71286476E+04
      1025.5034 6.61527992E+04
      1025.5837 2.82853953E+04
      1025.6239 1.74956952E+04
      1025.6641 8.58936806E+03
      1025.6841 6.77574373E+03
      1025.7042 7.07366267E+03
      1025.7143 7.19680764E+03
      1025.7243 7.25878390E+03
      1025.7293 7.27565559E+03
      1025.7344 7.28097677E+03
      1025.7394 7.27658380E+03
      1025.7444 7.26063527E+03
      1025.7545 7.20047481E+03
      1025.7645 7.07905134E+03
      1025.7846 6.78427771E+03
      1025.8047 8.60555375E+03
      1025.8449 1.75438900E+04
      1025.8850 2.83931268E+04
      1025.9654 6.65003498E+04
      1026.0458 9.77647803E+04
      1026.2067 1.42041990E+05
      1026.3675 1.74407741E+05
      1026.6894 2.21776461E+05
      1027.0115 2.56916253E+05
      1027.6564 3.11059973E+05
      1028.3020 3.55913004E+05
      1029.5957 4.37004572E+05
      1030.8927 5.18146379E+05
      1033.4965 7.07147207E+05
      1036.1134 9.68869156E+05
      1038.2704 1.15731361E+06
      1041.3873 2.03972680E+06
      1043.9421 2.82529316E+06
      1045.2595 3.60410077E+06
      1046.7151 5.24275074E+06
      1047.6221 5.73466138E+06
      1057.5360 2.86428671E+07
      1058.1332 2.99600132E+07
      1068.5829 7.54763202E+07
      1071.6048 8.32339084E+07
      1072.0610 8.44825753E+07
      1083.7297 1.25524576E+08
      1085.1279 1.31540517E+08
      1091.3840 1.61265416E+08
      1099.5497 1.73122649E+08
      1115.1793 1.82495594E+08
      1125.4189 1.79845574E+08
      1126.6704 1.78389769E+08
      1127.7433 1.76541264E+08
      1146.7077 1.51482510E+08
      1156.6598 1.15452067E+08
      1166.0247 8.98299793E+07
      1168.8174 7.95156280E+07
      1180.1950 3.69361782E+07
      1186.3178 1.77176460E+07
      1191.7964 1.03488784E+07
      1197.6830 5.12173674E+06
      1203.6281 2.83098960E+06
      1206.6228 2.19718805E+06
      1209.6325 1.71635870E+06
      1211.1429 1.50756946E+06
      1212.6572 1.29634717E+06
      1213.4157 1.18413158E+06
      1214.1752 1.04703569E+06
      1214.5553 9.48857533E+05
      1214.9357 8.07340285E+05
      1215.1259 7.02557195E+05
      1215.3163 5.35460659E+05
      1215.4114 3.71939115E+05
      1215.5066 1.50015433E+05
      1215.5542 8.82143841E+04
      1215.6018 4.70089961E+04
      1215.6257 5.07669398E+04
      1215.6495 5.32548712E+04
      1215.6614 5.36896717E+04
      1215.6733 5.39135734E+04
      1215.6792 5.39624505E+04
      1215.6852 5.39808071E+04
      1215.6911 5.39678510E+04
      1215.6971 5.39243637E+04
      1215.7090 5.37111396E+04
      1215.7209 5.32867157E+04
      1215.7447 5.08165165E+04
      1215.7685 4.70732385E+04
      1215.8161 8.84152496E+04
      1215.8638 1.50481868E+05
      1215.9590 3.73473385E+05
      1216.0543 5.38117910E+05
      1216.2449 7.07549191E+05
      1216.4356 8.15038271E+05
      1216.7362 9.17846228E+05
      1216.8171 9.63150700E+05
      1217.1989 1.06815831E+06
      1217.9631 1.22114196E+06
      1218.7283 1.34770937E+06
      1220.2616 1.58531646E+06
      1221.7281 1.82190752E+06
      1221.7987 1.83968930E+06
      1224.8847 2.36828080E+06
      1227.9863 2.96904922E+06
      1234.2368 5.66524075E+06
      1240.5512 1.44451919E+07
      1247.9345 3.18213530E+07
      1253.3760 5.66365893E+07
      1266.4687 1.02322152E+08
      1279.9328 1.29838622E+08
      1293.4921 1.49199446E+08
      1312.7516 1.58054736E+08
      1321.6940 1.64942841E+08
      1346.4119 1.63795342E+08
      1380.9353 1.48726271E+08
      1381.9552 1.47488428E+08
      1416.3439 1.67473749E+08
      1447.9740 1.65012760E+08
      1452.6604 1.63879118E+08
      1489.9081 1.54437430E+08
      1528.1109 1.45651211E+08
      1567.2932 1.37271497E+08
      1607.4802 1.29488006E+08
      1648.6977 1.22448575E+08
      1690.9720 1.15610297E+08
      1734.3302 1.09124510E+08
      1778.8002 1.03001090E+08
      1824.4105 9.72247862E+07
      1871.1903 9.17748804E+07
      1919.1695 8.66317470E+07
      1968.3790 8.17771786E+07
      2018.8502 7.71939668E+07
      2070.6156 7.28662086E+07
      2123.7083 6.87795553E+07
      2178.1624 6.49201018E+07
      2234.0127 6.12747842E+07
      2291.2951 5.78172233E+07
      2350.0462 5.45651189E+07
      2410.3038 5.14923083E+07
      2472.1065 4.85885115E+07
      2535.4938 4.58439740E+07
      2600.5065 4.32496002E+07
      2667.1862 4.07966276E+07
      2735.5755 3.84772126E+07
      2805.7185 3.62837160E+07
      2877.6600 3.42090059E+07
      2951.4462 3.22463660E+07
      3027.1243 3.03894891E+07
      3104.7428 2.86324107E+07
      3184.3516 2.69696505E+07
      3266.0017 2.53960337E+07
      3349.7453 2.39054734E+07
      3369.2963 2.35700797E+07
      3378.3435 2.34179415E+07
      3389.6255 2.32308326E+07
      3403.9519 2.29972691E+07
      3422.5395 2.27006726E+07
      3435.6362 2.24958388E+07
      3447.2893 2.23103574E+07
      3449.2095 2.22800708E+07
      3458.4712 2.21350759E+07
      3470.0209 2.19567358E+07
      3481.3145 2.17849212E+07
      3484.6871 2.17340824E+07
      3503.7155 2.14512593E+07
      3523.7294 2.11608654E+07
      3529.0523 2.10823710E+07
      3530.0242 2.10680938E+07
      3533.0055 2.10243909E+07
      3542.4923 2.08864393E+07
      3554.3225 2.07167361E+07
      3563.8845 2.05813907E+07
      3565.7783 2.05547626E+07
      3569.3450 2.05047578E+07
      3576.4491 2.04057678E+07
      3586.0525 2.02733087E+07
      3588.8357 2.02352010E+07
      3598.0282 2.01101056E+07
      3613.2354 1.99060391E+07
      3614.0815 1.98947761E+07
      3614.3402 1.98925182E+07
      3614.7880 1.98886041E+07
      3620.9744 1.98344972E+07
      3630.6974 1.97495636E+07
      3632.9658 1.97297518E+07
      3642.8222 1.96433009E+07
      3643.6554 1.96359804E+07
      3650.4665 1.95761245E+07
      3653.4393 1.95499483E+07
      3658.2187 1.95077684E+07
      3659.2373 1.94987186E+07
      3659.2717 1.94984107E+07
      3665.6401 1.94415133E+07
      3666.6224 1.94326765E+07
      3676.4679 1.93444087E+07
      3678.1948 1.93289768E+07
      3678.2148 1.93287957E+07
      3681.1330 1.93022866E+07
      3682.5344 1.92893751E+07
      3688.0914 1.92391301E+07
      3688.7456 1.92332312E+07
      3689.8807 1.92228445E+07
      3695.3544 1.91737344E+07
      3695.7414 1.91703480E+07
      3699.7887 1.91351004E+07
      3700.4079 1.91297012E+07
      3701.2342 1.91221849E+07
      3701.6208 1.91185079E+07
      3702.7825 1.91070805E+07
      3704.3362 1.90921381E+07
      3704.5676 1.90898219E+07
      3704.7933 1.90874032E+07
      3705.6652 1.90779968E+07
      3706.7502 1.90657627E+07
      3707.5190 1.90507830E+07
      3708.9964 1.90209215E+07
      3710.4751 1.89899532E+07
      3711.2149 1.89739301E+07
      3711.5604 1.89663962E+07
      3711.9549 1.89573779E+07
      3712.1442 1.89532378E+07
      3712.3251 1.89491078E+07
      3712.6953 1.89415175E+07
      3712.8804 1.89369777E+07
      3713.0656 1.89312718E+07
      3713.2507 1.89302983E+07
      3713.4359 1.89281571E+07
      3713.8064 1.89223864E+07
      3714.1769 1.89174883E+07
      3714.5150 1.89133563E+07
      3714.9181 1.89078042E+07
      3715.6597 1.88974994E+07
      3716.0478 1.88917671E+07
      3717.1436 1.88744076E+07
      3717.4743 1.88688675E+07
      3718.0403 1.88582344E+07
      3718.6288 1.88462310E+07
      3718.9558 1.88392834E+07
      3720.4384 1.88050307E+07
      3721.1802 1.87870532E+07
      3721.6027 1.87768284E+07
      3721.9222 1.87689195E+07
      3722.2933 1.87605834E+07
      3722.6646 1.87534248E+07
      3722.8502 1.87486812E+07
      3723.0358 1.87418365E+07
      3723.2215 1.87435729E+07
      3723.4072 1.87432060E+07
      3723.7786 1.87401440E+07
      3723.9552 1.87392392E+07
      3724.1501 1.87376822E+07
      3724.5641 1.87353093E+07
      3724.5813 1.87351889E+07
      3724.8934 1.87328922E+07
      3725.6369 1.87274234E+07
      3726.9197 1.87164974E+07
      3727.1249 1.87140324E+07
      3727.8337 1.87040903E+07
      3727.9993 1.87013518E+07
      3728.6140 1.86908577E+07
      3729.8889 1.86669376E+07
      3730.5529 1.86518358E+07
      3731.3753 1.86332550E+07
      3731.5959 1.86275096E+07
      3732.8629 1.85929813E+07
      3733.6071 1.85714936E+07
      3733.7548 1.85672786E+07
      3734.3516 1.85474753E+07
      3734.5825 1.85405891E+07
      3734.7240 1.85362247E+07
      3735.0965 1.85272844E+07
      3735.2827 1.85209647E+07
      3735.4690 1.85114267E+07
      3735.6553 1.85160668E+07
      3735.8416 1.85174847E+07
      3736.2143 1.85166203E+07
      3736.3396 1.85171822E+07
      3736.5437 1.85174386E+07
      3736.5870 1.85174905E+07
      3737.3327 1.85208394E+07
      3738.0787 1.85245354E+07
      3739.5717 1.85295610E+07
      3739.6946 1.85295733E+07
      3740.5701 1.85234466E+07
      3741.0658 1.85198306E+07
      3741.3601 1.85164449E+07
      3742.6717 1.85014532E+07
      3744.0576 1.84744708E+07
      3745.6535 1.84387946E+07
      3746.5770 1.84110450E+07
      3747.0542 1.83967572E+07
      3747.1461 1.83937625E+07
      3748.1899 1.83531306E+07
      3748.5831 1.83354134E+07
      3748.6400 1.83328578E+07
      3748.6469 1.83325334E+07
      3749.3874 1.82979432E+07
      3750.1350 1.82645510E+07
      3750.5090 1.82503284E+07
      3750.8830 1.82406898E+07
      3751.0700 1.82387885E+07
      3751.2571 1.82380075E+07
      3751.4442 1.82373745E+07
      3751.4979 1.82375126E+07
      3751.6313 1.82375349E+07
      3752.0055 1.82434281E+07
      3752.3798 1.82539054E+07
      3753.0618 1.82774791E+07
      3753.1287 1.82796951E+07
      3753.8779 1.83058403E+07
      3754.1433 1.83146897E+07
      3755.3771 1.83421556E+07
      3756.8775 1.83666794E+07
      3757.7999 1.83746175E+07
      3758.6488 1.83822721E+07
      3759.0887 1.83863110E+07
      3759.8820 1.83930790E+07
      3760.1156 1.83930961E+07
      3760.7004 1.83830885E+07
      3762.8913 1.83469829E+07
      3763.1089 1.83419486E+07
      3763.3586 1.83315639E+07
      3764.7952 1.82601736E+07
      3766.1069 1.81945663E+07
      3767.6077 1.80973905E+07
      3768.9243 1.80038109E+07
      3769.1098 1.79899625E+07
      3769.8612 1.79333165E+07
      3770.6130 1.78798744E+07
      3770.7986 1.78687742E+07
      3770.9890 1.78574075E+07
      3771.2008 1.78156626E+07
      3771.3650 1.77834395E+07
      3771.5531 1.64744966E+07
      3771.7412 1.46315711E+07
      3771.9293 1.64754542E+07
      3772.1174 1.77869055E+07
      3772.4937 1.78645941E+07
      3772.8700 1.78908305E+07
      3773.6230 1.79520081E+07
      3774.3763 1.80166463E+07
      3774.9767 1.80680704E+07
      3775.2946 1.80947417E+07
      3775.8837 1.81308691E+07
      3777.3923 1.82131106E+07
      3779.4432 1.82947097E+07
      3780.4132 1.83342264E+07
      3781.2910 1.83539456E+07
      3783.3912 1.83060678E+07
      3783.4389 1.83049902E+07
      3785.1715 1.82364670E+07
      3787.1400 1.81601993E+07
      3787.3065 1.81536187E+07
      3788.5257 1.80359778E+07
      3789.5048 1.79386602E+07
      3790.3214 1.78501145E+07
      3793.3412 1.74140858E+07
      3794.8528 1.71698032E+07
      3795.3354 1.70886628E+07
      3795.5903 1.70462695E+07
      3795.6618 1.70340637E+07
      3796.3657 1.69149196E+07
      3797.1226 1.67875522E+07
      3797.8798 1.66657343E+07
      3798.2585 1.66102170E+07
      3798.6373 1.65648684E+07
      3798.8267 1.65510400E+07
      3799.0162 1.65472892E+07
      3799.2056 1.65553548E+07
      3799.3819 1.65722604E+07
      3799.3951 1.65735238E+07
      3799.7741 1.66275789E+07
      3800.1532 1.66920544E+07
      3800.5035 1.67565929E+07
      3800.9116 1.68265173E+07
      3801.6703 1.69621166E+07
      3801.7951 1.69844584E+07
      3803.1886 1.72361646E+07
      3804.7082 1.75076095E+07
      3807.7509 1.80083660E+07
      3807.8200 1.80172670E+07
      3808.0100 1.80412430E+07
      3809.0808 1.81785482E+07
      3809.9632 1.82945486E+07
      3810.7985 1.84068992E+07
      3812.5572 1.85388056E+07
      3816.9083 1.86202423E+07
      3818.6128 1.85683700E+07
      3819.2770 1.84783654E+07
      3819.6142 1.84332736E+07
      3820.1288 1.83638213E+07
      3820.1937 1.83550483E+07
      3823.0377 1.79853826E+07
      3824.1047 1.78308201E+07
      3824.6877 1.77484330E+07
      3827.7324 1.70303900E+07
      3830.7819 1.61981061E+07
      3832.3085 1.57563600E+07
      3832.9513 1.55635840E+07
      3833.8363 1.53108736E+07
      3834.6007 1.50911443E+07
      3835.3559 1.48781654E+07
      3835.3654 1.48755098E+07
      3835.7478 1.47699644E+07
      3836.1303 1.46729729E+07
      3836.3216 1.46353398E+07
      3836.5129 1.46183321E+07
      3836.7043 1.46363392E+07
      3836.8956 1.46750102E+07
      3837.2784 1.47742433E+07
      3837.6612 1.48822999E+07
      3838.4271 1.51068748E+07
      3839.1933 1.53374770E+07
      3840.7266 1.58114623E+07
      3842.2611 1.62926763E+07
      3843.8709 1.67634247E+07
      3844.9866 1.71124577E+07
      3845.3339 1.72267225E+07
      3847.7537 1.78757680E+07
      3848.4115 1.80683041E+07
      3849.1514 1.81989940E+07
      3854.5817 1.92978421E+07
      3856.1151 1.94535538E+07
      3860.5337 1.95756928E+07
      3860.7716 1.95822423E+07
      3861.7807 1.95345578E+07
      3868.4376 1.92225884E+07
      3870.1700 1.88275455E+07
      3870.9000 1.86714909E+07
      3872.7912 1.82932374E+07
      3873.2113 1.82137042E+07
      3874.6284 1.79319734E+07
      3880.8391 1.58845600E+07
      3881.5903 1.55614925E+07
      3883.8269 1.47559931E+07
      3883.9519 1.47168247E+07
      3885.7315 1.39597378E+07
      3887.0697 1.34948499E+07
      3888.6305 1.28641476E+07
      3888.6813 1.28463060E+07
      3890.1925 1.23512085E+07
      3891.7558 1.28524516E+07
      3893.3204 1.34727919E+07
      3896.4533 1.46855858E+07
      3898.1568 1.52712442E+07
      3899.2770 1.57306665E+07
      3899.5912 1.58722543E+07
      3900.2421 1.60420873E+07
      3905.8822 1.81060896E+07
      3911.0162 1.95099949E+07
      3912.1936 1.99170226E+07
      3912.4648 1.99500345E+07
      3915.9593 2.04055925E+07
      3921.5397 2.11390589E+07
      3922.9705 2.13494834E+07
      3924.8776 2.16462214E+07
      3929.7423 2.17495867E+07
      3934.7627 2.12957441E+07
      3936.0713 2.11833821E+07
      3936.6321 2.11360154E+07
      3937.6443 2.10509714E+07
      3937.7448 2.10396884E+07
      3943.6227 2.04271069E+07
      3949.8980 1.87119287E+07
      3950.5997 1.85649934E+07
      3952.7073 1.75698519E+07
      3957.6015 1.60706448E+07
      3961.1116 1.46960367E+07
      3963.4283 1.36573523E+07
      3964.6281 1.32791019E+07
      3966.3886 1.25528220E+07
      3968.1507 1.18016034E+07
      3969.0324 1.14043132E+07
      3969.9144 1.09737075E+07
      3970.3556 1.07321043E+07
      3970.7969 1.04522470E+07
      3971.0175 1.02965878E+07
      3971.2382 1.01993636E+07
      3971.4589 1.02949373E+07
      3971.6797 1.04489047E+07
      3972.1212 1.07252297E+07
      3972.5629 1.09631651E+07
      3973.4465 1.13860505E+07
      3974.2914 1.17558808E+07
      3974.3305 1.17752009E+07
      3976.0997 1.25091379E+07
      3977.8705 1.32176785E+07
      3981.4167 1.46020203E+07
      3984.9693 1.59563754E+07
      3988.8840 1.70610151E+07
      3989.4122 1.72565006E+07
      3989.5522 1.73106669E+07
      3992.0935 1.85162680E+07
      3999.2433 2.06271354E+07
      3999.2585 2.06289395E+07
      4003.0311 2.11118269E+07
      4013.6199 2.30230853E+07
      4017.3102 2.32252649E+07
      4020.6343 2.33588246E+07
      4028.1002 2.36775485E+07
      4031.4304 2.36482002E+07
      4042.5416 2.35387170E+07
      4042.8469 2.35354503E+07
      4044.8934 2.35116580E+07
      4045.6011 2.35033122E+07
      4057.3766 2.24837292E+07
      4059.8965 2.22679741E+07
      4061.9894 2.16492238E+07
      4063.7973 2.11848542E+07
      4074.2933 1.92783416E+07
      4081.5300 1.71399518E+07
      4084.1702 1.59059629E+07
      4087.0817 1.50555265E+07
      4088.7925 1.46900743E+07
      4092.4335 1.33805443E+07
      4096.0809 1.20197358E+07
      4097.5848 1.14068619E+07
      4097.9071 1.13126318E+07
      4099.7349 1.05620361E+07
      4100.6494 1.01481379E+07
      4101.5643 9.67073129E+06
      4101.8036 9.50723732E+06
      4102.0219 9.37972219E+06
      4102.4796 9.01463019E+06
      4102.7085 8.81945674E+06
      4102.9375 8.74866882E+06
      4103.1664 8.81802282E+06
      4103.3954 9.01171769E+06
      4103.8534 9.37361297E+06
      4104.3115 9.66121989E+06
      4105.2281 1.01312892E+07
      4106.1450 1.05373771E+07
      4107.9802 1.12708494E+07
      4109.8170 1.19585480E+07
      4113.4955 1.32757700E+07
      4113.7045 1.33241872E+07
      4117.1806 1.45355114E+07
      4124.5706 1.68727211E+07
      4129.8991 1.81506362E+07
      4131.9872 1.89072313E+07
      4134.9550 1.92884812E+07
      4146.0581 2.15113430E+07
      4146.9008 2.17675994E+07
      4147.8161 2.18333252E+07
      4154.3073 2.23473124E+07
      4159.9039 2.28802722E+07
      4161.9224 2.30985812E+07
      4177.4859 2.33757137E+07
      4192.2944 2.36905905E+07
      4198.1869 2.36615127E+07
      4200.2975 2.36411839E+07
      4206.9781 2.35759496E+07
      4210.3827 2.35411471E+07
      4211.6312 2.35279967E+07
      4223.1130 2.34047481E+07
      4230.6715 2.32786890E+07
      4233.1847 2.32366663E+07
      4268.7709 2.19664871E+07
      4272.4288 2.16206202E+07
      4277.5902 2.11772876E+07
      4286.1299 2.05344581E+07
      4286.7894 2.04882970E+07
      4304.9605 1.78549499E+07
      4314.1040 1.60015556E+07
      4314.8493 1.56895631E+07
      4323.2864 1.37786729E+07
      4327.8923 1.25323253E+07
      4332.2076 1.12550768E+07
      4332.5080 1.12063494E+07
      4334.8196 1.05076642E+07
      4337.1336 9.76796054E+06
      4338.2915 9.36608326E+06
      4339.4500 8.91417910E+06
      4340.0296 8.64866608E+06
      4340.6092 8.32363422E+06
      4340.8991 8.11534566E+06
      4341.1890 7.83973586E+06
      4341.3340 7.65574554E+06
      4341.3548 7.61993576E+06
      4341.4790 7.43048576E+06
      4341.5515 7.31087368E+06
      4341.6240 7.20469591E+06
      4341.6603 7.16463572E+06
      4341.6965 7.13830549E+06
      4341.7146 7.13142037E+06
      4341.7328 7.12886247E+06
      4341.7509 7.13132887E+06
      4341.7690 7.13812244E+06
      4341.8053 7.16426916E+06
      4341.8415 7.20414495E+06
      4341.9140 7.30994641E+06
      4341.9865 7.42916879E+06
      4342.1316 7.65360114E+06
      4342.2766 7.83671257E+06
      4342.5667 8.11047084E+06
      4342.8569 8.31682406E+06
      4343.4373 8.63779454E+06
      4344.0179 8.89900464E+06
      4345.1795 9.34180684E+06
      4346.3417 9.73393622E+06
      4348.6680 1.04520309E+07
      4350.9969 1.11266758E+07
      4351.0558 1.11353249E+07
      4355.6620 1.23964672E+07
      4360.3372 1.35761014E+07
      4369.7177 1.56385995E+07
      4379.1386 1.72988026E+07
      4398.1028 1.94789130E+07
      4410.2742 2.00615935E+07
      4417.2321 2.04797565E+07
      4425.4864 2.05378772E+07
      4455.9941 2.07152443E+07
      4480.7368 2.04563867E+07
      4486.9931 2.03913963E+07
      4495.4425 2.03034272E+07
      4538.9605 1.97168211E+07
      4551.4530 1.95499346E+07
      4576.4723 1.92102880E+07
      4625.4870 1.85369138E+07
      4631.6983 1.84435535E+07
      4655.3441 1.80953355E+07
      4660.4769 1.80202117E+07
      4701.9693 1.74278646E+07
      4741.1669 1.67084715E+07
      4774.7119 1.56787120E+07
      4781.0235 1.55127488E+07
      4801.2041 1.44680058E+07
      4821.5558 1.28299936E+07
      4831.7965 1.16923315E+07
      4838.0905 1.06721737E+07
      4842.0808 1.03051486E+07
      4847.2394 9.51623964E+06
      4852.4090 8.65970210E+06
      4854.9979 8.19811898E+06
      4857.5896 7.69791209E+06
      4858.8865 7.41968186E+06
      4860.1841 7.09754838E+06
      4860.8331 6.89998260E+06
      4861.4823 6.64213819E+06
      4861.8070 6.45912258E+06
      4862.1317 6.17723984E+06
      4862.2941 5.95486439E+06
      4862.4565 5.64704442E+06
      4862.5377 5.47967085E+06
      4862.6189 5.34210429E+06
      4862.6595 5.29516288E+06
      4862.7001 5.26645197E+06
      4862.7204 5.25919453E+06
      4862.7407 5.25674934E+06
      4862.7610 5.25911727E+06
      4862.7813 5.26629738E+06
      4862.8219 5.29485293E+06
      4862.8625 5.34163836E+06
      4862.9437 5.47888107E+06
      4863.0249 5.64591172E+06
      4863.1874 5.95295624E+06
      4863.3498 6.17448125E+06
      4863.6747 6.45456931E+06
      4863.9997 6.63573099E+06
      4864.6498 6.88973505E+06
      4865.3000 7.08330042E+06
      4866.6010 7.39702263E+06
      4867.9027 7.66633321E+06
      4870.5082 8.14719819E+06
      4873.1165 8.58744011E+06
      4878.3415 9.39503352E+06
      4883.5776 1.01260771E+07
      4894.0838 1.13688530E+07
      4897.1404 1.15772967E+07
      4904.6352 1.23242839E+07
      4925.8752 1.35113288E+07
      4947.2999 1.40472542E+07
      4990.7134 1.42165207E+07
      5022.7081 1.40342083E+07
      5029.7783 1.39934153E+07
      5034.8956 1.39639679E+07
      5125.6490 1.32266474E+07
      5151.4955 1.30120475E+07
      5219.7341 1.24599002E+07
      5283.5851 1.19669919E+07
      5418.6613 1.09983865E+07
      5419.0616 1.09956797E+07
      5558.0119 1.00983284E+07
      5633.3518 9.64875566E+06
      5700.5250 9.27130790E+06
      5774.7468 8.87238180E+06
      5846.6924 8.50698016E+06
      5953.8702 7.99528269E+06
      5996.6075 7.80256869E+06
      6144.4616 7.17721340E+06
      6150.3667 7.15323442E+06
      6244.4075 6.78236958E+06
      6308.0684 6.53137347E+06
      6347.6586 6.38127542E+06
      6400.5753 6.15703964E+06
      6454.3817 5.86052406E+06
      6469.8138 5.72182994E+06
      6481.6255 5.62718237E+06
      6509.1003 5.24551092E+06
      6522.9253 4.95420736E+06
      6536.8091 4.56258604E+06
      6543.7732 4.32092236E+06
      6550.7521 4.04244408E+06
      6554.2472 3.88533077E+06
      6557.7460 3.70914382E+06
      6559.4967 3.60816134E+06
      6561.2485 3.48804971E+06
      6562.1247 3.41230783E+06
      6563.0011 3.30939335E+06
      6563.4395 3.22817510E+06
      6563.8778 3.07588772E+06
      6564.0970 2.92333034E+06
      6564.3163 2.67114110E+06
      6564.4259 2.53401573E+06
      6564.5355 2.43489688E+06
      6564.5903 2.40440795E+06
      6564.6451 2.38629596E+06
      6564.6725 2.38182687E+06
      6564.6999 2.38032631E+06
      6564.7273 2.38178063E+06
      6564.7547 2.38620338E+06
      6564.8096 2.40422217E+06
      6564.8644 2.43461703E+06
      6564.9740 2.53353924E+06
      6565.0836 2.67044500E+06
      6565.3029 2.92209844E+06
      6565.5222 3.07405213E+06
      6565.9609 3.22512073E+06
      6566.3996 3.30511502E+06
      6567.2772 3.40555411E+06
      6568.1550 3.47875757E+06
      6569.9114 3.59361248E+06
      6571.6687 3.68911413E+06
      6575.1861 3.85370700E+06
      6578.7073 3.99840357E+06
      6585.7610 4.24957415E+06
      6592.8298 4.46063238E+06
      6607.0131 4.78173320E+06
      6621.2575 4.99253334E+06
      6635.7064 5.07705112E+06
      6649.9315 5.19693833E+06
      6678.8549 5.24753793E+06
      6737.4631 5.18579331E+06
      6797.1090 5.06079899E+06
      6805.8527 5.03985516E+06
      6919.6261 4.77406699E+06
      6980.3618 4.63446579E+06
      7046.6411 4.48672751E+06
      7159.3454 4.24811279E+06
      7315.1928 3.94288872E+06
      7342.9184 3.89171063E+06
      7531.1983 3.56383254E+06
      7605.0249 3.44446870E+06
      7724.3060 3.26287199E+06
      7922.3651 2.98662986E+06
      8088.6442 2.77693611E+06
      8125.5027 2.73318910E+06
      8138.8197 2.71975495E+06
      8198.8516 2.66013173E+06
      8201.8852 2.65715951E+06
      8249.7108 2.61077959E+06
      8282.7717 2.57926820E+06
      8312.1037 2.55163532E+06
      8313.6356 2.55020150E+06
      8333.8489 2.53136405E+06
      8363.6654 2.50258148E+06
      8369.9111 2.49660124E+06
      8389.0796 2.47835442E+06
      8395.6241 2.47213556E+06
      8421.8315 2.44741933E+06
      8428.4731 2.44120257E+06
      8428.5283 2.44115095E+06
      8458.1458 2.41364028E+06
      8480.8122 2.39288107E+06
      8487.0899 2.38716903E+06
      8487.9723 2.38636468E+06
      8502.9645 2.37272884E+06
      8503.3804 2.37235081E+06
      8510.6135 2.36577163E+06
      8511.5942 2.36487769E+06
      8518.0098 2.35901620E+06
      8525.5524 2.35211644E+06
      8533.0752 2.34522663E+06
      8533.1084 2.34519596E+06
      8536.8915 2.34168777E+06
      8540.6249 2.33822777E+06
      8540.6778 2.33817845E+06
      8542.5723 2.33641686E+06
      8544.4676 2.33467137E+06
      8545.4155 2.33380867E+06
      8546.3637 2.33295359E+06
      8546.5277 2.33280559E+06
      8546.8379 2.33252343E+06
      8547.3121 2.33201090E+06
      8547.5373 2.33166180E+06
      8547.5492 2.33164297E+06
      8547.7864 2.33132261E+06
      8548.0235 2.33119740E+06
      8548.2607 2.33112761E+06
      8548.7351 2.33076557E+06
      8549.2095 2.33032242E+06
      8550.1585 2.32943551E+06
      8551.1077 2.32855625E+06
      8553.0068 2.32681786E+06
      8554.9067 2.32509561E+06
      8555.7102 2.32436984E+06
      8558.7091 2.32163531E+06
      8562.5149 2.31816720E+06
      8570.1366 2.31121306E+06
      8570.7890 2.31061592E+06
      8570.8488 2.31056060E+06
      8576.5599 2.30521992E+06
      8577.7718 2.30407504E+06
      8578.4382 2.30344231E+06
      8586.0411 2.29616021E+06
      8589.8476 2.29249855E+06
      8593.0833 2.28939105E+06
      8593.6574 2.28883834E+06
      8595.5636 2.28701610E+06
      8597.4707 2.28522234E+06
      8598.4245 2.28434306E+06
      8599.3786 2.28347885E+06
      8599.8557 2.28304773E+06
      8600.3329 2.28245976E+06
      8600.5715 2.28195322E+06
      8600.8101 2.28155324E+06
      8601.0487 2.28152614E+06
      8601.2873 2.28160543E+06
      8601.7646 2.28133889E+06
      8602.2420 2.28091558E+06
      8603.1969 2.28007094E+06
      8604.1520 2.27924129E+06
      8606.0629 2.27761694E+06
      8606.8039 2.27699785E+06
      8607.9746 2.27599869E+06
      8608.4494 2.27559633E+06
      8611.8006 2.27275306E+06
      8615.6299 2.26950895E+06
      8620.8390 2.26506788E+06
      8622.0060 2.26406148E+06
      8623.2989 2.26291788E+06
      8630.8130 2.25621358E+06
      8630.9815 2.25606057E+06
      8637.2619 2.25030285E+06
      8639.3473 2.24834700E+06
      8644.9102 2.24314241E+06
      8646.3879 2.24173346E+06
      8649.3380 2.23890008E+06
      8652.5720 2.23578249E+06
      8656.4079 2.23204841E+06
      8660.2473 2.22833319E+06
      8661.1413 2.22748085E+06
      8661.8495 2.22678361E+06
      8662.1683 2.22646770E+06
      8664.0901 2.22461354E+06
      8664.6049 2.22413283E+06
      8665.0514 2.22371417E+06
      8666.0128 2.22284025E+06
      8666.4936 2.22241175E+06
      8666.9745 2.22189883E+06
      8667.2149 2.22152639E+06
      8667.4554 2.22121260E+06
      8667.6958 2.22110297E+06
      8667.9363 2.22105191E+06
      8668.4174 2.22071781E+06
      8668.8984 2.22029933E+06
      8669.8607 2.21947924E+06
      8670.4677 2.21897939E+06
      8670.8232 2.21868649E+06
      8672.7489 2.21715886E+06
      8674.6754 2.21568108E+06
      8678.5310 2.21277758E+06
      8680.7936 2.21108309E+06
      8682.3901 2.20984386E+06
      8690.1185 2.20377610E+06
      8691.6836 2.20252116E+06
      8692.9389 2.20145922E+06
      8697.8606 2.19728982E+06
      8707.0357 2.18935744E+06
      8713.3864 2.18359741E+06
      8722.4420 2.17525887E+06
      8724.2524 2.17351308E+06
      8728.9677 2.16897283E+06
      8730.1657 2.16780291E+06
      8733.3861 2.16456865E+06
      8735.7357 2.16221567E+06
      8737.9030 2.16001085E+06
      8741.5879 2.15622660E+06
      8741.7769 2.15602281E+06
      8745.6541 2.15189659E+06
      8747.5940 2.14989008E+06
      8749.5348 2.14797105E+06
      8750.5055 2.14706213E+06
      8751.4764 2.14620327E+06
      8751.9620 2.14521884E+06
      8752.4476 2.11271369E+06
      8752.6904 2.06020824E+06
      8752.9332 2.03009452E+06
      8753.1761 2.05983141E+06
      8753.4189 2.11193187E+06
      8753.9047 2.14362002E+06
      8754.3905 2.14380405E+06
      8755.3623 2.14306329E+06
      8756.3343 2.14237232E+06
      8758.2790 2.14109041E+06
      8760.2245 2.13989412E+06
      8760.2981 2.13985081E+06
      8764.1181 2.13756788E+06
      8766.7050 2.13605791E+06
      8768.0152 2.13539914E+06
      8768.8127 2.13498826E+06
      8772.3055 2.13309038E+06
      8775.8198 2.13087822E+06
      8783.6384 2.12575061E+06
      8787.5611 2.12300544E+06
      8791.8543 2.12000628E+06
      8797.2242 2.11623607E+06
      8799.3173 2.11477041E+06
      8803.2398 2.11184627E+06
      8815.0522 2.10167918E+06
      8818.7889 2.09832853E+06
      8829.7964 2.08720738E+06
      8834.3930 2.08230036E+06
      8842.2158 2.07331823E+06
      8846.6916 2.06799455E+06
      8850.0525 2.06392429E+06
      8851.7952 2.06180739E+06
      8853.9760 2.05916403E+06
      8854.7598 2.05824660E+06
      8855.6535 2.05718982E+06
      8857.9030 2.05452838E+06
      8859.8678 2.05231671E+06
      8861.8335 2.05027617E+06
      8862.8167 2.04934862E+06
      8863.8001 2.04851784E+06
      8864.2919 2.04815581E+06
      8864.7837 2.04781420E+06
      8865.0296 2.04764609E+06
      8865.2756 2.04747799E+06
      8865.5215 2.04730990E+06
      8865.7675 2.04714183E+06
      8866.2595 2.04681106E+06
      8866.7516 2.04650068E+06
      8867.7358 2.04598639E+06
      8868.7203 2.04556839E+06
      8870.6899 2.04491601E+06
      8871.5622 2.04470153E+06
      8872.6604 2.04442868E+06
      8876.6040 2.04366708E+06
      8878.5589 2.04336830E+06
      8880.5511 2.04303494E+06
      8888.4559 2.04167434E+06
      8891.6343 2.04098233E+06
      8896.3748 2.03934416E+06
      8912.2549 2.03254528E+06
      8920.3854 2.02815762E+06
      8922.8791 2.02681136E+06
      8927.7419 2.02315616E+06
      8928.1919 2.02281835E+06
      8942.9873 2.01010678E+06
      8954.3444 2.00033045E+06
      8960.2373 1.99361314E+06
      8970.1604 1.98164019E+06
      8977.0720 1.97165353E+06
      8983.1226 1.96263821E+06
      8986.0323 1.95833787E+06
      8991.4923 1.94938426E+06
      8992.5136 1.94772786E+06
      8993.9894 1.94527806E+06
      9001.9605 1.93206630E+06
      9005.9514 1.92544700E+06
      9008.3576 1.92170620E+06
      9009.9459 1.91924193E+06
      9011.9444 1.91635203E+06
      9013.9438 1.91376717E+06
      9014.9439 1.91258297E+06
      9015.9441 1.91165111E+06
      9016.4444 1.90715512E+06
      9016.9446 1.74735466E+06
      9017.1948 1.61181434E+06
      9017.4450 1.56602162E+06
      9017.6951 1.61154586E+06
      9017.9453 1.74678698E+06
      9018.4458 1.90595886E+06
      9018.9463 1.90985459E+06
      9019.9474 1.90958820E+06
      9020.9488 1.90957317E+06
      9022.9522 1.90975663E+06
      9024.9566 1.91024040E+06
      9025.8764 1.91055610E+06
      9028.9679 1.91161514E+06
      9032.9827 1.91338560E+06
      9039.5040 1.91618318E+06
      9041.0232 1.91663094E+06
      9049.0780 1.91895704E+06
      9052.7303 1.91942361E+06
      9057.7690 1.92008838E+06
      9062.1907 1.92059675E+06
      9065.2307 1.92095707E+06
      9081.4412 1.91902602E+06
      9088.6480 1.91625638E+06
      9102.8106 1.91060056E+06
      9114.0367 1.90253096E+06
      9118.4054 1.89855726E+06
      9123.9783 1.89350116E+06
      9134.7975 1.88363378E+06
      9142.0077 1.87337816E+06
      9146.8670 1.86654649E+06
      9167.0101 1.83685870E+06
      9183.2017 1.80364750E+06
      9189.0614 1.78864376E+06
      9199.4506 1.76320422E+06
      9201.2242 1.75835589E+06
      9207.5966 1.74114775E+06
      9213.2424 1.72567594E+06
      9215.7571 1.71886536E+06
      9219.8428 1.70856544E+06
      9222.0434 1.70317254E+06
      9223.9321 1.69859543E+06
      9225.9781 1.69402343E+06
      9228.0250 1.68986111E+06
      9229.0488 1.68814119E+06
      9230.0728 1.68676751E+06
      9230.5849 1.68624041E+06
      9231.0971 1.68589163E+06
      9231.3532 1.68574310E+06
      9231.6093 1.68560109E+06
      9231.8654 1.68545907E+06
      9232.1215 1.68532357E+06
      9232.6339 1.68510423E+06
      9233.1462 1.68506295E+06
      9234.1712 1.68529866E+06
      9235.1963 1.68587842E+06
      9237.2474 1.68775207E+06
      9239.2993 1.69002400E+06
      9243.4058 1.69535152E+06
      9247.5161 1.70095585E+06
      9255.7475 1.71389402E+06
      9259.3438 1.71933093E+06
      9263.2460 1.72541205E+06
      9263.9936 1.72659868E+06
      9279.6833 1.74734561E+06
      9280.5299 1.74854188E+06
      9280.5882 1.74859024E+06
      9297.1254 1.76287179E+06
      9316.6243 1.76865714E+06
      9330.4951 1.77121825E+06
      9364.1051 1.76156673E+06
      9375.4167 1.75506330E+06
      9398.7864 1.73239595E+06
      9418.2772 1.71393723E+06
      9432.0569 1.70109468E+06
      9434.9558 1.69808224E+06
      9458.5060 1.65822316E+06
      9465.0098 1.64793358E+06
      9495.2560 1.57574197E+06
      9501.0022 1.55677823E+06
      9510.4516 1.52809674E+06
      9513.4377 1.51660369E+06
      9525.6960 1.47404100E+06
      9533.3365 1.44724860E+06
      9540.9893 1.42176001E+06
      9544.8204 1.41108498E+06
      9548.6544 1.19455187E+06
      9552.4916 1.40750969E+06
      9556.3319 1.41455431E+06
      9560.1133 1.42317319E+06
      9564.0216 1.43256259E+06
      9571.7238 1.45157870E+06
      9587.1654 1.48925861E+06
      9602.6569 1.51996101E+06
      9633.7906 1.55809468E+06
      9641.9613 1.56181468E+06
      9643.6711 1.56262283E+06
      9665.1268 1.57331216E+06
      9701.0318 1.56984989E+06
      9728.4148 1.56796206E+06
      9777.5196 1.54799265E+06
      9787.1660 1.54271449E+06
      9792.5372 1.53972146E+06
      9820.0919 1.52096776E+06
      9845.8468 1.50372450E+06
      9915.1358 1.43524760E+06
      9923.3515 1.42139264E+06
      9949.7762 1.38168343E+06
      9950.1473 1.38117467E+06
      9985.4069 1.30512710E+06
     10003.1306 1.25481158E+06
     10020.9173 1.19375696E+06
     10029.8344 1.15868409E+06
     10038.7674 1.12100186E+06
     10043.2399 1.10177596E+06
     10047.7163 1.08312726E+06
     10049.9560 1.07431339E+06
     10052.1968 1.06953245E+06
     10054.4385 1.07279244E+06
     10056.6812 1.08005714E+06
     10057.7082 1.08338508E+06
     10061.1696 1.09551552E+06
     10065.6621 1.11142556E+06
     10074.6590 1.14211393E+06
     10078.7748 1.15350798E+06
     10083.6721 1.16975144E+06
     10101.7466 1.21481895E+06
     10119.8861 1.24804725E+06
     10156.3612 1.28752334E+06
     10193.1001 1.30384600E+06
     10204.8987 1.30264076E+06
     10267.3812 1.29890088E+06
     10337.6401 1.27609587E+06
     10342.7529 1.27446745E+06
     10351.4549 1.27088025E+06
     10466.5627 1.22324839E+06
     10493.4039 1.21239473E+06
     10496.8655 1.21087203E+06
     10633.6005 1.14993262E+06
     10639.3001 1.14749090E+06
     10655.6403 1.13893352E+06
     10713.7802 1.10953405E+06
     10734.9361 1.09356624E+06
     10789.3104 1.05763515E+06
     10827.4763 1.01833836E+06
     10865.9132 9.61299909E+05
     10885.2341 9.24082760E+05
     10904.6239 8.79440936E+05
     10914.3447 8.53486310E+05
     10924.0829 8.24139527E+05
     10928.9585 8.07628009E+05
     10933.8384 7.89387160E+05
     10936.2800 7.79391841E+05
     10938.7228 7.68694965E+05
     10939.9445 7.62521566E+05
     10941.1665 7.20761177E+05
     10942.3889 7.61973123E+05
     10943.6114 7.67587835E+05
     10946.0574 7.77142211E+05
     10948.5045 7.85964078E+05
     10953.4019 8.01777196E+05
     10958.3037 8.15765381E+05
     10968.1205 8.39813945E+05
     10977.9549 8.60168353E+05
     10988.0491 8.73407859E+05
     10997.6767 8.92824014E+05
     11010.1909 9.06336886E+05
     11017.4696 9.17172357E+05
     11057.2697 9.46646207E+05
     11097.3584 9.57307347E+05
     11178.4142 9.51807598E+05
     11260.6628 9.33362184E+05
     11292.5035 9.24571266E+05
     11341.8651 9.11068001E+05
     11428.8453 8.87783748E+05
     11507.9202 8.65967269E+05
     11582.0549 8.45946099E+05
     11602.1277 8.40599259E+05
     11810.4755 7.86831353E+05
     11879.0306 7.70032805E+05
     11964.9491 7.49543712E+05
     12129.3694 7.12219485E+05
     12183.6212 7.00145819E+05
     12295.3625 6.76054693E+05
     12351.1953 6.63565887E+05
     12465.9620 6.39024468E+05
     12496.0217 6.31628189E+05
     12553.0495 6.18169388E+05
     12641.3623 5.91131182E+05
     12685.9863 5.71694761E+05
     12730.9265 5.43927759E+05
     12753.5162 5.25244311E+05
     12776.1862 5.01996342E+05
     12787.5515 4.88457652E+05
     12798.9370 4.73261603E+05
     12804.6373 4.64670770E+05
     12810.3428 4.54530116E+05
     12813.1974 4.48418415E+05
     12816.0533 4.40880638E+05
     12816.4325 4.39466245E+05
     12817.4817 4.36112198E+05
     12818.9104 4.30002083E+05
     12819.6249 4.26128895E+05
     12820.3395 4.21502682E+05
     12820.6968 4.18938117E+05
     12821.0542 4.16517700E+05
     12821.2328 4.15647440E+05
     12821.4115 4.15278832E+05
     12821.5009 4.15235034E+05
     12821.5902 4.15215772E+05
     12821.6349 4.15210980E+05
     12821.6795 4.15206188E+05
     12821.7242 4.15201396E+05
     12821.7689 4.15196604E+05
     12821.8582 4.15196697E+05
     12821.9476 4.15221321E+05
     12822.1263 4.15551488E+05
     12822.3050 4.16383028E+05
     12822.6624 4.18725005E+05
     12823.0199 4.21209946E+05
     12823.7348 4.25674218E+05
     12824.4498 4.29382798E+05
     12825.8801 4.35158121E+05
     12827.3108 4.39586224E+05
     12830.1729 4.46430155E+05
     12833.0364 4.51833383E+05
     12838.7672 4.60519754E+05
     12844.5031 4.67613006E+05
     12855.9903 4.79689378E+05
     12867.4980 4.89954395E+05
     12890.5754 5.06255464E+05
     12913.7358 5.17581371E+05
     12960.3070 5.29845090E+05
     13007.2154 5.33310193E+05
     13102.0582 5.28293214E+05
     13145.0590 5.23372855E+05
     13198.2943 5.17392552E+05
     13395.0708 4.91627769E+05
     13482.1118 4.80144501E+05
     13597.8038 4.65332538E+05
     13827.8070 4.37198019E+05
     14022.2545 4.15002981E+05
     14182.3661 3.97768254E+05
     14474.0570 3.68556585E+05
     14546.0165 3.61762990E+05
     14918.9913 3.41162787E+05
     15301.5296 3.09877789E+05
     15693.8765 2.81429589E+05
     15701.7898 2.80889411E+05
     15702.3287 2.80852660E+05
     15702.8676 2.80813760E+05
     15703.4066 2.80657347E+05
     15703.9456 2.78629362E+05
     15704.4847 2.69966687E+05
     15705.0237 2.63117908E+05
     15705.5629 2.69897460E+05
     15706.1020 2.78484174E+05
     15706.6412 2.80437184E+05
     15707.1805 2.80520019E+05
     15707.7197 2.80485482E+05
     15708.2590 2.80448796E+05
     15881.6819 2.68960244E+05
     15882.2270 2.68925062E+05
     15882.7721 2.68884465E+05
     15883.3172 2.68548884E+05
     15883.8624 2.63709711E+05
     15884.4076 2.46273107E+05
     15884.9529 2.35535478E+05
     15885.4982 2.46211539E+05
     15886.0435 2.63573288E+05
     15886.5889 2.68338474E+05
     15887.1343 2.68603429E+05
     15887.6798 2.68573759E+05
     15888.2253 2.68538680E+05
     16096.2836 2.55563791E+05
     16110.4696 2.54706135E+05
     16111.0226 2.54672703E+05
     16111.5755 2.54625501E+05
     16112.1285 2.53834150E+05
     16112.6816 2.42896704E+05
     16113.2346 2.16676694E+05
     16113.7878 2.07392143E+05
     16114.3409 2.16624185E+05
     16114.8941 2.42772823E+05
     16115.4473 2.53635099E+05
     16116.0006 2.54358839E+05
     16116.5539 2.54339346E+05
     16117.1073 2.54306107E+05
     16408.3703 2.37517543E+05
     16408.9335 2.37486280E+05
     16409.4967 2.37420593E+05
     16410.0599 2.35531348E+05
     16410.6232 2.14959286E+05
     16411.1865 1.92141593E+05
     16411.7498 1.87793319E+05
     16412.3132 1.92095426E+05
     16412.8766 2.14852823E+05
     16413.4401 2.35347469E+05
     16414.0036 2.37172268E+05
     16414.5671 2.37175801E+05
     16415.1307 2.37144966E+05
     16509.0088 2.32047474E+05
     16807.7275 2.16691739E+05
     16808.3043 2.16662896E+05
     16808.8812 2.16552651E+05
     16809.4582 2.12364455E+05
     16810.0352 1.85740377E+05
     16810.6122 1.72959450E+05
     16811.1892 1.70148223E+05
     16811.7663 1.72917744E+05
     16812.3435 1.85650182E+05
     16812.9206 2.12199849E+05
     16813.4978 2.16325914E+05
     16814.0751 2.16379293E+05
     16814.6524 2.16351413E+05
     16834.4432 2.15382546E+05
     16932.3167 2.10647358E+05
     17277.0384 1.94964515E+05
     17363.3548 1.91262847E+05
     17363.9508 1.91236634E+05
     17364.5467 1.91040724E+05
     17365.1428 1.83452820E+05
     17365.7388 1.60395765E+05
     17366.3349 1.52253231E+05
     17366.4787 1.51568360E+05
     17366.9310 1.49982806E+05
     17367.5272 1.52216372E+05
     17368.1234 1.60317793E+05
     17368.7197 1.83312053E+05
     17369.3160 1.90838967E+05
     17369.9123 1.90984031E+05
     17370.5087 1.90959731E+05
     17743.5346 1.75965527E+05
     17811.7730 1.73350411E+05
     17986.3589 1.66876980E+05
     18175.4256 1.59940493E+05
     18176.0494 1.59916737E+05
     18176.6732 1.59618202E+05
     18177.2971 1.50040982E+05
     18177.9210 1.33851991E+05
     18178.5450 1.27850938E+05
     18179.1690 1.25984475E+05
     18179.7931 1.27819822E+05
     18180.4172 1.33786585E+05
     18181.0413 1.49926078E+05
     18181.6655 1.59441795E+05
     18182.2897 1.59695233E+05
     18182.9140 1.59674682E+05
     18235.9216 1.57811589E+05
     18268.4851 1.56542926E+05
     18363.3181 1.52965584E+05
     18492.5071 1.47134797E+05
     18557.7857 1.43197021E+05
     18623.5268 1.37711020E+05
     18656.5723 1.34020815E+05
     18689.7353 1.29414671E+05
     18706.3610 1.26653711E+05
     18723.0164 1.23431874E+05
     18731.3552 1.21532877E+05
     18736.9078 1.19736401E+05
     18739.7014 1.19210493E+05
     18743.8773 1.17735906E+05
     18748.0551 1.15757984E+05
     18750.1447 1.14370065E+05
     18752.2347 1.12367668E+05
     18753.2799 1.10895375E+05
     18754.3252 1.08568551E+05
     18754.8479 1.06510598E+05
     18755.3707 1.03357812E+05
     18755.6320 1.01653359E+05
     18755.8934 1.00183616E+05
     18756.0241 9.97219526E+04
     18756.1548 9.95553091E+04
     18756.2202 9.95233456E+04
     18756.2855 9.95118154E+04
     18756.3509 9.95209166E+04
     18756.4162 9.95504494E+04
     18756.5469 9.97122154E+04
     18756.6776 1.00168934E+05
     18756.9390 1.01628489E+05
     18757.2004 1.03322338E+05
     18757.7233 1.06452927E+05
     18758.2462 1.08488188E+05
     18759.2921 1.10769178E+05
     18760.3381 1.12195073E+05
     18762.4304 1.14103296E+05
     18764.5232 1.15395763E+05
     18768.7101 1.17179995E+05
     18772.8990 1.18457863E+05
     18781.2823 1.20379067E+05
     18789.6731 1.21867838E+05
     18806.4772 1.24244656E+05
     18823.3114 1.26131325E+05
     18857.0703 1.28914836E+05
     18890.9506 1.30705863E+05
     18959.0777 1.32259173E+05
     19027.6979 1.32195448E+05
     19166.4394 1.30031037E+05
     19217.3413 1.28902144E+05
     19307.2190 1.26941706E+05
     19446.9574 1.23635174E+05
     19447.6249 1.23617422E+05
     19448.2924 1.23221568E+05
     19448.9599 1.13821429E+05
     19449.6275 1.03300517E+05
     19450.2951 9.89588225E+04
     19450.9627 9.74920403E+04
     19451.6305 9.89345582E+04
     19452.2982 1.03249672E+05
     19452.9660 1.13736649E+05
     19453.6339 1.23097749E+05
     19454.3018 1.23462102E+05
     19454.9697 1.23448786E+05
     19595.0751 1.20244221E+05
     19710.0937 1.17610413E+05
     19891.6444 1.13589016E+05
     20215.4807 1.06783069E+05
     20512.5551 1.00975120E+05
     20733.8264 9.69022700E+04
     21173.4777 8.93943269E+04
     21265.4629 8.79158539E+04
     21656.8390 8.19503731E+04
     21657.5822 8.19370370E+04
     21658.3256 8.15052791E+04
     21659.0690 7.44805851E+04
     21659.8124 6.86729857E+04
     21660.5559 6.58428383E+04
     21661.2994 6.48155045E+04
     21662.0430 6.58265177E+04
     21662.7867 6.86388099E+04
     21663.5303 7.44245201E+04
     21664.2741 8.14195481E+04
     21665.0179 8.18287920E+04
     21665.7617 8.18204714E+04
     21810.7312 7.97461420E+04
     22369.9807 7.23298316E+04
     22568.4128 6.99072411E+04
     23024.3404 6.56086909E+04
     23614.7081 5.94774937E+04
     24220.2134 5.39154867E+04
     24841.2445 4.88702497E+04
     25478.1995 4.42941436E+04
     25638.0786 4.32301817E+04
     25638.9586 4.32244140E+04
     25639.8385 4.32183014E+04
     25640.7186 4.31933706E+04
     25641.5987 4.28727650E+04
     25642.4789 4.15824745E+04
     25643.3591 4.06438067E+04
     25644.2394 4.15715971E+04
     25645.1197 4.28499894E+04
     25646.0001 4.31588188E+04
     25646.8806 4.31722009E+04
     25647.7611 4.31667874E+04
     25648.6417 4.31610299E+04
     26121.1873 4.02054063E+04
     26122.0838 4.02000413E+04
     26122.9804 4.01938611E+04
     26123.8770 4.01433874E+04
     26124.7737 3.94396602E+04
     26125.6705 3.72204579E+04
     26126.5673 3.60754356E+04
     26127.4642 3.72108948E+04
     26128.3611 3.94188458E+04
     26129.2581 4.01113011E+04
     26130.1552 4.01510032E+04
     26131.0523 4.01464672E+04
     26131.4867 4.01438768E+04
     26131.9495 4.01411140E+04
     26253.3925 3.94237319E+04
     26254.2936 3.94159759E+04
     26255.1947 3.90157633E+04
     26256.0958 3.53673485E+04
     26256.9971 3.30411933E+04
     26257.8984 3.16122765E+04
     26258.7997 3.10756578E+04
     26259.7011 3.16043104E+04
     26260.6026 3.30244740E+04
     26261.5041 3.53403733E+04
     26262.4057 3.89745056E+04
     26263.3074 3.93633937E+04
     26264.2091 3.93606253E+04
     26745.8969 3.66751662E+04
     26746.8148 3.66702622E+04
     26747.7328 3.66634558E+04
     26748.6509 3.65543947E+04
     26749.5690 3.51637534E+04
     26750.4872 3.25691791E+04
     26751.4055 3.18259509E+04
     26752.3238 3.25609065E+04
     26753.2422 3.51454224E+04
     26754.1606 3.65251898E+04
     26755.0791 3.66243361E+04
     26755.9977 3.66213583E+04
     26756.9164 3.66164814E+04
     26801.5248 3.63801245E+04
     27488.7434 3.29671481E+04
     27577.0930 3.25577373E+04
     27578.0395 3.25533621E+04
     27578.9860 3.25447584E+04
     27579.9326 3.23153708E+04
     27580.8793 3.01969897E+04
     27581.8260 2.83731946E+04
     27582.7728 2.79548894E+04
     27583.7197 2.83659753E+04
     27584.6666 3.01814786E+04
     27585.6136 3.22895871E+04
     27586.5606 3.25099768E+04
     27587.5078 3.25098754E+04
     27588.4550 3.25055533E+04
     28193.5829 2.98724919E+04
     28724.1437 2.77795614E+04
     28725.1295 2.77757993E+04
     28726.1154 2.77635861E+04
     28727.1014 2.73419997E+04
     28728.0874 2.51765637E+04
     28729.0735 2.40789031E+04
     28730.0597 2.37643895E+04
     28731.0460 2.40727576E+04
     28732.0323 2.51636795E+04
     28733.0187 2.73203151E+04
     28734.0051 2.77339093E+04
     28734.9916 2.77386834E+04
     28735.9782 2.77350221E+04
     28916.4953 2.70666758E+04
     29657.9439 2.45229261E+04
     30385.8710 2.23098382E+04
     30386.9139 2.23067715E+04
     30387.9568 2.22896293E+04
     30388.9998 2.16939657E+04
     30390.0429 2.00590034E+04
     30391.0861 1.92977536E+04
     30392.1293 1.90488108E+04
     30393.1726 1.92928107E+04
     30394.2160 2.00487045E+04
     30395.2594 2.16768948E+04
     30396.3029 2.22657839E+04
     30397.3465 2.22769298E+04
     30398.3902 2.22740280E+04
     30418.4040 2.22169303E+04
     31198.3631 2.01266040E+04
     31998.3211 1.82319180E+04
     32498.5145 1.71598855E+04
     32963.2440 1.63021670E+04
     32964.3753 1.63000288E+04
     32965.5067 1.62778676E+04
     32966.6382 1.56357358E+04
     32967.7698 1.45625607E+04
     32968.9014 1.40320568E+04
     32970.0331 1.38451588E+04
     32971.1649 1.40284465E+04
     32972.2968 1.45550567E+04
     32973.4287 1.56238013E+04
     32974.5608 1.62617022E+04
     32975.6929 1.62798169E+04
     32976.8251 1.62779127E+04
     33155.0501 1.59637335E+04
     34005.1796 1.44568683E+04
     34877.1073 1.30915732E+04
     35771.3921 1.18546222E+04
     36688.6073 1.07340165E+04
     37397.9951 9.95692421E+03
     37399.2786 9.95546517E+03
     37400.5622 9.93389090E+03
     37401.8459 9.46641718E+03
     37403.1297 8.88824255E+03
     37404.4136 8.56032903E+03
     37405.6976 8.43857544E+03
     37406.9817 8.55811166E+03
     37408.2658 8.88362623E+03
     37409.5500 9.45899086E+03
     37410.8344 9.92321292E+03
     37412.1188 9.94206472E+03
     37413.4033 9.94084329E+03
     37629.3408 9.71887192E+03
     38594.1957 8.79931569E+03
     39067.5484 8.38791801E+03
     39068.8892 8.38678697E+03
     39070.2302 8.38558224E+03
     39071.5712 8.38036014E+03
     39072.9123 8.31324557E+03
     39074.2535 8.06399736E+03
     39075.5948 7.90137271E+03
     39076.9362 8.06186455E+03
     39078.2777 8.30878403E+03
     39079.6192 8.37358540E+03
     39080.9609 8.37654236E+03
     39082.3027 8.37548695E+03
     39083.6445 8.37435800E+03
     39583.7905 7.96639359E+03
     40200.5073 7.49682971E+03
     40201.8870 7.49581782E+03
     40203.2668 7.49464502E+03
     40204.6468 7.48475572E+03
     40206.0268 7.35239750E+03
     40207.4069 6.99915144E+03
     40208.7871 6.84803253E+03
     40210.1673 6.99732027E+03
     40211.5477 7.34847375E+03
     40212.9282 7.47870500E+03
     40214.3088 7.48656205E+03
     40215.6894 7.48571375E+03
     40217.0702 7.48470481E+03
     40514.4946 7.27110573E+03
     40515.8851 7.26922888E+03
     40517.2757 7.14778492E+03
     40518.6664 6.59475057E+03
     40520.0572 6.18262927E+03
     40521.4481 5.88290296E+03
     40522.8391 5.78239749E+03
     40524.2301 5.88137958E+03
     40525.6213 6.17941768E+03
     40527.0126 6.58958937E+03
     40528.4039 7.14018127E+03
     40529.7954 7.25943161E+03
     40531.1869 7.25934616E+03
     40598.7594 7.21198496E+03
     41639.7533 6.52872572E+03
     41699.4675 6.49202998E+03
     41700.8986 6.49115175E+03
     41702.3299 6.48993664E+03
     41703.7613 6.47075407E+03
     41705.1927 6.24997624E+03
     41706.6243 5.92682341E+03
     41708.0559 5.83736203E+03
     41709.4877 5.92527615E+03
     41710.9195 6.24667143E+03
     41712.3515 6.46552419E+03
     41713.7835 6.48293072E+03
     41715.2157 6.48239359E+03
     41716.6479 6.48152019E+03
     42707.4393 5.90993839E+03
     43755.6542 5.37213993E+03
     43757.1560 5.37141084E+03
     43758.6578 5.37003846E+03
     43760.1597 5.33571190E+03
     43761.6618 5.07009788E+03
     43763.1639 4.86237165E+03
     43764.6662 4.80164159E+03
     43766.1685 4.86109920E+03
     43767.6710 5.06743462E+03
     43769.1736 5.33140913E+03
     43770.6762 5.36423973E+03
     43772.1790 5.36416093E+03
     43773.6819 5.36344001E+03
     43802.5018 5.34956855E+03
     44234.0892 5.14705626E+03
     45127.7071 4.77086379E+03
     46284.8278 4.31779782E+03
     46528.3649 4.22937776E+03
     46529.9618 4.22872084E+03
     46531.5588 4.21405778E+03
     46533.1560 3.99779324E+03
     46534.7532 3.77544716E+03
     46536.3505 3.62468851E+03
     46537.9480 3.56818655E+03
     46539.5455 3.62374071E+03
     46541.1432 3.77346740E+03
     46542.7410 3.99463522E+03
     46544.3389 4.20951208E+03
     46545.9369 4.22300170E+03
     46547.5350 4.22251452E+03
     46715.5955 4.16293912E+03
     46717.1989 4.16236945E+03
     46718.8023 4.16068253E+03
     46720.4058 4.10726304E+03
     46722.0095 3.87849868E+03
     46723.6133 3.74258824E+03
     46725.2171 3.69652920E+03
     46726.8211 3.74160630E+03
     46728.4252 3.87645942E+03
     46730.0294 4.10396134E+03
     46731.6337 4.15618110E+03
     46733.2382 4.15673990E+03
     46734.8427 4.15618364E+03
     47471.6183 3.90760218E+03
     48688.8393 3.53623792E+03
     49937.2710 3.20004432E+03
     51217.7139 2.89597010E+03
     51276.1573 2.88297091E+03
     51277.9171 2.88257245E+03
     51279.6771 2.88075603E+03
     51281.4372 2.82423270E+03
     51283.1974 2.67465789E+03
     51284.9577 2.58372016E+03
     51286.7182 2.55057773E+03
     51288.4788 2.58304010E+03
     51290.2394 2.67324706E+03
     51292.0003 2.82197127E+03
     51293.7612 2.87763830E+03
     51295.5223 2.87867167E+03
     51297.2834 2.87828995E+03
     52530.9886 2.62069954E+03
     53877.9370 2.37150301E+03
     55259.4226 2.14592095E+03
     56676.3309 1.94172470E+03
     57102.9933 1.88503438E+03
     57104.9532 1.88477869E+03
     57106.9131 1.88450400E+03
     57108.8732 1.88319574E+03
     57110.8335 1.86639287E+03
     57112.7938 1.81006734E+03
     57114.7543 1.77773438E+03
     57116.7150 1.80958519E+03
     57118.6757 1.86538571E+03
     57120.6367 1.88166445E+03
     57122.5977 1.88246051E+03
     57124.5589 1.88222428E+03
     57126.5202 1.88196909E+03
     58129.5701 1.75689489E+03
     59070.1332 1.65052597E+03
     59072.1605 1.65029746E+03
     59074.1880 1.64870080E+03
     59076.2156 1.60629083E+03
     59078.2434 1.52525790E+03
     59080.2713 1.47135974E+03
     59082.2993 1.45104379E+03
     59084.3275 1.47097085E+03
     59086.3558 1.52445008E+03
     59088.3843 1.60501119E+03
     59090.4129 1.64693917E+03
     59092.4416 1.64809290E+03
     59094.4705 1.64788049E+03
     59556.3071 1.59865402E+03
     59558.3512 1.59843999E+03
     59560.3953 1.59818702E+03
     59562.4396 1.59583440E+03
     59564.4841 1.56592115E+03
     59566.5287 1.50021958E+03
     59568.5734 1.47593945E+03
     59570.6183 1.49982273E+03
     59572.6633 1.56508802E+03
     59574.7085 1.59455449E+03
     59576.7537 1.59647746E+03
     59578.7992 1.59630298E+03
     59580.8448 1.59608961E+03
     59620.0719 1.59200052E+03
     61148.7917 1.44031547E+03
     62716.7094 1.30303850E+03
     62906.3494 1.28756264E+03
     62908.5084 1.28738737E+03
     62910.6676 1.28714011E+03
     62912.8269 1.28309710E+03
     62914.9863 1.24214677E+03
     62917.1459 1.19273918E+03
     62919.3057 1.17756630E+03
     62921.4656 1.19242275E+03
     62923.6256 1.24148380E+03
     62925.7858 1.28205381E+03
     62927.9461 1.28574213E+03
     62930.1066 1.28563973E+03
     62932.2673 1.28546548E+03
     64324.8302 1.17880597E+03
     65974.1848 1.06638275E+03
     67665.8306 9.64650167E+02
     67706.1176 9.62378512E+02
     67708.4413 9.62247027E+02
     67710.7652 9.62000260E+02
     67713.0893 9.56003265E+02
     67715.4135 9.17127248E+02
     67717.7379 8.85899208E+02
     67720.0624 8.75082140E+02
     67722.3871 8.85663704E+02
     67724.7120 9.16638478E+02
     67727.0370 9.55227019E+02
     67729.3622 9.60954472E+02
     67731.6875 9.60939520E+02
     67734.0130 9.60809501E+02
     69400.8519 8.72595094E+02
     71180.3609 7.89300017E+02
     73005.4983 7.13934072E+02
     73121.6576 7.09448377E+02
     74583.5015 6.56469412E+02
     74586.0613 6.56356967E+02
     74588.6212 6.52565157E+02
     74591.1814 6.19262365E+02
     74593.7417 5.82951671E+02
     74596.3022 5.56628932E+02
     74598.8628 5.48122488E+02
     74598.8628 5.48122447E+02
     74601.4236 5.56481158E+02
     74603.9846 5.82641664E+02
     74606.5458 6.18766704E+02
     74609.1072 6.51861070E+02
     74611.6687 6.55468742E+02
     74614.2304 6.55403478E+02
     75009.6929 6.41805066E+02
     75012.2673 6.41712545E+02
     75014.8419 6.40745570E+02
     75017.4167 6.20971318E+02
     75019.9916 5.89926754E+02
     75022.5667 5.66890892E+02
     75025.1420 5.58333348E+02
     75027.7175 5.66740153E+02
     75030.2931 5.89612343E+02
     75032.8690 6.20472493E+02
     75035.4449 6.40048882E+02
     75038.0211 6.40839425E+02
     75040.5975 6.40757306E+02
     75065.7621 6.39905725E+02
     75068.3384 6.39817753E+02
     75070.9149 6.39578545E+02
     75073.4916 6.32653589E+02
     75076.0685 6.05390961E+02
     75078.6455 5.85361191E+02
     75081.2227 5.77896462E+02
     75083.8001 5.85205229E+02
     75086.3777 6.05067700E+02
     75088.9554 6.32140935E+02
     75091.5334 6.38882403E+02
     75094.1115 6.38947201E+02
     75096.6897 6.38861060E+02
     76511.6541 5.93265384E+02
     78473.4914 5.36564346E+02
     80485.6322 4.85268565E+02
     81532.2749 4.61005972E+02
     81535.0732 4.60943130E+02
     81537.8717 4.60874589E+02
     81540.6703 4.60496662E+02
     81543.4692 4.55659990E+02
     81546.2682 4.41449021E+02
     81549.0674 4.34366246E+02
     81551.8668 4.41330756E+02
     81554.6664 4.55413081E+02
     81557.4663 4.60120425E+02
     81560.2662 4.60372406E+02
     81563.0664 4.60315390E+02
     81565.8668 4.60252684E+02
     82549.3664 4.38864296E+02
     84666.0168 3.96886453E+02
     86627.3558 3.62375972E+02
     86630.3290 3.62326513E+02
     86633.3023 3.62266923E+02
     86636.2758 3.61664371E+02
     86639.2496 3.54521080E+02
     86642.2235 3.41466287E+02
     86645.1977 3.36824813E+02
     86648.1721 3.41374936E+02
     86651.1466 3.54329820E+02
     86654.1214 3.61368861E+02
     86657.0964 3.61871947E+02
     86660.0715 3.61832771E+02
     86663.0469 3.61783482E+02
     86836.9403 3.58914021E+02
     87582.8046 3.46923098E+02
     87585.8105 3.46874992E+02
     87588.8167 3.46687856E+02
     87591.8230 3.41393551E+02
     87594.8295 3.26548108E+02
     87597.8363 3.15141385E+02
     87600.8433 3.10807014E+02
     87603.8504 3.15057177E+02
     87606.8578 3.26373229E+02
     87609.8654 3.41117100E+02
     87612.8732 3.46309925E+02
     87615.8811 3.46402227E+02
     87618.8893 3.46355777E+02
     89063.5285 3.24565894E+02
     90273.6514 3.07617070E+02
     92097.3615 2.84261668E+02
     93901.0230 2.63165631E+02
     93904.2458 2.63129628E+02
     93907.4688 2.63077432E+02
     93910.6920 2.62184287E+02
     93913.9154 2.54311583E+02
     93917.1391 2.45604981E+02
     93920.3630 2.42547589E+02
     93923.5871 2.45539177E+02
     93926.8114 2.54174832E+02
     93930.0359 2.61970124E+02
     93933.2607 2.62790343E+02
     93936.4857 2.62770730E+02
     93939.7109 2.62734953E+02
     94458.8323 2.57040340E+02
     96880.8536 2.32419828E+02
     99364.9781 2.10152290E+02
    101912.7980 1.90013431E+02
    104525.9467 1.71800273E+02
    105013.5701 1.68646718E+02
    105017.1743 1.68623561E+02
    105020.7787 1.68579757E+02
    105024.3834 1.67538235E+02
    105027.9883 1.61602681E+02
    105031.5934 1.56277108E+02
    105035.1988 1.54265470E+02
    105038.8045 1.56235167E+02
    105042.4104 1.61515737E+02
    105046.0165 1.67401508E+02
    105049.6229 1.68395594E+02
    105053.2296 1.68393307E+02
    105056.8365 1.68370413E+02
    107206.0992 1.55329136E+02
    109954.9735 1.40433809E+02
    112774.3318 1.27008148E+02
    113063.9268 1.25717265E+02
    113067.8073 1.25699586E+02
    113071.6880 1.25597076E+02
    113075.5690 1.23057819E+02
    113079.4503 1.17343536E+02
    113083.3318 1.12763833E+02
    113087.2136 1.11087066E+02
    113091.0957 1.12733582E+02
    113094.9780 1.17280454E+02
    113098.8606 1.22958020E+02
    113102.7434 1.25459840E+02
    113106.6266 1.25527825E+02
    113110.5100 1.25511152E+02
    115371.3539 1.15995827E+02
    115375.3135 1.15979957E+02
    115379.2735 1.15962284E+02
    115383.2337 1.15847072E+02
    115387.1941 1.14399571E+02
    115391.1549 1.10748549E+02
    115395.1159 1.09132879E+02
    115399.0772 1.10718738E+02
    115403.0388 1.14337412E+02
    115407.0006 1.15752098E+02
    115410.9627 1.15835484E+02
    115414.9251 1.15821454E+02
    115418.8877 1.15805622E+02
    115665.9813 1.14823141E+02
    118631.7757 1.03804793E+02
    121673.6161 9.38416524E+01
    123693.8686 8.78794240E+01
    123698.1139 8.78661117E+01
    123702.3595 8.76422126E+01
    123706.6054 8.44382950E+01
    123710.8516 7.95926728E+01
    123715.0980 7.61262147E+01
    123719.3448 7.50540201E+01
    123723.5918 7.61057750E+01
    123727.8392 7.95498990E+01
    123732.0868 8.43699668E+01
    123736.3347 8.75465060E+01
    123740.5829 8.77459571E+01
    123744.8314 8.77352347E+01
    123846.4131 8.74487092E+01
    123850.6636 8.74366336E+01
    123854.9145 8.74051059E+01
    123859.1656 8.65501378E+01
    123863.4170 8.32070452E+01
    123867.6687 8.02901976E+01
    123871.9207 7.91788906E+01
    123876.1729 8.02686060E+01
    123880.4255 8.31621956E+01
    123884.6784 8.64795588E+01
    123888.9315 8.73094884E+01
    123893.1850 8.73170640E+01
    123897.4387 8.73052253E+01
    124793.4524 8.48328924E+01
    125845.0664 8.20416148E+01
    125849.3855 8.20303731E+01
    125853.7049 8.20163433E+01
    125858.0246 8.18541821E+01
    125862.3446 8.00966919E+01
    125866.6650 7.73560194E+01
    125870.9856 7.63490954E+01
    125875.3065 7.73351893E+01
    125879.6277 8.00533233E+01
    125883.9492 8.17870670E+01
    125888.2710 8.19265935E+01
    125892.5930 8.19181797E+01
    125896.9154 8.19069826E+01
    127993.2846 7.66872960E+01
    129994.0580 7.20874597E+01
    132620.2005 6.65749866E+01
    136020.7185 6.01794353E+01
    139508.4292 5.43971423E+01
    141801.8822 5.09701138E+01
    141806.7490 5.09631122E+01
    141811.6161 5.09525053E+01
    141816.4836 5.07584461E+01
    141821.3514 4.92645262E+01
    141826.2195 4.76179412E+01
    141831.0879 4.69931218E+01
    141835.9567 4.76051025E+01
    141840.8258 4.92378844E+01
    141845.6953 5.07168397E+01
    141850.5651 5.08966957E+01
    141855.4352 5.08933420E+01
    141860.3056 5.08863895E+01
    143085.5684 4.91694263E+01
    146754.4291 4.44432075E+01
    150517.3632 4.01704747E+01
    152562.4708 3.80630256E+01
    155644.5409 3.51459689E+01
    159635.4265 3.17656553E+01
    162057.9786 2.99107451E+01
    162063.5406 2.99065771E+01
    162069.1029 2.98907854E+01
    162074.6657 2.94662942E+01
    162080.2288 2.81731783E+01
    162085.7923 2.70664986E+01
    162091.3562 2.66687713E+01
    162096.9205 2.70591995E+01
    162102.4852 2.81579557E+01
    162108.0502 2.94422530E+01
    162113.6156 2.98580205E+01
    162119.1814 2.98655924E+01
    162124.7476 2.98615633E+01
    163728.6426 2.87099084E+01
    164083.7033 2.84624975E+01
    164089.3348 2.84585916E+01
    164094.9667 2.84541059E+01
    164100.5990 2.84184350E+01
    164106.2317 2.79872617E+01
    164111.8647 2.70674538E+01
    164117.4982 2.66899347E+01
    164123.1320 2.70601393E+01
    164128.7662 2.79720262E+01
    164134.4008 2.83950735E+01
    164140.0358 2.84229036E+01
    164145.6712 2.84195874E+01
    164151.3070 2.84156925E+01
    167926.8129 2.59476237E+01
    168771.8091 2.54323523E+01
    168777.6015 2.54288447E+01
    168783.3943 2.54218932E+01
    168789.1875 2.52546370E+01
    168794.9812 2.43759131E+01
    168800.7752 2.35123762E+01
    168806.5696 2.31838285E+01
    168812.3644 2.35060277E+01
    168818.1595 2.43627185E+01
    168823.9551 2.52339461E+01
    168829.7511 2.53940126E+01
    168835.5475 2.53939858E+01
    168841.3443 2.53905216E+01
    172232.6287 2.34506711E+01
    176648.8499 2.11936112E+01
    176936.3567 2.10562793E+01
    180510.8285 1.94399060E+01
    185139.3113 1.75683031E+01
    186113.4598 1.72034615E+01
    186119.8474 1.72010963E+01
    186126.2354 1.71979805E+01
    186132.6239 1.71555050E+01
    186139.0128 1.67440606E+01
    186145.4021 1.61717335E+01
    186151.7919 1.59533137E+01
    186158.1821 1.61673599E+01
    186164.5728 1.67349681E+01
    186170.9639 1.71414008E+01
    186177.3555 1.71791051E+01
    186183.7474 1.71775004E+01
    186190.1399 1.71751464E+01
    189886.4731 1.58766092E+01
    190580.1828 1.56467317E+01
    190586.7237 1.56444640E+01
    190593.2650 1.56219905E+01
    190599.8068 1.51799023E+01
    190606.3491 1.43156592E+01
    190612.8918 1.37100065E+01
    190619.4349 1.35308156E+01
    190625.9785 1.37063030E+01
    190632.5226 1.43079236E+01
    190639.0670 1.51675445E+01
    190645.6120 1.56048585E+01
    190652.1574 1.56230000E+01
    190658.7032 1.56209745E+01
    194755.3570 1.43475608E+01
    199749.0841 1.29655474E+01
    203115.7156 1.21268527E+01
    203115.7156 1.21268527E+01
    207219.0633 1.11947439E+01
    207219.0633 1.11947439E+01
    217334.6796 9.25053815E+00
    223270.0955 8.30465191E+00
    223277.7583 8.30350664E+00
    223285.4217 8.30162635E+00
    223293.0856 8.26338592E+00
    223300.7500 8.00349711E+00
    223308.4150 7.71579647E+00
    223316.0805 7.60688870E+00
    223323.7465 7.71370751E+00
    223331.4130 7.99915174E+00
    223339.0800 8.25659358E+00
    223346.7476 8.29250443E+00
    223354.4157 8.29210254E+00
    223358.9411 8.29143240E+00
    223362.0844 8.29096206E+00
    223366.6070 8.29028289E+00
    223374.2734 8.28704948E+00
    223381.9404 8.19974112E+00
    223389.6079 7.85681651E+00
    223397.2759 7.54604494E+00
    223404.9444 7.43667591E+00
    223412.6134 7.54400327E+00
    223420.2830 7.85255742E+00
    223427.9531 8.19302314E+00
    223435.6238 8.27794470E+00
    223443.2949 8.27889694E+00
    223450.9666 8.27777094E+00
    228488.5903 7.57086262E+00
    238631.3474 6.36235157E+00
    238639.5374 6.36147600E+00
    238647.7280 6.36042043E+00
    238655.9192 6.34976222E+00
    238664.1110 6.22946211E+00
    238672.3033 6.01402939E+00
    238680.4961 5.92917156E+00
    238688.6896 6.01239940E+00
    238696.8836 6.22606666E+00
    238705.0781 6.34453059E+00
    238713.2733 6.35342837E+00
    238721.4689 6.35273553E+00
    238729.6652 6.35186301E+00
    240849.3033 6.13089804E+00
    254623.8759 4.90634315E+00
    270069.6062 3.87494890E+00
    277977.0974 3.45162979E+00
    277986.6378 3.45113846E+00
    277996.1789 3.44783592E+00
    278005.7207 3.36859359E+00
    278015.2631 3.17831592E+00
    278024.8061 3.04796779E+00
    278034.3499 3.01098354E+00
    278043.8942 3.04714144E+00
    278053.4393 3.17659294E+00
    278062.9849 3.36584040E+00
    278072.5313 3.44404442E+00
    278082.0783 3.44639240E+00
    278091.6259 3.44593447E+00
    287510.2561 3.01515291E+00
    288252.5265 2.98414023E+00
    288262.4196 2.98372854E+00
    288272.3134 2.98313571E+00
    288282.2078 2.97323397E+00
    288292.1030 2.88955238E+00
    288301.9988 2.78377337E+00
    288311.8953 2.74404706E+00
    288321.7925 2.78301827E+00
    288331.6904 2.88797974E+00
    288341.5889 2.97078407E+00
    288351.4881 2.97985271E+00
    288361.3880 2.97962440E+00
    288371.2886 2.97921525E+00
    298334.0060 2.59988400E+00
    298344.2451 2.59952353E+00
    298354.4849 2.59870546E+00
    298364.7255 2.57757457E+00
    298374.9667 2.47461250E+00
    298385.2086 2.37628722E+00
    298395.4512 2.34243014E+00
    298405.6946 2.37564285E+00
    298415.9386 2.47326800E+00
    298426.1833 2.57545623E+00
    298436.4288 2.59584523E+00
    298446.6749 2.59594718E+00
    298456.9218 2.59559237E+00
    307358.9932 2.30695674E+00
    330151.5405 1.73140083E+00
    356595.2576 1.27083326E+00
    387643.8622 9.08865610E-01
    424614.9104 6.30325324E-01
    469381.5923 4.21307092E-01
    524700.1509 2.69163014E-01
    594799.7580 1.62507435E-01
    686518.1466 9.12206212E-02
    811679.4863 4.64533401E-02
    992653.3174 2.06299346E-02
   1277483.9231 7.45181341E-03
   1791548.4107 1.90015706E-03
   2997925.1058 2.36884886E-04
