   70   20
   6.659129E-08   9.111007E-08   1.237908E-07   1.669916E-07   2.235485E-07   2.967871E-07
   3.905171E-07   5.090249E-07   6.570874E-07   8.400174E-07   1.063750E-06   1.334986E-06
   1.661390E-06   2.051804E-06   2.516529E-06   3.067665E-06   3.719491E-06   4.488808E-06
   5.395438E-06   6.462848E-06   7.718806E-06   9.196241E-06   1.093444E-05   1.298052E-05
   1.539074E-05   1.823235E-05   2.158627E-05   2.555031E-05   3.024307E-05   3.580915E-05
   4.242684E-05   5.031552E-05   5.974493E-05   7.104941E-05   8.464426E-05   1.010467E-04
   1.209017E-04   1.450148E-04   1.743872E-04   2.102498E-04   2.541040E-04   3.077656E-04
   3.734042E-04   4.535906E-04   5.513947E-04   6.705179E-04   8.155596E-04   9.925942E-04
   1.210194E-03   1.481126E-03   1.824974E-03   2.271623E-03   2.865473E-03   3.670067E-03
   4.772327E-03   6.289703E-03   8.367747E-03   1.117865E-02   1.493572E-02   1.989670E-02
   2.638051E-02   3.480448E-02   4.575956E-02   6.016394E-02   7.955812E-02   1.066167E-01
   1.459307E-01   2.050458E-01   2.956648E-01   4.349270E-01
   7.919578E+03   2.328909E+12   6.343314E-12   1.434047E+12   1.855333E+06
   2.622499E+05   1.769829E+05   1.766219E+05   1.993602E+05   2.342890E+05
   2.781817E+05   3.297782E+05   3.884821E+05   4.539540E+05   5.259478E+05
   6.042230E+05   6.884759E+05   7.782631E+05   1.718274E+07   2.326675E+12
   8.500711E+03   3.507304E+12   7.177475E-12   7.494199E+11   2.693223E+06
   4.599706E+05   3.316681E+05   3.412929E+05   3.916972E+05   4.649651E+05
   5.556724E+05   6.616605E+05   7.818762E+05   9.156756E+05   1.062525E+06
   1.221815E+06   1.392681E+06   1.573770E+06   2.848825E+07   3.505832E+12
   8.565873E+03   4.665469E+12   9.785718E-12   1.138271E+12   4.547676E+06
   7.920732E+05   5.750692E+05   5.936401E+05   6.824877E+05   8.109861E+05
   9.698343E+05   1.155309E+06   1.365561E+06   1.599404E+06   1.855766E+06
   2.133323E+06   2.430091E+06   2.742862E+06   4.300474E+07   4.663301E+12
   8.613950E+03   6.140278E+12   1.332704E-11   1.764023E+12   7.612702E+06
   1.344982E+06   9.813907E+05   1.015428E+06   1.168867E+06   1.389981E+06
   1.663017E+06   1.981629E+06   2.342594E+06   2.743725E+06   3.182871E+06
   3.657168E+06   4.162130E+06   4.690291E+06   6.376663E+07   6.137049E+12
   8.662473E+03   8.006398E+12   1.802365E-11   2.683797E+12   1.250861E+07
   2.241694E+06   1.643872E+06   1.704816E+06   1.964881E+06   2.338315E+06
   2.798927E+06   3.336079E+06   3.944220E+06   4.619329E+06   5.357102E+06
   6.151411E+06   6.992284E+06   7.862667E+06   9.272402E+07   8.001687E+12
   8.713715E+03   1.034391E+13   2.416447E-11   3.988895E+12   2.014675E+07
   3.664663E+06   2.701389E+06   2.808296E+06   3.240916E+06   3.859854E+06
   4.622386E+06   5.510987E+06   6.516207E+06   7.630682E+06   8.845845E+06
   1.014877E+07   1.151767E+07   1.291442E+07   1.321317E+08   1.033720E+13
   8.771809E+03   1.325288E+13   3.203732E-11   5.749952E+12   3.177477E+07
   5.876869E+06   4.357435E+06   4.542110E+06   5.249479E+06   6.257417E+06
   7.497562E+06   8.941525E+06   1.057337E+07   1.237968E+07   1.434350E+07
   1.643794E+07   1.861629E+07   2.079501E+07   1.845186E+08   1.324359E+13
   8.837275E+03   1.684621E+13   4.195734E-11   8.040966E+12   4.910598E+07
   9.252016E+06   6.904537E+06   7.218756E+06   8.356506E+06   9.970572E+06
   1.195357E+07   1.426023E+07   1.686389E+07   1.974014E+07   2.285579E+07
   2.615569E+07   2.954140E+07   3.283387E+07   2.525048E+08   1.683367E+13
   8.917096E+03   2.129406E+13   5.411175E-11   1.080271E+13   7.437431E+07
   1.432737E+07   1.077553E+07   1.130647E+07   1.311395E+07   1.566491E+07
   1.879350E+07   2.242842E+07   2.652531E+07   3.103975E+07   3.590705E+07
   4.101532E+07   4.615983E+07   5.096376E+07   3.389889E+08   2.127765E+13
   9.003017E+03   2.672090E+13   6.892370E-11   1.416172E+13   1.106667E+08
   2.182466E+07   1.654950E+07   1.743099E+07   2.025906E+07   2.422920E+07
   2.908929E+07   3.472839E+07   4.107293E+07   4.804242E+07   5.551204E+07
   6.325818E+07   7.086311E+07   7.755403E+07   4.457814E+08   2.669985E+13
   9.095159E+03   3.330189E+13   8.672275E-11   1.813826E+13   1.619330E+08
   3.273232E+07   2.503587E+07   2.647481E+07   3.083656E+07   3.692629E+07
   4.436639E+07   5.298601E+07   6.266339E+07   7.325333E+07   8.451761E+07
   9.601606E+07   1.069131E+08   1.156696E+08   5.740930E+08   3.327534E+13
   9.190679E+03   4.120755E+13   1.079598E-10   2.282919E+13   2.333272E+08
   4.835968E+07   3.731432E+07   3.961917E+07   4.624743E+07   5.545138E+07
   6.667329E+07   7.965228E+07   9.418742E+07   1.100183E+08   1.266963E+08
   1.433696E+08   1.584050E+08   1.688446E+08   7.236167E+08   4.117453E+13
   9.286861E+03   5.061660E+13   1.331922E-10   2.838651E+13   3.315185E+08
   7.042906E+07   5.481476E+07   5.843352E+07   6.835631E+07   8.206276E+07
   9.873956E+07   1.179913E+08   1.394873E+08   1.627647E+08   1.869903E+08
   2.105478E+08   2.303282E+08   2.408861E+08   8.924220E+08   5.057594E+13
   9.381362E+03   6.171873E+13   1.631089E-10   3.502897E+13   4.651309E+08
   1.011914E+08   7.941493E+07   8.498374E+07   9.962071E+07   1.197385E+08
   1.441647E+08   1.723037E+08   2.036129E+08   2.372778E+08   2.717760E+08
   3.041022E+08   3.285155E+08   3.354896E+08   1.076976E+09   6.166901E+13
   9.473260E+03   7.473721E+13   1.984932E-10   4.299805E+13   6.452775E+08
   1.436010E+08   1.135952E+08   1.220068E+08   1.433015E+08   1.724331E+08
   2.077284E+08   2.482941E+08   2.932437E+08   3.411585E+08   3.893002E+08
   4.322008E+08   4.596035E+08   4.558247E+08   1.272513E+09   7.467673E+13
   9.561963E+03   8.992570E+13   2.402836E-10   5.259669E+13   8.863166E+08
   2.015211E+08   1.606143E+08   1.731066E+08   2.036972E+08   2.453617E+08
   2.957324E+08   3.534739E+08   4.171429E+08   4.842946E+08   5.500794E+08
   6.047668E+08   6.306935E+08   6.038784E+08   1.473394E+09   8.985241E+13
   9.644853E+03   1.075099E+14   2.898245E-10   6.439672E+13   1.206957E+09
   2.798843E+08   2.246131E+08   2.428540E+08   2.862540E+08   3.451260E+08
   4.161438E+08   4.973158E+08   5.863046E+08   6.789458E+08   7.667936E+08
   8.329535E+08   8.482780E+08   7.794575E+08   1.673624E+09   1.074212E+14
   9.720355E+03   1.277338E+14   3.487482E-10   7.912241E+13   1.631255E+09
   3.850115E+08   3.108937E+08   3.370990E+08   3.979402E+08   4.801683E+08
   5.791398E+08   6.918906E+08   8.146584E+08   9.404365E+08   1.054772E+09
   1.129113E+09   1.117683E+09   9.801008E+08   1.867882E+09   1.276264E+14
   9.790111E+03   1.509583E+14   4.186967E-10   9.738668E+13   2.189770E+09
   5.252034E+08   4.264872E+08   4.636334E+08   5.480565E+08   6.617675E+08
   7.983147E+08   9.532919E+08   1.120675E+09   1.288806E+09   1.433358E+09
   1.507408E+09   1.443043E+09   1.201648E+09   2.051988E+09   1.508285E+14
   9.855291E+03   1.775925E+14   5.016441E-10   1.199513E+14   2.921641E+09
   7.111901E+08   5.805143E+08   6.325795E+08   7.486939E+08   9.045862E+08
   1.091324E+09   1.302359E+09   1.528095E+09   1.749325E+09   1.925767E+09
   1.982572E+09   1.825795E+09   1.438128E+09   2.222932E+09   1.774358E+14
   9.916016E+03   2.080564E+14   6.000985E-10   1.478836E+14   3.876868E+09
   9.566524E+08   7.846017E+08   8.568410E+08   1.015263E+09   1.227302E+09
   1.480622E+09   1.765493E+09   2.066699E+09   2.352917E+09   2.558574E+09
   2.568229E+09   2.263485E+09   1.682333E+09   2.379034E+09   2.078676E+14
   9.972666E+03   2.428321E+14   7.170379E-10   1.824680E+14   5.119089E+09
   1.279140E+09   1.053705E+09   1.153036E+09   1.367620E+09   1.653972E+09
   1.995087E+09   2.376501E+09   2.774210E+09   3.137632E+09   3.361939E+09
   3.275874E+09   2.749846E+09   1.927013E+09   2.519814E+09   2.426049E+14
   1.002546E+04   2.824514E+14   8.561001E-10   2.253299E+14   6.729261E+09
   1.701057E+09   1.406943E+09   1.542417E+09   1.831159E+09   2.215347E+09
   2.671561E+09   3.178295E+09   3.697864E+09   4.149407E+09   4.368623E+09
   4.112924E+09   3.274958E+09   2.165699E+09   2.645739E+09   2.821786E+14
   1.007553E+04   3.276049E+14   1.021419E-09   2.782302E+14   8.811085E+09
   2.251636E+09   1.869407E+09   2.052956E+09   2.439341E+09   2.951946E+09
   3.558508E+09   4.227028E+09   4.898589E+09   5.445179E+09   5.614688E+09
   5.082489E+09   3.826867E+09   2.393448E+09   2.757716E+09   3.272780E+14
   1.012372E+04   3.790901E+14   1.217950E-09   3.433101E+14   1.149730E+10
   2.968666E+09   2.473643E+09   2.720981E+09   3.235645E+09   3.916395E+09
   4.718729E+09   5.594978E+09   6.453364E+09   7.093195E+09   7.136679E+09
   6.180958E+09   4.392139E+09   2.606767E+09   2.856911E+09   3.786992E+14
   1.017082E+04   4.378472E+14   1.451577E-09   4.231189E+14   1.495827E+10
   3.901213E+09   3.262083E+09   3.593937E+09   4.276891E+09   5.177426E+09
   6.234026E+09   7.375552E+09   8.459494E+09   9.174365E+09   8.969258E+09
   7.397274E+09   4.957289E+09   2.803587E+09   2.944535E+09   4.373810E+14
   1.021765E+04   5.050190E+14   1.729263E-09   5.206421E+14   1.941434E+10
   5.113639E+09   4.290638E+09   4.734470E+09   5.638155E+09   6.825806E+09
   8.212103E+09   9.690627E+09   1.104068E+10   1.178391E+10   1.114257E+10
   8.713324E+09   5.510134E+09   2.983048E+09   3.021703E+09   5.044644E+14
   1.026559E+04   5.821110E+14   2.058941E-09   6.390778E+14   2.515509E+10
   6.692407E+09   5.634963E+09   6.227606E+09   7.421461E+09   8.984842E+09
   1.079883E+10   1.270366E+10   1.435807E+10   1.503559E+10   1.368107E+10
   1.010597E+10   6.040781E+09   3.145124E+09   3.089218E+09   5.814527E+14
   1.031346E+04   6.704098E+14   2.451782E-09   7.837646E+14   3.254630E+10
   8.745034E+09   7.388740E+09   8.178435E+09   9.752708E+09   1.180629E+10
   1.417258E+10   1.661109E+10   1.859570E+10   1.903890E+10   1.658388E+10
   1.154228E+10   6.540751E+09   3.290558E+09   3.148375E+09   6.696300E+14
   1.036201E+04   7.718249E+14   2.920189E-09   9.601468E+14   4.207289E+10
   1.141787E+10   9.680546E+09   1.073170E+10   1.280554E+10   1.549933E+10
   1.857827E+10   2.167906E+10   2.399296E+10   2.391920E+10   1.983978E+10
   1.299143E+10   7.005257E+09   3.420425E+09   3.199778E+09   7.709024E+14
   1.041194E+04   8.887192E+14   3.479269E-09   1.174819E+15   5.437768E+10
   1.490756E+10   1.268395E+10   1.408316E+10   1.681491E+10   2.034660E+10
   2.434481E+10   2.825846E+10   3.084797E+10   2.980448E+10   2.341874E+10
   1.442385E+10   7.431801E+09   3.535909E+09   3.243812E+09   8.876292E+14
   1.046369E+04   1.023904E+15   4.147671E-09   1.436027E+15   7.031174E+10
   1.947752E+10   1.663238E+10   1.849651E+10   2.209733E+10   2.672804E+10
   3.191106E+10   3.680661E+10   3.952144E+10   3.681034E+10   2.726855E+10
   1.581241E+10   7.819558E+09   3.638179E+09   3.280709E+09   1.022617E+15
   1.051788E+04   1.180878E+15   4.947880E-09   1.753603E+15   9.101346E+10
   2.548571E+10   2.184471E+10   2.433278E+10   2.908628E+10   3.516279E+10
   4.187155E+10   4.792610E+10   5.044799E+10   4.502893E+10   3.131873E+10
   1.713465E+10   8.168906E+09   3.728222E+09   3.310424E+09   1.179360E+15
   1.057521E+04   1.364027E+15   5.907255E-09   2.139384E+15   1.180202E+11
   3.342347E+10   2.876107E+10   3.209131E+10   3.838144E+10   4.636707E+10
   5.503795E+10   6.241211E+10   6.414024E+10   5.451159E+10   3.548492E+10
   1.837337E+10   8.480937E+09   3.806807E+09   3.332683E+09   1.362234E+15
   1.063703E+04   1.579235E+15   7.057921E-09   2.606531E+15   1.534542E+11
   4.398481E+10   3.800768E+10   4.248478E+10   5.083910E+10   6.136056E+10
   7.255241E+10   8.134062E+10   8.120698E+10   6.526187E+10   3.967826E+10
   1.951660E+10   8.756783E+09   3.874273E+09   3.346827E+09   1.577117E+15
   1.070363E+04   1.833229E+15   8.441094E-09   3.172752E+15   2.001791E+11
   5.811765E+10   5.044369E+10   5.649247E+10   6.763518E+10   8.153660E+10
   9.594845E+10   1.060735E+11   1.022675E+11   7.717795E+10   4.380015E+10
   2.055571E+10   8.997887E+09   3.931017E+09   3.352319E+09   1.830724E+15
   1.077602E+04   2.134948E+15   1.010560E-08   3.858053E+15   2.621843E+11
   7.717310E+10   6.730284E+10   7.552472E+10   9.046311E+10   1.088918E+11
   1.273823E+11   1.384046E+11   1.279584E+11   9.007545E+10   4.776165E+10
   2.148612E+10   9.205266E+09   3.976986E+09   3.348241E+09   2.131980E+15
   1.085868E+04   2.499388E+15   1.209931E-08   4.675821E+15   3.454676E+11
   1.032730E+11   9.054850E+10   1.018382E+11   1.220364E+11   1.466135E+11
   1.702373E+11   1.809864E+11   1.590678E+11   1.037542E+11   5.149485E+10
   2.230337E+10   9.377351E+09   4.010765E+09   3.332777E+09   2.495859E+15
   1.095252E+04   2.942616E+15   1.448803E-08   5.648983E+15   4.582205E+11
   1.393668E+11   1.229277E+11   1.385974E+11   1.661537E+11   1.991181E+11
   2.290259E+11   2.368962E+11   1.959775E+11   1.178153E+11   5.491992E+10
   2.300355E+10   9.513926E+09   4.031895E+09   3.305063E+09   2.938403E+15
   1.106034E+04   3.487666E+15   1.734001E-08   6.794970E+15   6.124043E+11
   1.899279E+11   1.686571E+11   1.906815E+11   2.286697E+11   2.731461E+11
   3.103731E+11   3.100493E+11   2.387554E+11   1.318102E+11   5.797361E+10
   2.358222E+10   9.613260E+09   4.039222E+09   3.263962E+09   3.482611E+15
   1.118641E+04   4.167137E+15   2.072111E-08   8.120200E+15   8.256457E+11
   2.618402E+11   2.343134E+11   2.657394E+11   3.187528E+11   3.791159E+11
   4.239899E+11   4.051249E+11   2.869116E+11   1.452471E+11   6.060026E+10
   2.403257E+10   9.672336E+09   4.031205E+09   3.208565E+09   4.161032E+15
   1.133621E+04   5.026622E+15   2.468703E-08   9.612071E+15   1.123982E+12
   3.657936E+11   3.302704E+11   3.759027E+11   4.509170E+11   5.332213E+11
   5.838800E+11   5.270320E+11   3.391143E+11   1.576047E+11   6.274661E+10
   2.434537E+10   9.687431E+09   4.006316E+09   3.138695E+09   5.019186E+15
   1.151726E+04   6.131372E+15   2.926380E-08   1.122070E+16   1.546092E+12
   5.186795E+11   4.732298E+11   5.408326E+11   6.486143E+11   7.609758E+11
   8.098780E+11   6.797762E+11   3.930409E+11   1.683621E+11   6.435697E+10
   2.450800E+10   9.654113E+09   3.963198E+09   3.055361E+09   6.122219E+15
   1.174220E+04   7.581082E+15   3.440100E-08   1.281643E+16   2.150184E+12
   7.480941E+11   6.911395E+11   7.937006E+11   9.512483E+11   1.103787E+12
   1.129649E+12   8.646403E+11   4.454338E+11   1.769978E+11   6.535714E+10
   2.449959E+10   9.565968E+09   3.900495E+09   2.961367E+09   7.569658E+15
   1.201557E+04   9.483051E+15   4.006118E-08   1.426963E+16   3.010995E+12
   1.092982E+12   1.024567E+12   1.183061E+12   1.415846E+12   1.617531E+12
   1.569377E+12   1.073265E+12   4.918217E+11   1.830633E+11   6.571345E+10
   2.431822E+10   9.424989E+09   3.820446E+09   2.861693E+09   9.468583E+15
   1.234912E+04   1.198709E+16   4.610472E-08   1.534762E+16   4.225478E+12
   1.611196E+12   1.535977E+12   1.784462E+12   2.129875E+12   2.380223E+12
   2.148886E+12   1.288752E+12   5.282292E+11   1.862454E+11   6.538284E+10
   2.395378E+10   9.230467E+09   3.724815E+09   2.762449E+09   1.196846E+16
   1.276008E+04   1.527800E+16   5.229933E-08   1.572781E+16   5.895899E+12
   2.380192E+12   2.313665E+12   2.706263E+12   3.215607E+12   3.483327E+12
   2.860775E+12   1.485768E+12   5.513992E+11   1.862745E+11   6.430413E+10
   2.338896E+10   8.979679E+09   3.615024E+09   2.670420E+09   1.525360E+16
   1.326947E+04   1.953843E+16   5.840789E-08   1.508714E+16   8.074566E+12
   3.481549E+12   3.460814E+12   4.078286E+12   4.811814E+12   4.992105E+12
   3.642478E+12   1.635602E+12   5.590908E+11   1.829206E+11   6.240423E+10
   2.259978E+10   8.666468E+09   3.490631E+09   2.590208E+09   1.950600E+16
   1.389252E+04   2.485257E+16   6.447190E-08   1.336650E+16   1.067198E+13
   4.954652E+12   5.050063E+12   5.998173E+12   7.004467E+12   6.863517E+12
   4.369205E+12   1.716705E+12   5.509174E+11   1.762184E+11   5.966689E+10
   2.157294E+10   8.283646E+09   3.347957E+09   2.518445E+09   2.480937E+16
   1.461996E+04   3.114782E+16   7.118594E-08   1.105081E+16   1.348047E+13
   6.768584E+12   7.083680E+12   8.478835E+12   9.762591E+12   8.913818E+12
   4.918293E+12   1.728369E+12   5.299361E+11   1.669430E+11   5.628000E+10
   2.035218E+10   7.837381E+09   3.184005E+09   2.441438E+09   3.109112E+16
   1.542638E+04   3.841310E+16   7.967716E-08   8.819486E+15   1.642598E+13
   8.918299E+12   9.581357E+12   1.154646E+13   1.304825E+13   1.096109E+13
   5.256408E+12   1.690088E+12   5.016060E+11   1.563878E+11   5.258684E+10
   1.903351E+10   7.352396E+09   3.002428E+09   2.346774E+09   3.834036E+16
   1.629654E+04   4.694304E+16   9.103747E-08   7.024896E+15   1.970740E+13
   1.154082E+13   1.271416E+13   1.540070E+13   1.697417E+13   1.293384E+13
   5.420766E+12   1.623592E+12   4.704307E+11   1.455746E+11   4.886693E+10
   1.770274E+10   6.856173E+09   2.811641E+09   2.233055E+09   4.685128E+16
   1.723090E+04   5.734172E+16   1.063459E-07   5.702368E+15   2.371726E+13
   1.493600E+13   1.685004E+13   2.046792E+13   2.180290E+13   1.480938E+13
   5.456533E+12   1.542820E+12   4.388335E+11   1.350196E+11   4.526359E+10
   1.640813E+10   6.367197E+09   2.619370E+09   2.105819E+09   5.722644E+16
   1.824382E+04   7.043808E+16   1.268284E-07   4.749715E+15   2.892564E+13
   1.954270E+13   2.254789E+13   2.738038E+13   2.782599E+13   1.651702E+13
   5.390095E+12   1.454008E+12   4.075870E+11   1.248373E+11   4.180465E+10
   1.516111E+10   5.891716E+09   2.429377E+09   1.970796E+09   7.029260E+16
   1.935917E+04   8.720277E+16   1.539181E-07   4.045815E+15   3.580341E+13
   2.591237E+13   3.054069E+13   3.692044E+13   3.517858E+13   1.790608E+13
   5.232656E+12   1.359065E+12   3.766266E+11   1.149423E+11   3.845812E+10
   1.395231E+10   5.427919E+09   2.242070E+09   1.831384E+09   8.701784E+16
   2.060546E+04   1.087329E+17   1.893099E-07   3.498537E+15   4.480946E+13
   3.471056E+13   4.174306E+13   4.995896E+13   4.365864E+13   1.880189E+13
   4.992916E+12   1.258753E+12   3.457421E+11   1.052271E+11   3.518589E+10
   1.276939E+10   4.972255E+09   2.056770E+09   1.689285E+09   1.084967E+17
   2.200568E+04   1.361055E+17   2.347244E-07   3.050966E+15   5.631406E+13
   4.664551E+13   5.715725E+13   6.723056E+13   5.255220E+13   1.908644E+13
   4.685315E+12   1.154683E+12   3.150392E+11   9.568909E+10   3.198461E+10
   1.161179E+10   4.525182E+09   1.874116E+09   1.546396E+09   1.358043E+17
   2.357416E+04   1.702935E+17   2.917519E-07   2.673073E+15   7.056051E+13
   6.239750E+13   7.775941E+13   8.905885E+13   6.073258E+13   1.876210E+13
   4.331159E+12   1.049565E+12   2.849559E+11   8.643003E+10   2.888509E+10
   1.049074E+10   4.091394E+09   1.696288E+09   1.405284E+09   1.699122E+17
   2.532110E+04   2.123151E+17   3.620884E-07   2.351990E+15   8.777479E+13
   8.267599E+13   1.045298E+14   1.152375E+14   6.708980E+13   1.794174E+13
   3.953686E+12   9.463719E+11   2.560354E+11   7.758640E+10   2.592972E+10
   9.421432E+09   3.676951E+09   1.525926E+09   1.268571E+09   2.118380E+17
   2.725374E+04   2.631913E+17   4.474438E-07   2.080542E+15   1.081450E+14
   1.081738E+14   1.383451E+14   1.448077E+14   7.089190E+13   1.678225E+13
   3.572968E+12   8.476561E+11   2.287606E+11   6.928238E+10   2.315742E+10
   8.417848E+09   3.287411E+09   1.365432E+09   1.138588E+09   2.626026E+17
   2.937886E+04   3.240626E+17   5.497337E-07   1.853926E+15   1.319118E+14
   1.396363E+14   1.800032E+14   1.760903E+14   7.198652E+13   1.543485E+13
   3.203968E+12   7.552413E+11   2.034712E+11   6.160479E+10   2.059547E+10
   7.489825E+09   2.926720E+09   1.216529E+09   1.017059E+09   3.233461E+17
   3.170415E+04   3.964751E+17   6.715615E-07   1.669439E+15   1.595904E+14
   1.781097E+14   2.304547E+14   2.070091E+14   7.072475E+13   1.402078E+13
   2.856690E+12   6.702519E+11   1.803636E+11   5.460213E+10   1.825895E+10
   6.642877E+09   2.597137E+09   1.080232E+09   9.050750E+08   3.956140E+17
   3.423822E+04   4.829279E+17   8.171422E-07   1.527007E+15   1.923900E+14
   2.254880E+14   2.913582E+14   2.356103E+14   6.772735E+13   1.262680E+13
   2.537221E+12   5.932725E+11   1.595237E+11   4.829322E+10   1.615359E+10
   5.879153E+09   2.299596E+09   9.569913E+08   8.032171E+08   4.819017E+17
   3.699047E+04   5.878994E+17   9.940359E-07   1.430219E+15   2.329899E+14
   2.856163E+14   3.661506E+14   2.605713E+14   6.366109E+13   1.131001E+13
   2.248824E+12   5.245053E+11   1.409591E+11   4.267604E+10   1.427843E+10
   5.198410E+09   2.034088E+09   8.468551E+08   7.116803E+08   5.866784E+17
   3.997164E+04   7.195928E+17   1.216094E-06   1.387753E+15   2.869125E+14
   3.663410E+14   4.617533E+14   2.813767E+14   5.909690E+13   1.010444E+13
   1.992709E+12   4.638685E+11   1.246183E+11   3.773250E+10   1.262736E+10
   4.598521E+09   1.799850E+09   7.495441E+08   6.303420E+08   7.181268E+17
   4.319569E+04   8.924969E+17   1.507780E-06   1.415323E+15   3.648351E+14
   4.830596E+14   5.906232E+14   2.979243E+14   5.444509E+13   9.025958E+12
   1.768391E+12   4.110195E+11   1.103917E+11   3.342808E+10   1.118888E+10
   4.075392E+09   1.595328E+09   6.644380E+08   5.587506E+08   8.906969E+17
   4.668302E+04   1.130470E+18   1.909382E-06   1.538350E+15   4.863474E+14
   6.644948E+14   7.717044E+14   3.097146E+14   4.994267E+13   8.075293E+12
   1.573752E+12   3.653279E+11   9.810003E+10   2.970803E+10   9.944767E+09
   3.622449E+09   1.417982E+09   5.904915E+08   4.960570E+08   1.128181E+18
   5.046343E+04   1.469555E+18   2.481756E-06   1.795478E+15   6.858231E+14
   9.613881E+14   1.026517E+15   3.153918E+14   4.568045E+13   7.241034E+12
   1.405179E+12   3.258738E+11   8.749113E+10   2.649583E+10   8.869483E+09
   3.230428E+09   1.264192E+09   5.261988E+08   4.409892E+08   1.466514E+18
   5.457541E+04   1.959518E+18   3.308941E-06   2.242395E+15   1.020916E+15
   1.457784E+15   1.364761E+15   3.134466E+14   4.166079E+13   6.504586E+12
   1.258142E+12   2.915556E+11   7.826621E+10   2.370093E+10   7.932744E+09
   2.888292E+09   1.129629E+09   4.697463E+08   3.919950E+08   1.955315E+18
   5.906217E+04   2.663695E+18   4.497892E-06   2.954380E+15   1.583334E+15
   2.281346E+15   1.760652E+15   3.035723E+14   3.785828E+13   5.846231E+12
   1.128118E+12   2.612844E+11   7.013030E+10   2.123382E+10   7.104549E+09
   2.585087E+09   1.009981E+09   4.193247E+08   3.475326E+08   2.657727E+18
