   70   20
   6.992451E-08   9.588753E-08   1.311524E-07   1.788776E-07   2.431637E-07   3.292443E-07
   4.436662E-07   5.944313E-07   7.910783E-07   1.044696E-06   1.367898E-06   1.774812E-06
   2.281162E-06   2.904444E-06   3.664278E-06   4.582919E-06   5.685885E-06   7.002763E-06
   8.568109E-06   1.042262E-05   1.261433E-05   1.519976E-05   1.824574E-05   2.183143E-05
   2.605068E-05   3.101507E-05   3.685828E-05   4.374062E-05   5.185384E-05   6.142815E-05
   7.274176E-05   8.613244E-05   1.020113E-04   1.208833E-04   1.433721E-04   1.702457E-04
   2.024514E-04   2.411635E-04   2.878367E-04   3.442750E-04   4.127147E-04   4.959326E-04
   5.973577E-04   7.212283E-04   8.728590E-04   1.059056E-03   1.288829E-03   1.574690E-03
   1.934646E-03   2.395198E-03   2.995805E-03   3.794757E-03   4.876268E-03   6.358567E-03
   8.401513E-03   1.121683E-02   1.506810E-02   2.027220E-02   2.721979E-02   3.638335E-02
   4.834388E-02   6.385321E-02   8.396530E-02   1.103065E-01   1.455904E-01   1.945116E-01
   2.651279E-01   3.707262E-01   5.319947E-01   7.793321E-01
   7.775497E+03   8.782869E+11   1.992157E-12   3.033722E+11   2.975566E+05
   3.995689E+04   2.648579E+04   2.621312E+04   2.945467E+04   3.452152E+04
   4.091752E+04   4.845046E+04   5.703124E+04   6.661223E+04   7.716365E+04
   8.866267E+04   1.010868E+05   1.144087E+05   3.962783E+06   8.777088E+11
   8.407486E+03   1.246915E+12   2.302366E-12   1.183372E+11   3.644371E+05
   6.048735E+04   4.318101E+04   4.422885E+04   5.063357E+04   6.001446E+04
   7.165425E+04   8.527032E+04   1.007294E+05   1.179580E+05   1.369070E+05
   1.575341E+05   1.797918E+05   2.036165E+05   6.028626E+06   1.246654E+12
   8.475810E+03   1.680836E+12   3.142445E-12   1.826019E+11   6.299243E+05
   1.067718E+05   7.678546E+04   7.891693E+04   9.051191E+04   1.074005E+05
   1.283227E+05   1.527808E+05   1.805381E+05   2.114611E+05   2.454561E+05
   2.824354E+05   3.222931E+05   3.648794E+05   9.410047E+06   1.680440E+12
   8.522573E+03   2.256527E+12   4.302165E-12   2.946913E+11   1.097552E+06
   1.886929E+05   1.363749E+05   1.404830E+05   1.613248E+05   1.915697E+05
   2.289985E+05   2.727313E+05   3.223461E+05   3.775983E+05   4.383049E+05
   5.042807E+05   5.752855E+05   6.509635E+05   1.460736E+07   2.255904E+12
   8.566719E+03   3.014007E+12   5.882008E-12   4.741879E+11   1.897086E+06
   3.305009E+05   2.399750E+05   2.477350E+05   2.848199E+05   3.384538E+05
   4.047607E+05   4.821982E+05   5.700177E+05   6.677697E+05   7.750939E+05
   8.915939E+05   1.016722E+06   1.149636E+06   2.242754E+07   3.013033E+12
   8.613752E+03   4.003040E+12   8.014917E-12   7.501910E+11   3.236454E+06
   5.717706E+05   4.171944E+05   4.316606E+05   4.968876E+05   5.908896E+05
   7.069809E+05   8.424882E+05   9.960941E+05   1.166973E+06   1.354408E+06
   1.557547E+06   1.775142E+06   2.005210E+06   3.397923E+07   4.001545E+12
   8.666260E+03   5.284445E+12   1.086517E-11   1.159322E+12   5.435709E+06
   9.752229E+05   7.154245E+05   7.420822E+05   8.553733E+05   1.018018E+06
   1.218650E+06   1.452695E+06   1.717857E+06   2.012615E+06   2.335540E+06
   2.684789E+06   3.057539E+06   3.449157E+06   5.072042E+07   5.282209E+12
   8.727039E+03   6.932685E+12   1.462181E-11   1.739245E+12   8.968483E+06
   1.637631E+06   1.208796E+06   1.257418E+06   1.451627E+06   1.729244E+06
   2.071247E+06   2.469927E+06   2.921310E+06   3.422603E+06   3.970931E+06
   4.562325E+06   5.190442E+06   5.844575E+06   7.449519E+07   6.929435E+12
   8.799009E+03   9.039212E+12   1.948795E-11   2.518960E+12   1.451286E+07
   2.705022E+06   2.011083E+06   2.098947E+06   2.427502E+06   2.894864E+06
   3.469740E+06   4.139323E+06   4.896795E+06   5.737010E+06   6.654183E+06
   7.639802E+06   8.679743E+06   9.749551E+06   1.075488E+08   9.034635E+12
   8.882088E+03   1.171090E+13   2.568850E-11   3.524960E+12   2.303164E+07
   4.394012E+06   3.293530E+06   3.450416E+06   3.998685E+06   4.774362E+06
   5.726835E+06   6.835132E+06   8.087645E+06   9.474865E+06   1.098516E+07
   1.260039E+07   1.428947E+07   1.599729E+07   1.524702E+08   1.170464E+13
   8.977240E+03   1.507422E+13   3.344337E-11   4.761155E+12   3.582779E+07
   7.016408E+06   5.307508E+06   5.583924E+06   6.486066E+06   7.754839E+06
   9.309809E+06   1.111711E+07   1.315709E+07   1.541215E+07   1.785894E+07
   2.045922E+07   2.314538E+07   2.579527E+07   2.120303E+08   1.506592E+13
   9.083053E+03   1.926902E+13   4.299027E-11   6.228632E+12   5.465127E+07
   1.101151E+07   8.412897E+06   8.891891E+06   1.035425E+07   1.239806E+07
   1.489769E+07   1.779920E+07   2.106942E+07   2.467579E+07   2.857173E+07
   3.267754E+07   3.684853E+07   4.081917E+07   2.888783E+08   1.925830E+13
   9.197674E+03   2.444834E+13   5.458261E-11   7.924590E+12   8.179082E+07
   1.698285E+07   1.311232E+07   1.392650E+07   1.625963E+07   1.949954E+07
   2.345332E+07   2.803613E+07   3.319219E+07   3.886138E+07   4.495161E+07
   5.129921E+07   5.760012E+07   6.329155E+07   3.851447E+08   2.443479E+13
   9.312598E+03   3.074864E+13   6.863098E-11   9.956128E+12   1.204431E+08
   2.575484E+07   2.009080E+07   2.144010E+07   2.509648E+07   3.014301E+07
   3.628808E+07   4.339966E+07   5.138424E+07   6.013143E+07   6.946168E+07
   7.904526E+07   8.825806E+07   9.594576E+07   5.019877E+08   3.073170E+13
   9.425279E+03   3.833010E+13   8.554844E-11   1.240806E+13   1.747353E+08
   3.843059E+07   3.027553E+07   3.245627E+07   3.808485E+07   4.580925E+07
   5.519506E+07   6.603872E+07   7.818399E+07   9.142982E+07   1.054318E+08
   1.195390E+08   1.325044E+08   1.420496E+08   6.394202E+08   3.830907E+13
   9.531556E+03   4.735258E+13   1.058907E-10   1.545015E+13   2.502734E+08
   5.648994E+07   4.490827E+07   4.834532E+07   5.685778E+07   6.847988E+07
   8.257275E+07   9.882495E+07   1.169764E+08   1.366646E+08   1.572406E+08
   1.774484E+08   1.948683E+08   2.052022E+08   7.960996E+08   4.732652E+13
   9.629312E+03   5.799359E+13   1.303090E-10   1.929132E+13   3.544776E+08
   8.189986E+07   6.564261E+07   7.093378E+07   8.359299E+07   1.007978E+08
   1.216191E+08   1.455832E+08   1.722590E+08   2.010011E+08   2.306082E+08
   2.587124E+08   2.807680E+08   2.890768E+08   9.693174E+08   5.796127E+13
   9.718048E+03   7.045428E+13   1.595607E-10   2.417959E+13   4.970681E+08
   1.172563E+08   9.466663E+07   1.026414E+08   1.211772E+08   1.462669E+08
   1.765724E+08   2.113767E+08   2.499685E+08   2.912128E+08   3.329260E+08
   3.707476E+08   3.964290E+08   3.969855E+08   1.155097E+09   7.041415E+13
   9.798810E+03   8.497075E+13   1.944979E-10   3.038436E+13   6.905740E+08
   1.659598E+08   1.348616E+08   1.466619E+08   1.734249E+08   2.095193E+08
   2.530344E+08   3.028888E+08   3.579150E+08   4.161411E+08   4.736660E+08
   5.226484E+08   5.486686E+08   5.313288E+08   1.348451E+09   8.492093E+13
   9.869464E+03   1.017620E+14   2.363518E-10   3.841700E+13   9.519958E+08
   2.324779E+08   1.899764E+08   2.071333E+08   2.452669E+08   2.965332E+08
   3.582227E+08   4.287089E+08   5.060870E+08   5.869746E+08   6.645245E+08
   7.249869E+08   7.441921E+08   6.928275E+08   1.544151E+09   1.017000E+14
   9.933504E+03   1.211458E+14   2.862663E-10   4.863821E+13   1.302159E+09
   3.225731E+08   2.649238E+08   2.895160E+08   3.432329E+08   4.152394E+08
   5.017169E+08   6.002242E+08   7.076710E+08   8.183219E+08   9.203569E+08
   9.902710E+08   9.893919E+08   8.803751E+08   1.736798E+09   1.210688E+14
   9.992749E+03   1.434736E+14   3.456529E-10   6.153382E+13   1.767984E+09
   4.437345E+08   3.661026E+08   4.009294E+08   4.758404E+08   5.759827E+08
   6.960017E+08   8.322387E+08   9.797069E+08   1.128785E+09   1.259394E+09
   1.332410E+09   1.289204E+09   1.090619E+09   1.921672E+09   1.433781E+14
   1.004931E+04   1.691733E+14   4.160953E-10   7.761505E+13   2.383739E+09
   6.057089E+08   5.019009E+08   5.507362E+08   6.543086E+08   7.923960E+08
   9.575215E+08   1.144203E+09   1.344431E+09   1.542223E+09   1.703991E+09
   1.766452E+09   1.646342E+09   1.318254E+09   2.095026E+09   1.690555E+14
   1.010262E+04   1.986684E+14   4.997614E-10   9.774428E+13   3.194439E+09
   8.211034E+08   6.831234E+08   7.509750E+08   8.930466E+08   1.081970E+09
   1.307334E+09   1.560925E+09   1.829943E+09   2.088086E+09   2.280092E+09
   2.306857E+09   2.059841E+09   1.556431E+09   2.254697E+09   1.985235E+14
   1.015371E+04   2.324926E+14   5.990405E-10   1.228048E+14   4.257164E+09
   1.106278E+09   9.238950E+08   1.017435E+09   1.210982E+09   1.467689E+09
   1.773083E+09   2.114857E+09   2.472636E+09   2.803538E+09   3.018174E+09
   2.966980E+09   2.525119E+09   1.797904E+09   2.399550E+09   2.323152E+14
   1.020235E+04   2.712042E+14   7.169998E-10   1.540576E+14   5.645750E+09
   1.482294E+09   1.242379E+09   1.370408E+09   1.632431E+09   1.979053E+09
   2.390178E+09   2.847348E+09   3.318279E+09   3.733701E+09   3.951724E+09
   3.756399E+09   3.033413E+09   2.035793E+09   2.529678E+09   2.709875E+14
   1.024832E+04   3.154266E+14   8.574029E-10   1.931113E+14   7.454984E+09
   1.976261E+09   1.661980E+09   1.836056E+09   2.188738E+09   2.654063E+09
   3.204129E+09   3.811236E+09   4.424451E+09   4.932986E+09   5.116319E+09
   4.679311E+09   3.572771E+09   2.264461E+09   2.645959E+09   3.151628E+14
   1.029338E+04   3.660259E+14   1.024269E-09   2.414830E+14   9.805750E+09
   2.623878E+09   2.213831E+09   2.449332E+09   2.921872E+09   3.543631E+09
   4.275818E+09   5.076815E+09   5.866544E+09   6.469474E+09   6.550717E+09
   5.734779E+09   4.129972E+09   2.479828E+09   2.749208E+09   3.657059E+14
   1.033890E+04   4.240421E+14   1.222330E-09   3.009395E+14   1.285454E+10
   3.472081E+09   2.939080E+09   3.256538E+09   3.887479E+09   4.715234E+09
   5.685746E+09   6.736346E+09   7.741454E+09   8.425559E+09   8.293347E+09
   6.914394E+09   4.691175E+09   2.679225E+09   2.840396E+09   4.236554E+14
   1.038618E+04   4.907595E+14   1.457082E-09   3.734551E+14   1.680525E+10
   4.583193E+09   3.892706E+09   4.319710E+09   5.160197E+09   6.259352E+09
   7.541562E+09   8.912146E+09   1.017449E+10   1.090029E+10   1.037956E+10
   8.202022E+09   5.243255E+09   2.861207E+09   2.920451E+09   4.902941E+14
   1.043554E+04   5.676334E+14   1.735410E-09   4.616564E+14   2.192481E+10
   6.039392E+09   5.147406E+09   5.720973E+09   6.838856E+09   8.295667E+09
   9.985102E+09   1.176357E+10   1.332365E+10   1.400677E+10   1.283465E+10
   9.573042E+09   5.774631E+09   3.025416E+09   2.990473E+09   5.670750E+14
   1.048638E+04   6.562378E+14   2.066183E-09   5.692298E+14   2.856157E+10
   7.948047E+09   6.798247E+09   7.567757E+09   9.052694E+09   1.098042E+10
   1.320061E+10   1.549466E+10   1.738284E+10   1.786619E+10   1.566619E+10
   1.099574E+10   6.276233E+09   3.172452E+09   3.051736E+09   6.555694E+14
   1.053963E+04   7.587316E+14   2.459242E-09   6.998513E+14   3.717630E+10
   1.045514E+10   8.975610E+09   1.000795E+10   1.197989E+10   1.452890E+10
   1.744085E+10   2.038142E+10   2.260322E+10   2.261522E+10   1.886732E+10
   1.243743E+10   6.742064E+09   3.303175E+09   3.104866E+09   7.579334E+14
   1.059693E+04   8.780020E+14   2.925767E-09   8.572629E+14   4.838878E+10
   1.376228E+10   1.186110E+10   1.324831E+10   1.586986E+10   1.924221E+10
   2.305753E+10   2.680130E+10   2.931045E+10   2.840241E+10   2.241313E+10
   1.386620E+10   7.168419E+09   3.418434E+09   3.150066E+09   8.770505E+14
   1.065911E+04   1.017507E+15   3.479718E-09   1.046283E+15   6.303374E+10
   1.814499E+10   1.570418E+10   1.757340E+10   2.106607E+10   2.553417E+10
   3.053037E+10   3.525716E+10   3.790720E+10   3.536620E+10   2.625158E+10
   1.525120E+10   7.553427E+09   3.519235E+09   3.187621E+09   1.016374E+15
   1.072776E+04   1.181858E+15   4.136854E-09   1.271645E+15   8.225234E+10
   2.399080E+10   2.085891E+10   2.338872E+10   2.805848E+10   3.399415E+10
   4.053710E+10   4.644057E+10   4.890160E+10   4.362870E+10   3.030921E+10
   1.656568E+10   7.896298E+09   3.606260E+09   3.217399E+09   1.180510E+15
   1.080203E+04   1.375855E+15   4.919080E-09   1.541534E+15   1.075665E+11
   3.181789E+10   2.779965E+10   3.123791E+10   3.750348E+10   4.540843E+10
   5.396993E+10   6.122379E+10   6.284713E+10   5.322689E+10   3.447907E+10
   1.778674E+10   8.198137E+09   3.680826E+09   3.239939E+09   1.374250E+15
   1.088782E+04   1.608759E+15   5.842478E-09   1.856225E+15   1.412052E+11
   4.244111E+10   3.728792E+10   4.200130E+10   5.046804E+10   6.105510E+10
   7.226858E+10   8.097662E+10   8.054724E+10   6.421259E+10   3.866816E+10
   1.889764E+10   8.457292E+09   3.741835E+09   3.253483E+09   1.606847E+15
   1.098646E+04   1.890462E+15   6.931297E-09   2.220199E+15   1.862062E+11
   5.698697E+10   5.038297E+10   5.690645E+10   6.843933E+10   8.270552E+10
   9.738808E+10   1.074340E+11   1.027847E+11   7.645697E+10   4.274878E+10
   1.988280E+10   8.673855E+09   3.789460E+09   3.257791E+09   1.888180E+15
   1.110115E+04   2.234894E+15   8.209277E-09   2.633597E+15   2.468811E+11
   7.712883E+10   6.868043E+10   7.781314E+10   9.367330E+10   1.130340E+11
   1.322190E+11   1.429787E+11   1.303661E+11   8.970060E+10   4.659568E+10
   2.072945E+10   8.846772E+09   3.823096E+09   3.252085E+09   2.232164E+15
   1.123636E+04   2.661174E+15   9.698386E-09   3.090318E+15   3.293493E+11
   1.053656E+11   9.460098E+10   1.075606E+11   1.296177E+11   1.561003E+11
   1.810255E+11   1.907768E+11   1.639390E+11   1.035166E+11   5.008600E+10
   2.142531E+10   8.973803E+09   3.841615E+09   3.235442E+09   2.657894E+15
   1.139758E+04   3.195178E+15   1.141656E-08   3.575107E+15   4.422296E+11
   1.454342E+11   1.318314E+11   1.505047E+11   1.815663E+11   2.180792E+11
   2.500373E+11   2.547983E+11   2.036771E+11   1.172998E+11   5.310184E+10
   2.195743E+10   9.051632E+09   3.843542E+09   3.207038E+09   3.191218E+15
   1.159186E+04   3.871760E+15   1.337232E-08   4.058142E+15   5.974036E+11
   2.028973E+11   1.859854E+11   2.133363E+11   2.576554E+11   3.083347E+11
   3.481699E+11   3.395168E+11   2.488478E+11   1.302950E+11   5.553197E+10
   2.231074E+10   9.075568E+09   3.826991E+09   3.166214E+09   3.866951E+15
   1.182767E+04   4.736214E+15   1.556114E-08   4.491417E+15   8.104499E+11
   2.858224E+11   2.654404E+11   3.061490E+11   3.701584E+11   4.407115E+11
   4.874811E+11   4.488042E+11   2.973296E+11   1.416628E+11   5.727443E+10
   2.246829E+10   9.039961E+09   3.789889E+09   3.112688E+09   4.730333E+15
   1.211535E+04   5.845057E+15   1.796355E-08   4.806835E+15   1.099992E+12
   4.053750E+11   3.822405E+11   4.436578E+11   5.369498E+11   6.347518E+11
   6.826694E+11   5.836882E+11   3.454201E+11   1.505883E+11   5.823956E+10
   2.241127E+10   8.938223E+09   3.729945E+09   3.046451E+09   5.837811E+15
   1.246841E+04   7.264560E+15   2.054611E-08   4.918275E+15   1.484136E+12
   5.756687E+11   5.525067E+11   6.459561E+11   7.823727E+11   9.157231E+11
   9.480957E+11   7.390630E+11   3.882120E+11   1.563780E+11   5.834589E+10
   2.211700E+10   8.761926E+09   3.644182E+09   2.967187E+09   7.255568E+15
   1.290168E+04   9.059400E+15   2.329126E-08   4.750632E+15   1.971749E+12
   8.112770E+11   7.946564E+11   9.367543E+11   1.134951E+12   1.310311E+12
   1.289816E+12   9.007004E+11   4.206321E+11   1.585633E+11   5.753613E+10
   2.156550E+10   8.503019E+09   3.529540E+09   2.873847E+09   9.048183E+15
   1.342411E+04   1.127287E+16   2.627485E-08   4.305620E+15   2.553747E+12
   1.122494E+12   1.124827E+12   1.338046E+12   1.620549E+12   1.836762E+12
   1.695019E+12   1.047295E+12   4.392921E+11   1.571244E+11   5.584329E+10
   2.076287E+10   8.161918E+09   3.385591E+09   2.765087E+09   1.125886E+16
   1.403426E+04   1.393084E+16   2.972014E-08   3.689844E+15   3.210790E+12
   1.515015E+12   1.555673E+12   1.868240E+12   2.259408E+12   2.499824E+12
   2.132212E+12   1.160446E+12   4.441011E+11   1.526322E+11   5.343603E+10
   1.975715E+10   7.753238E+09   3.216733E+09   2.640596E+09   1.391339E+16
   1.472383E+04   1.708890E+16   3.397094E-08   3.051598E+15   3.941429E+12
   2.000735E+12   2.106601E+12   2.553874E+12   3.079120E+12   3.302371E+12
   2.567419E+12   1.233544E+12   4.378386E+11   1.460428E+11   5.057208E+10
   1.862552E+10   7.302300E+09   3.031542E+09   2.502721E+09   1.706723E+16
   1.548535E+04   2.088801E+16   3.944121E-08   2.495380E+15   4.785551E+12
   2.613480E+12   2.821405E+12   3.451099E+12   4.138040E+12   4.262589E+12
   2.977453E+12   1.270280E+12   4.241421E+11   1.382916E+11   4.749737E+10
   1.744344E+10   6.835010E+09   2.839487E+09   2.356261E+09   2.086109E+16
   1.631764E+04   2.557883E+16   4.661435E-08   2.057101E+15   5.825662E+12
   3.419281E+12   3.782814E+12   4.664232E+12   5.541987E+12   5.414106E+12
   3.346428E+12   1.277612E+12   4.059156E+11   1.300311E+11   4.437864E+10
   1.626247E+10   6.369687E+09   2.647700E+09   2.206312E+09   2.554517E+16
   1.722674E+04   3.152065E+16   5.608278E-08   1.728661E+15   7.178350E+12
   4.522046E+12   5.123389E+12   6.359576E+12   7.448722E+12   6.783945E+12
   3.656181E+12   1.261368E+12   3.849477E+11   1.216128E+11   4.129919E+10
   1.510781E+10   5.915500E+09   2.459992E+09   2.056509E+09   3.147810E+16
   1.822582E+04   3.917142E+16   6.857612E-08   1.484695E+15   8.984672E+12
   6.067646E+12   7.035309E+12   8.776201E+12   1.005709E+13   8.354103E+12
   3.883089E+12   1.225401E+12   3.621428E+11   1.131671E+11   3.828040E+10
   1.398435E+10   5.474209E+09   2.277263E+09   1.908465E+09   3.911696E+16
   1.933480E+04   4.906374E+16   8.494576E-08   1.297328E+15   1.139355E+13
   8.241894E+12   9.773346E+12   1.222470E+13   1.356481E+13   1.001981E+13
   4.003727E+12   1.172326E+12   3.378780E+11   1.046973E+11   3.530793E+10
   1.288507E+10   5.043054E+09   2.098537E+09   1.762179E+09   4.899338E+16
   2.057762E+04   6.178973E+16   1.061535E-07   1.144673E+15   1.454911E+13
   1.126686E+13   1.365448E+13   1.707498E+13   1.809456E+13   1.158546E+13
   4.006360E+12   1.104832E+12   3.124124E+11   9.618985E+10   3.236502E+10
   1.180237E+10   4.619016E+09   1.922667E+09   1.617254E+09   6.169853E+16
   2.197450E+04   7.794152E+16   1.331760E-07   1.013614E+15   1.856932E+13
   1.538137E+13   1.903429E+13   2.370471E+13   2.357757E+13   1.281774E+13
   3.897616E+12   1.026567E+12   2.862070E+11   8.770671E+10   2.946227E+10
   1.073873E+10   4.202926E+09   1.750037E+09   1.474326E+09   7.782372E+16
   2.353895E+04   9.807777E+16   1.669455E-07   8.982253E+14   2.353677E+13
   2.082189E+13   2.627773E+13   3.242968E+13   2.966828E+13   1.354515E+13
   3.700334E+12   9.419584E+11   2.599331E+11   7.938501E+10   2.663677E+10
   9.706350E+09   3.799367E+09   1.582548E+09   1.335138E+09   9.792710E+16
   2.528098E+04   1.227774E+17   2.084358E-07   7.967916E+14   2.952208E+13
   2.783048E+13   3.576025E+13   4.346012E+13   3.577935E+13   1.372478E+13
   3.444284E+12   8.553026E+11   2.342823E+11   7.137955E+10   2.393300E+10
   8.720279E+09   3.414049E+09   1.422556E+09   1.201748E+09   1.225873E+17
   2.720831E+04   1.526224E+17   2.586271E-07   7.086906E+14   3.658041E+13
   3.664146E+13   4.783939E+13   5.681484E+13   4.120141E+13   1.342476E+13
   3.157178E+12   7.700946E+11   2.098300E+11   6.382328E+10   2.138989E+10
   7.793849E+09   3.052056E+09   1.272170E+09   1.076000E+09   1.523863E+17
   2.932840E+04   1.882491E+17   3.185924E-07   6.334774E+14   4.477622E+13
   4.749817E+13   6.286263E+13   7.227941E+13   4.531894E+13   1.277130E+13
   2.860762E+12   6.888286E+11   1.869800E+11   5.680875E+10   1.903448E+10
   6.936321E+09   2.716937E+09   1.132869E+09   9.592129E+08   1.879603E+17
   3.164955E+04   2.304988E+17   3.897502E-07   5.709768E+14   5.425299E+13
   6.072922E+13   8.125184E+13   8.944740E+13   4.779867E+13   1.189864E+13
   2.570348E+12   6.131068E+11   1.659764E+11   5.038947E+10   1.688203E+10
   6.152884E+09   2.410688E+09   1.005492E+09   8.521666E+08   2.301506E+17
   3.418123E+04   2.807229E+17   4.743805E-07   5.216003E+14   6.536996E+13
   7.692719E+13   1.037197E+14   1.078587E+14   4.864499E+13   1.092069E+13
   2.295878E+12   5.438500E+11   1.469408E+11   4.458857E+10   1.493855E+10
   5.445525E+09   2.134078E+09   8.903751E+08   7.552075E+08   2.803069E+17
   3.693395E+04   3.413587E+17   5.765972E-07   4.867718E+14   7.895516E+13
   9.731298E+13   1.317111E+14   1.272088E+14   4.812217E+13   9.922252E+12
   2.043328E+12   4.815008E+11   1.299090E+11   3.940803E+10   1.320366E+10
   4.813995E+09   1.887017E+09   7.874939E+08   6.683693E+08   3.408632E+17
   3.991943E+04   4.168956E+17   7.039772E-07   4.694158E+14   9.674234E+13
   1.244065E+14   1.681728E+14   1.474996E+14   4.661236E+13   8.960544E+12
   1.815849E+12   4.261649E+11   1.148554E+11   3.483457E+10   1.167230E+10
   4.256413E+09   1.668785E+09   6.965613E+08   5.914503E+08   4.163012E+17
   4.315153E+04   5.152975E+17   8.699621E-07   4.745891E+14   1.221011E+14
   1.631930E+14   2.187250E+14   1.688934E+14   4.448232E+13   8.069490E+12
   1.614447E+12   3.776727E+11   1.017007E+11   3.084080E+10   1.033501E+10
   3.769323E+09   1.478043E+09   6.170308E+08   5.240162E+08   5.145703E+17
   4.664892E+04   6.497553E+17   1.096815E-06   5.103388E+14   1.612236E+14
   2.230579E+14   2.931040E+14   1.910364E+14   4.199886E+13   7.263746E+12
   1.438266E+12   3.355738E+11   9.030356E+10   2.738206E+10   9.176677E+09
   3.347243E+09   1.312662E+09   5.480210E+08   4.653360E+08   6.488362E+17
   5.043889E+04   8.403422E+17   1.418413E-06   5.888186E+14   2.249843E+14
   3.208195E+14   4.060607E+14   2.120578E+14   3.930981E+13   6.542689E+12
   1.284792E+12   2.991304E+11   8.045386E+10   2.439378E+10   8.175669E+09
   2.982303E+09   1.169566E+09   4.882538E+08   4.143282E+08   8.391314E+17
   5.455821E+04   1.114949E+18   1.881831E-06   7.274815E+14   3.316327E+14
   4.850009E+14   5.753169E+14   2.283840E+14   3.648512E+13   5.896062E+12
   1.150408E+12   2.674038E+11   7.189221E+10   2.179685E+10   7.305474E+09
   2.664853E+09   1.044978E+09   4.361526E+08   3.696475E+08   1.113285E+18
   5.904981E+04   1.509229E+18   2.547246E-06   9.499482E+14   5.102672E+14
   7.608331E+14   8.126753E+14   2.364709E+14   3.357624E+13   5.310666E+12
   1.031310E+12   2.394359E+11   6.435561E+10   1.951113E+10   6.539228E+09
   2.385099E+09   9.350565E+08   3.901121E+08   3.299201E+08   1.506870E+18
