 RELATIVE CHANGES OF VECTOR PSI
  ITER  ID    TEMP        NE       POP     RAD      MAXIMUM   ilev   ifr

    1   70  1.47E-03  0.00E+00  0.00E+00  0.00E+00  1.47E-03    0    0
    1   69  7.69E-04  0.00E+00  0.00E+00  0.00E+00  7.69E-04    0    0
    1   68  5.39E-04  0.00E+00  0.00E+00  0.00E+00  5.39E-04    0    0
    1   67  7.15E-04  0.00E+00  0.00E+00  0.00E+00  7.15E-04    0    0
    1   66  1.27E-03  0.00E+00  0.00E+00  0.00E+00  1.27E-03    0    0
    1   65  2.16E-03  0.00E+00  0.00E+00  0.00E+00  2.16E-03    0    0
    1   64  3.31E-03  0.00E+00  0.00E+00  0.00E+00  3.31E-03    0    0
    1   63  4.74E-03  0.00E+00  0.00E+00  0.00E+00  4.74E-03    0    0
    1   62  6.50E-03  0.00E+00  0.00E+00  0.00E+00  6.50E-03    0    0
    1   61  8.57E-03  0.00E+00  0.00E+00  0.00E+00  8.57E-03    0    0
    1   60  1.08E-02  0.00E+00  0.00E+00  0.00E+00  1.08E-02    0    0
    1   59  1.30E-02  0.00E+00  0.00E+00  0.00E+00  1.30E-02    0    0
    1   58  1.53E-02  0.00E+00  0.00E+00  0.00E+00  1.53E-02    0    0
    1   57  1.79E-02  0.00E+00  0.00E+00  0.00E+00  1.79E-02    0    0
    1   56  2.08E-02  0.00E+00  0.00E+00  0.00E+00  2.08E-02    0    0
    1   55  2.40E-02  0.00E+00  0.00E+00  0.00E+00  2.40E-02    0    0
    1   54  2.71E-02  0.00E+00  0.00E+00  0.00E+00  2.71E-02    0    0
    1   53  2.95E-02  0.00E+00  0.00E+00  0.00E+00  2.95E-02    0    0
    1   52  3.05E-02  0.00E+00  0.00E+00  0.00E+00  3.05E-02    0    0
    1   51  2.94E-02  0.00E+00  0.00E+00  0.00E+00  2.94E-02    0    0
    1   50  2.60E-02  0.00E+00  0.00E+00  0.00E+00  2.60E-02    0    0
    1   49  2.03E-02  0.00E+00  0.00E+00  0.00E+00  2.03E-02    0    0
    1   48  1.24E-02  0.00E+00  0.00E+00  0.00E+00  1.24E-02    0    0
    1   47  2.72E-03  0.00E+00  0.00E+00  0.00E+00  2.72E-03    0    0
    1   46 -8.50E-03  0.00E+00  0.00E+00  0.00E+00 -8.50E-03    0    0
    1   45 -2.11E-02  0.00E+00  0.00E+00  0.00E+00 -2.11E-02    0    0
    1   44 -3.51E-02  0.00E+00  0.00E+00  0.00E+00 -3.51E-02    0    0
    1   43 -5.03E-02  0.00E+00  0.00E+00  0.00E+00 -5.03E-02    0    0
    1   42 -6.68E-02  0.00E+00  0.00E+00  0.00E+00 -6.68E-02    0    0
    1   41 -8.42E-02  0.00E+00  0.00E+00  0.00E+00 -8.42E-02    0    0
    1   40 -1.02E-01  0.00E+00  0.00E+00  0.00E+00 -1.02E-01    0    0
    1   39 -1.20E-01  0.00E+00  0.00E+00  0.00E+00 -1.20E-01    0    0
    1   38 -1.36E-01  0.00E+00  0.00E+00  0.00E+00 -1.36E-01    0    0
    1   37 -1.48E-01  0.00E+00  0.00E+00  0.00E+00 -1.48E-01    0    0
    1   36 -1.55E-01  0.00E+00  0.00E+00  0.00E+00 -1.55E-01    0    0
    1   35 -1.57E-01  0.00E+00  0.00E+00  0.00E+00 -1.57E-01    0    0
    1   34 -1.54E-01  0.00E+00  0.00E+00  0.00E+00 -1.54E-01    0    0
    1   33 -1.50E-01  0.00E+00  0.00E+00  0.00E+00 -1.50E-01    0    0
    1   32 -1.46E-01  0.00E+00  0.00E+00  0.00E+00 -1.46E-01    0    0
    1   31 -1.45E-01  0.00E+00  0.00E+00  0.00E+00 -1.45E-01    0    0
    1   30 -1.47E-01  0.00E+00  0.00E+00  0.00E+00 -1.47E-01    0    0
    1   29 -1.53E-01  0.00E+00  0.00E+00  0.00E+00 -1.53E-01    0    0
    1   28 -1.62E-01  0.00E+00  0.00E+00  0.00E+00 -1.62E-01    0    0
    1   27 -1.73E-01  0.00E+00  0.00E+00  0.00E+00 -1.73E-01    0    0
    1   26 -1.86E-01  0.00E+00  0.00E+00  0.00E+00 -1.86E-01    0    0
    1   25 -2.01E-01  0.00E+00  0.00E+00  0.00E+00 -2.01E-01    0    0
    1   24 -2.17E-01  0.00E+00  0.00E+00  0.00E+00 -2.17E-01    0    0
    1   23 -2.32E-01  0.00E+00  0.00E+00  0.00E+00 -2.32E-01    0    0
    1   22 -2.45E-01  0.00E+00  0.00E+00  0.00E+00 -2.45E-01    0    0
    1   21 -2.56E-01  0.00E+00  0.00E+00  0.00E+00 -2.56E-01    0    0
    1   20 -2.66E-01  0.00E+00  0.00E+00  0.00E+00 -2.66E-01    0    0
    1   19 -2.75E-01  0.00E+00  0.00E+00  0.00E+00 -2.75E-01    0    0
    1   18 -2.84E-01  0.00E+00  0.00E+00  0.00E+00 -2.84E-01    0    0
    1   17 -2.89E-01  0.00E+00  0.00E+00  0.00E+00 -2.89E-01    0    0
    1   16 -2.89E-01  0.00E+00  0.00E+00  0.00E+00 -2.89E-01    0    0
    1   15 -2.87E-01  0.00E+00  0.00E+00  0.00E+00 -2.87E-01    0    0
    1   14 -2.86E-01  0.00E+00  0.00E+00  0.00E+00 -2.86E-01    0    0
    1   13 -2.84E-01  0.00E+00  0.00E+00  0.00E+00 -2.84E-01    0    0
    1   12 -2.80E-01  0.00E+00  0.00E+00  0.00E+00 -2.80E-01    0    0
    1   11 -2.75E-01  0.00E+00  0.00E+00  0.00E+00 -2.75E-01    0    0
    1   10 -2.70E-01  0.00E+00  0.00E+00  0.00E+00 -2.70E-01    0    0
    1    9 -2.71E-01  0.00E+00  0.00E+00  0.00E+00 -2.71E-01    0    0
    1    8 -2.92E-01  0.00E+00  0.00E+00  0.00E+00 -2.92E-01    0    0
    1    7 -3.35E-01  0.00E+00  0.00E+00  0.00E+00 -3.35E-01    0    0
    1    6 -4.04E-01  0.00E+00  0.00E+00  0.00E+00 -4.04E-01    0    0
    1    5 -5.00E-01  0.00E+00  0.00E+00  0.00E+00 -5.00E-01    0    0
    1    4 -6.12E-01  0.00E+00  0.00E+00  0.00E+00 -6.12E-01    0    0
    1    3 -7.21E-01  0.00E+00  0.00E+00  0.00E+00 -7.21E-01    0    0
    1    2 -8.07E-01  0.00E+00  0.00E+00  0.00E+00 -8.07E-01    0    0
    1    1 -8.66E-01  0.00E+00  0.00E+00  0.00E+00 -8.66E-01    0    0
    2   70 -2.24E-05  0.00E+00  0.00E+00  0.00E+00 -2.24E-05    0    0
    2   69 -1.50E-05  0.00E+00  0.00E+00  0.00E+00 -1.50E-05    0    0
    2   68 -1.83E-05  0.00E+00  0.00E+00  0.00E+00 -1.83E-05    0    0
    2   67 -3.03E-05  0.00E+00  0.00E+00  0.00E+00 -3.03E-05    0    0
    2   66 -5.34E-05  0.00E+00  0.00E+00  0.00E+00 -5.34E-05    0    0
    2   65 -9.36E-05  0.00E+00  0.00E+00  0.00E+00 -9.36E-05    0    0
    2   64 -1.59E-04  0.00E+00  0.00E+00  0.00E+00 -1.59E-04    0    0
    2   63 -2.56E-04  0.00E+00  0.00E+00  0.00E+00 -2.56E-04    0    0
    2   62 -3.81E-04  0.00E+00  0.00E+00  0.00E+00 -3.81E-04    0    0
    2   61 -5.13E-04  0.00E+00  0.00E+00  0.00E+00 -5.13E-04    0    0
    2   60 -6.32E-04  0.00E+00  0.00E+00  0.00E+00 -6.32E-04    0    0
    2   59 -7.36E-04  0.00E+00  0.00E+00  0.00E+00 -7.36E-04    0    0
    2   58 -8.24E-04  0.00E+00  0.00E+00  0.00E+00 -8.24E-04    0    0
    2   57 -8.81E-04  0.00E+00  0.00E+00  0.00E+00 -8.81E-04    0    0
    2   56 -8.81E-04  0.00E+00  0.00E+00  0.00E+00 -8.81E-04    0    0
    2   55 -8.03E-04  0.00E+00  0.00E+00  0.00E+00 -8.03E-04    0    0
    2   54 -6.40E-04  0.00E+00  0.00E+00  0.00E+00 -6.40E-04    0    0
    2   53 -4.11E-04  0.00E+00  0.00E+00  0.00E+00 -4.11E-04    0    0
    2   52 -1.57E-04  0.00E+00  0.00E+00  0.00E+00 -1.57E-04    0    0
    2   51  5.53E-05  0.00E+00  0.00E+00  0.00E+00  5.53E-05    0    0
    2   50  1.61E-04  0.00E+00  0.00E+00  0.00E+00  1.61E-04    0    0
    2   49  3.48E-05  0.00E+00  0.00E+00  0.00E+00  3.48E-05    0    0
    2   48 -4.41E-04  0.00E+00  0.00E+00  0.00E+00 -4.41E-04    0    0
    2   47 -1.21E-03  0.00E+00  0.00E+00  0.00E+00 -1.21E-03    0    0
    2   46 -2.06E-03  0.00E+00  0.00E+00  0.00E+00 -2.06E-03    0    0
    2   45 -2.63E-03  0.00E+00  0.00E+00  0.00E+00 -2.63E-03    0    0
    2   44 -2.47E-03  0.00E+00  0.00E+00  0.00E+00 -2.47E-03    0    0
    2   43 -1.17E-03  0.00E+00  0.00E+00  0.00E+00 -1.17E-03    0    0
    2   42  1.63E-03  0.00E+00  0.00E+00  0.00E+00  1.63E-03    0    0
    2   41  6.10E-03  0.00E+00  0.00E+00  0.00E+00  6.10E-03    0    0
    2   40  1.21E-02  0.00E+00  0.00E+00  0.00E+00  1.21E-02    0    0
    2   39  1.86E-02  0.00E+00  0.00E+00  0.00E+00  1.86E-02    0    0
    2   38  2.45E-02  0.00E+00  0.00E+00  0.00E+00  2.45E-02    0    0
    2   37  2.74E-02  0.00E+00  0.00E+00  0.00E+00  2.74E-02    0    0
    2   36  2.55E-02  0.00E+00  0.00E+00  0.00E+00  2.55E-02    0    0
    2   35  1.78E-02  0.00E+00  0.00E+00  0.00E+00  1.78E-02    0    0
    2   34  5.83E-03  0.00E+00  0.00E+00  0.00E+00  5.83E-03    0    0
    2   33 -7.58E-03  0.00E+00  0.00E+00  0.00E+00 -7.58E-03    0    0
    2   32 -1.94E-02  0.00E+00  0.00E+00  0.00E+00 -1.94E-02    0    0
    2   31 -2.74E-02  0.00E+00  0.00E+00  0.00E+00 -2.74E-02    0    0
    2   30 -3.12E-02  0.00E+00  0.00E+00  0.00E+00 -3.12E-02    0    0
    2   29 -3.16E-02  0.00E+00  0.00E+00  0.00E+00 -3.16E-02    0    0
    2   28 -2.90E-02  0.00E+00  0.00E+00  0.00E+00 -2.90E-02    0    0
    2   27 -2.40E-02  0.00E+00  0.00E+00  0.00E+00 -2.40E-02    0    0
    2   26 -1.69E-02  0.00E+00  0.00E+00  0.00E+00 -1.69E-02    0    0
    2   25 -9.48E-03  0.00E+00  0.00E+00  0.00E+00 -9.48E-03    0    0
    2   24 -1.49E-02  0.00E+00  0.00E+00  0.00E+00 -1.49E-02    0    0
    2   23 -2.06E-02  0.00E+00  0.00E+00  0.00E+00 -2.06E-02    0    0
    2   22 -2.66E-02  0.00E+00  0.00E+00  0.00E+00 -2.66E-02    0    0
    2   21 -3.29E-02  0.00E+00  0.00E+00  0.00E+00 -3.29E-02    0    0
    2   20 -3.98E-02  0.00E+00  0.00E+00  0.00E+00 -3.98E-02    0    0
    2   19 -4.74E-02  0.00E+00  0.00E+00  0.00E+00 -4.74E-02    0    0
    2   18 -5.58E-02  0.00E+00  0.00E+00  0.00E+00 -5.58E-02    0    0
    2   17 -6.50E-02  0.00E+00  0.00E+00  0.00E+00 -6.50E-02    0    0
    2   16 -7.46E-02  0.00E+00  0.00E+00  0.00E+00 -7.46E-02    0    0
    2   15 -8.43E-02  0.00E+00  0.00E+00  0.00E+00 -8.43E-02    0    0
    2   14 -9.38E-02  0.00E+00  0.00E+00  0.00E+00 -9.38E-02    0    0
    2   13 -1.03E-01  0.00E+00  0.00E+00  0.00E+00 -1.03E-01    0    0
    2   12 -1.12E-01  0.00E+00  0.00E+00  0.00E+00 -1.12E-01    0    0
    2   11 -1.21E-01  0.00E+00  0.00E+00  0.00E+00 -1.21E-01    0    0
    2   10 -1.27E-01  0.00E+00  0.00E+00  0.00E+00 -1.27E-01    0    0
    2    9 -1.28E-01  0.00E+00  0.00E+00  0.00E+00 -1.28E-01    0    0
    2    8 -1.28E-01  0.00E+00  0.00E+00  0.00E+00 -1.28E-01    0    0
    2    7 -1.29E-01  0.00E+00  0.00E+00  0.00E+00 -1.29E-01    0    0
    2    6 -1.30E-01  0.00E+00  0.00E+00  0.00E+00 -1.30E-01    0    0
    2    5 -1.30E-01  0.00E+00  0.00E+00  0.00E+00 -1.30E-01    0    0
    2    4 -1.34E-01  0.00E+00  0.00E+00  0.00E+00 -1.34E-01    0    0
    2    3 -1.56E-01  0.00E+00  0.00E+00  0.00E+00 -1.56E-01    0    0
    2    2 -2.26E-01  0.00E+00  0.00E+00  0.00E+00 -2.26E-01    0    0
    2    1 -4.74E-01  0.00E+00  0.00E+00  0.00E+00 -4.74E-01    0    0
    3   70  3.24E-07  0.00E+00  0.00E+00  0.00E+00  3.24E-07    0    0
    3   69  4.50E-07  0.00E+00  0.00E+00  0.00E+00  4.50E-07    0    0
    3   68  7.55E-07  0.00E+00  0.00E+00  0.00E+00  7.55E-07    0    0
    3   67  1.33E-06  0.00E+00  0.00E+00  0.00E+00  1.33E-06    0    0
    3   66  2.30E-06  0.00E+00  0.00E+00  0.00E+00  2.30E-06    0    0
    3   65  3.81E-06  0.00E+00  0.00E+00  0.00E+00  3.81E-06    0    0
    3   64  5.93E-06  0.00E+00  0.00E+00  0.00E+00  5.93E-06    0    0
    3   63  8.46E-06  0.00E+00  0.00E+00  0.00E+00  8.46E-06    0    0
    3   62  1.02E-05  0.00E+00  0.00E+00  0.00E+00  1.02E-05    0    0
    3   61  9.54E-06  0.00E+00  0.00E+00  0.00E+00  9.54E-06    0    0
    3   60  5.74E-06  0.00E+00  0.00E+00  0.00E+00  5.74E-06    0    0
    3   59 -1.73E-06  0.00E+00  0.00E+00  0.00E+00 -1.73E-06    0    0
    3   58 -1.30E-05  0.00E+00  0.00E+00  0.00E+00 -1.30E-05    0    0
    3   57 -2.54E-05  0.00E+00  0.00E+00  0.00E+00 -2.54E-05    0    0
    3   56 -3.32E-05  0.00E+00  0.00E+00  0.00E+00 -3.32E-05    0    0
    3   55 -3.02E-05  0.00E+00  0.00E+00  0.00E+00 -3.02E-05    0    0
    3   54 -1.34E-05  0.00E+00  0.00E+00  0.00E+00 -1.34E-05    0    0
    3   53  1.48E-05  0.00E+00  0.00E+00  0.00E+00  1.48E-05    0    0
    3   52  4.76E-05  0.00E+00  0.00E+00  0.00E+00  4.76E-05    0    0
    3   51  7.30E-05  0.00E+00  0.00E+00  0.00E+00  7.30E-05    0    0
    3   50  7.91E-05  0.00E+00  0.00E+00  0.00E+00  7.91E-05    0    0
    3   49  4.14E-05  0.00E+00  0.00E+00  0.00E+00  4.14E-05    0    0
    3   48 -6.22E-05  0.00E+00  0.00E+00  0.00E+00 -6.22E-05    0    0
    3   47 -2.20E-04  0.00E+00  0.00E+00  0.00E+00 -2.20E-04    0    0
    3   46 -3.84E-04  0.00E+00  0.00E+00  0.00E+00 -3.84E-04    0    0
    3   45 -4.91E-04  0.00E+00  0.00E+00  0.00E+00 -4.91E-04    0    0
    3   44 -4.85E-04  0.00E+00  0.00E+00  0.00E+00 -4.85E-04    0    0
    3   43 -3.33E-04  0.00E+00  0.00E+00  0.00E+00 -3.33E-04    0    0
    3   42 -2.83E-05  0.00E+00  0.00E+00  0.00E+00 -2.83E-05    0    0
    3   41  4.18E-04  0.00E+00  0.00E+00  0.00E+00  4.18E-04    0    0
    3   40  9.65E-04  0.00E+00  0.00E+00  0.00E+00  9.65E-04    0    0
    3   39  1.58E-03  0.00E+00  0.00E+00  0.00E+00  1.58E-03    0    0
    3   38  2.04E-03  0.00E+00  0.00E+00  0.00E+00  2.04E-03    0    0
    3   37  2.26E-03  0.00E+00  0.00E+00  0.00E+00  2.26E-03    0    0
    3   36  2.24E-03  0.00E+00  0.00E+00  0.00E+00  2.24E-03    0    0
    3   35  1.96E-03  0.00E+00  0.00E+00  0.00E+00  1.96E-03    0    0
    3   34  1.75E-03  0.00E+00  0.00E+00  0.00E+00  1.75E-03    0    0
    3   33  1.80E-03  0.00E+00  0.00E+00  0.00E+00  1.80E-03    0    0
    3   32  1.76E-03  0.00E+00  0.00E+00  0.00E+00  1.76E-03    0    0
    3   31  1.26E-03  0.00E+00  0.00E+00  0.00E+00  1.26E-03    0    0
    3   30  6.73E-04  0.00E+00  0.00E+00  0.00E+00  6.73E-04    0    0
    3   29  6.38E-04  0.00E+00  0.00E+00  0.00E+00  6.38E-04    0    0
    3   28  1.46E-03  0.00E+00  0.00E+00  0.00E+00  1.46E-03    0    0
    3   27  3.09E-03  0.00E+00  0.00E+00  0.00E+00  3.09E-03    0    0
    3   26  5.19E-03  0.00E+00  0.00E+00  0.00E+00  5.19E-03    0    0
    3   25  7.05E-03  0.00E+00  0.00E+00  0.00E+00  7.05E-03    0    0
    3   24  5.20E-03  0.00E+00  0.00E+00  0.00E+00  5.20E-03    0    0
    3   23  3.37E-03  0.00E+00  0.00E+00  0.00E+00  3.37E-03    0    0
    3   22  1.57E-03  0.00E+00  0.00E+00  0.00E+00  1.57E-03    0    0
    3   21 -2.23E-05  0.00E+00  0.00E+00  0.00E+00 -2.23E-05    0    0
    3   20 -1.16E-03  0.00E+00  0.00E+00  0.00E+00 -1.16E-03    0    0
    3   19 -1.66E-03  0.00E+00  0.00E+00  0.00E+00 -1.66E-03    0    0
    3   18 -1.42E-03  0.00E+00  0.00E+00  0.00E+00 -1.42E-03    0    0
    3   17 -3.20E-04  0.00E+00  0.00E+00  0.00E+00 -3.20E-04    0    0
    3   16  1.51E-03  0.00E+00  0.00E+00  0.00E+00  1.51E-03    0    0
    3   15  3.62E-03  0.00E+00  0.00E+00  0.00E+00  3.62E-03    0    0
    3   14  5.78E-03  0.00E+00  0.00E+00  0.00E+00  5.78E-03    0    0
    3   13  8.13E-03  0.00E+00  0.00E+00  0.00E+00  8.13E-03    0    0
    3   12  1.06E-02  0.00E+00  0.00E+00  0.00E+00  1.06E-02    0    0
    3   11  1.30E-02  0.00E+00  0.00E+00  0.00E+00  1.30E-02    0    0
    3   10  1.33E-02  0.00E+00  0.00E+00  0.00E+00  1.33E-02    0    0
    3    9  9.28E-03  0.00E+00  0.00E+00  0.00E+00  9.28E-03    0    0
    3    8  3.59E-03  0.00E+00  0.00E+00  0.00E+00  3.59E-03    0    0
    3    7  3.01E-04  0.00E+00  0.00E+00  0.00E+00  3.01E-04    0    0
    3    6 -3.83E-03  0.00E+00  0.00E+00  0.00E+00 -3.83E-03    0    0
    3    5 -9.74E-03  0.00E+00  0.00E+00  0.00E+00 -9.74E-03    0    0
    3    4 -1.32E-02  0.00E+00  0.00E+00  0.00E+00 -1.32E-02    0    0
    3    3 -1.07E-04  0.00E+00  0.00E+00  0.00E+00 -1.07E-04    0    0
    3    2  2.83E-02  0.00E+00  0.00E+00  0.00E+00  2.83E-02    0    0
    3    1 -5.37E-02  0.00E+00  0.00E+00  0.00E+00 -5.37E-02    0    0
    4   70 -9.69E-09  0.00E+00  0.00E+00  0.00E+00 -9.69E-09    0    0
    4   69 -1.59E-08  0.00E+00  0.00E+00  0.00E+00 -1.59E-08    0    0
    4   68 -2.66E-08  0.00E+00  0.00E+00  0.00E+00 -2.66E-08    0    0
    4   67 -4.34E-08  0.00E+00  0.00E+00  0.00E+00 -4.34E-08    0    0
    4   66 -6.61E-08  0.00E+00  0.00E+00  0.00E+00 -6.61E-08    0    0
    4   65 -8.96E-08  0.00E+00  0.00E+00  0.00E+00 -8.96E-08    0    0
    4   64 -1.00E-07  0.00E+00  0.00E+00  0.00E+00 -1.00E-07    0    0
    4   63 -6.31E-08  0.00E+00  0.00E+00  0.00E+00 -6.31E-08    0    0
    4   62  7.42E-08  0.00E+00  0.00E+00  0.00E+00  7.42E-08    0    0
    4   61  2.97E-07  0.00E+00  0.00E+00  0.00E+00  2.97E-07    0    0
    4   60  4.82E-07  0.00E+00  0.00E+00  0.00E+00  4.82E-07    0    0
    4   59  3.24E-07  0.00E+00  0.00E+00  0.00E+00  3.24E-07    0    0
    4   58 -5.97E-07  0.00E+00  0.00E+00  0.00E+00 -5.97E-07    0    0
    4   57 -2.26E-06  0.00E+00  0.00E+00  0.00E+00 -2.26E-06    0    0
    4   56 -3.82E-06  0.00E+00  0.00E+00  0.00E+00 -3.82E-06    0    0
    4   55 -3.99E-06  0.00E+00  0.00E+00  0.00E+00 -3.99E-06    0    0
    4   54 -1.88E-06  0.00E+00  0.00E+00  0.00E+00 -1.88E-06    0    0
    4   53  2.41E-06  0.00E+00  0.00E+00  0.00E+00  2.41E-06    0    0
    4   52  7.89E-06  0.00E+00  0.00E+00  0.00E+00  7.89E-06    0    0
    4   51  1.27E-05  0.00E+00  0.00E+00  0.00E+00  1.27E-05    0    0
    4   50  1.46E-05  0.00E+00  0.00E+00  0.00E+00  1.46E-05    0    0
    4   49  8.97E-06  0.00E+00  0.00E+00  0.00E+00  8.97E-06    0    0
    4   48 -8.23E-06  0.00E+00  0.00E+00  0.00E+00 -8.23E-06    0    0
    4   47 -3.45E-05  0.00E+00  0.00E+00  0.00E+00 -3.45E-05    0    0
    4   46 -6.10E-05  0.00E+00  0.00E+00  0.00E+00 -6.10E-05    0    0
    4   45 -7.70E-05  0.00E+00  0.00E+00  0.00E+00 -7.70E-05    0    0
    4   44 -7.58E-05  0.00E+00  0.00E+00  0.00E+00 -7.58E-05    0    0
    4   43 -5.68E-05  0.00E+00  0.00E+00  0.00E+00 -5.68E-05    0    0
    4   42 -2.46E-05  0.00E+00  0.00E+00  0.00E+00 -2.46E-05    0    0
    4   41  1.45E-05  0.00E+00  0.00E+00  0.00E+00  1.45E-05    0    0
    4   40  5.42E-05  0.00E+00  0.00E+00  0.00E+00  5.42E-05    0    0
    4   39  9.18E-05  0.00E+00  0.00E+00  0.00E+00  9.18E-05    0    0
    4   38  1.16E-04  0.00E+00  0.00E+00  0.00E+00  1.16E-04    0    0
    4   37  1.26E-04  0.00E+00  0.00E+00  0.00E+00  1.26E-04    0    0
    4   36  1.23E-04  0.00E+00  0.00E+00  0.00E+00  1.23E-04    0    0
    4   35  1.08E-04  0.00E+00  0.00E+00  0.00E+00  1.08E-04    0    0
    4   34  9.70E-05  0.00E+00  0.00E+00  0.00E+00  9.70E-05    0    0
    4   33  9.82E-05  0.00E+00  0.00E+00  0.00E+00  9.82E-05    0    0
    4   32  9.62E-05  0.00E+00  0.00E+00  0.00E+00  9.62E-05    0    0
    4   31  7.26E-05  0.00E+00  0.00E+00  0.00E+00  7.26E-05    0    0
    4   30  3.90E-05  0.00E+00  0.00E+00  0.00E+00  3.90E-05    0    0
    4   29  2.66E-05  0.00E+00  0.00E+00  0.00E+00  2.66E-05    0    0
    4   28  5.54E-05  0.00E+00  0.00E+00  0.00E+00  5.54E-05    0    0
    4   27  1.21E-04  0.00E+00  0.00E+00  0.00E+00  1.21E-04    0    0
    4   26  2.24E-04  0.00E+00  0.00E+00  0.00E+00  2.24E-04    0    0
    4   25  4.21E-04  0.00E+00  0.00E+00  0.00E+00  4.21E-04    0    0
    4   24  2.74E-04  0.00E+00  0.00E+00  0.00E+00  2.74E-04    0    0
    4   23  1.84E-04  0.00E+00  0.00E+00  0.00E+00  1.84E-04    0    0
    4   22  3.77E-05  0.00E+00  0.00E+00  0.00E+00  3.77E-05    0    0
    4   21 -1.53E-04  0.00E+00  0.00E+00  0.00E+00 -1.53E-04    0    0
    4   20 -3.27E-04  0.00E+00  0.00E+00  0.00E+00 -3.27E-04    0    0
    4   19 -4.22E-04  0.00E+00  0.00E+00  0.00E+00 -4.22E-04    0    0
    4   18 -3.99E-04  0.00E+00  0.00E+00  0.00E+00 -3.99E-04    0    0
    4   17 -2.33E-04  0.00E+00  0.00E+00  0.00E+00 -2.33E-04    0    0
    4   16  5.44E-05  0.00E+00  0.00E+00  0.00E+00  5.44E-05    0    0
    4   15  3.93E-04  0.00E+00  0.00E+00  0.00E+00  3.93E-04    0    0
    4   14  7.31E-04  0.00E+00  0.00E+00  0.00E+00  7.31E-04    0    0
    4   13  1.08E-03  0.00E+00  0.00E+00  0.00E+00  1.08E-03    0    0
    4   12  1.44E-03  0.00E+00  0.00E+00  0.00E+00  1.44E-03    0    0
    4   11  1.80E-03  0.00E+00  0.00E+00  0.00E+00  1.80E-03    0    0
    4   10  1.87E-03  0.00E+00  0.00E+00  0.00E+00  1.87E-03    0    0
    4    9  1.46E-03  0.00E+00  0.00E+00  0.00E+00  1.46E-03    0    0
    4    8  1.19E-03  0.00E+00  0.00E+00  0.00E+00  1.19E-03    0    0
    4    7  1.27E-03  0.00E+00  0.00E+00  0.00E+00  1.27E-03    0    0
    4    6  1.61E-03  0.00E+00  0.00E+00  0.00E+00  1.61E-03    0    0
    4    5  1.97E-03  0.00E+00  0.00E+00  0.00E+00  1.97E-03    0    0
    4    4  2.56E-03  0.00E+00  0.00E+00  0.00E+00  2.56E-03    0    0
    4    3  5.35E-03  0.00E+00  0.00E+00  0.00E+00  5.35E-03    0    0
    4    2  1.64E-02  0.00E+00  0.00E+00  0.00E+00  1.64E-02    0    0
    4    1  2.21E-02  0.00E+00  0.00E+00  0.00E+00  2.21E-02    0    0
    5   70  2.89E-10  0.00E+00  0.00E+00  0.00E+00  2.89E-10    0    0
    5   69  4.54E-10  0.00E+00  0.00E+00  0.00E+00  4.54E-10    0    0
    5   68  6.89E-10  0.00E+00  0.00E+00  0.00E+00  6.89E-10    0    0
    5   67  9.67E-10  0.00E+00  0.00E+00  0.00E+00  9.67E-10    0    0
    5   66  1.19E-09  0.00E+00  0.00E+00  0.00E+00  1.19E-09    0    0
    5   65  1.20E-09  0.00E+00  0.00E+00  0.00E+00  1.20E-09    0    0
    5   64  9.47E-10  0.00E+00  0.00E+00  0.00E+00  9.47E-10    0    0
    5   63  7.89E-10  0.00E+00  0.00E+00  0.00E+00  7.89E-10    0    0
    5   62  4.04E-09  0.00E+00  0.00E+00  0.00E+00  4.04E-09    0    0
    5   61  2.02E-08  0.00E+00  0.00E+00  0.00E+00  2.02E-08    0    0
    5   60  5.84E-08  0.00E+00  0.00E+00  0.00E+00  5.84E-08    0    0
    5   59  9.33E-08  0.00E+00  0.00E+00  0.00E+00  9.33E-08    0    0
    5   58  3.75E-08  0.00E+00  0.00E+00  0.00E+00  3.75E-08    0    0
    5   57 -1.69E-07  0.00E+00  0.00E+00  0.00E+00 -1.69E-07    0    0
    5   56 -4.33E-07  0.00E+00  0.00E+00  0.00E+00 -4.33E-07    0    0
    5   55 -5.18E-07  0.00E+00  0.00E+00  0.00E+00 -5.18E-07    0    0
    5   54 -2.10E-07  0.00E+00  0.00E+00  0.00E+00 -2.10E-07    0    0
    5   53  5.26E-07  0.00E+00  0.00E+00  0.00E+00  5.26E-07    0    0
    5   52  1.56E-06  0.00E+00  0.00E+00  0.00E+00  1.56E-06    0    0
    5   51  2.60E-06  0.00E+00  0.00E+00  0.00E+00  2.60E-06    0    0
    5   50  3.28E-06  0.00E+00  0.00E+00  0.00E+00  3.28E-06    0    0
    5   49  2.74E-06  0.00E+00  0.00E+00  0.00E+00  2.74E-06    0    0
    5   48  2.45E-07  0.00E+00  0.00E+00  0.00E+00  2.45E-07    0    0
    5   47 -3.71E-06  0.00E+00  0.00E+00  0.00E+00 -3.71E-06    0    0
    5   46 -7.55E-06  0.00E+00  0.00E+00  0.00E+00 -7.55E-06    0    0
    5   45 -9.63E-06  0.00E+00  0.00E+00  0.00E+00 -9.63E-06    0    0
    5   44 -9.23E-06  0.00E+00  0.00E+00  0.00E+00 -9.23E-06    0    0
    5   43 -6.79E-06  0.00E+00  0.00E+00  0.00E+00 -6.79E-06    0    0
    5   42 -3.32E-06  0.00E+00  0.00E+00  0.00E+00 -3.32E-06    0    0
    5   41  2.05E-07  0.00E+00  0.00E+00  0.00E+00  2.05E-07    0    0
    5   40  3.16E-06  0.00E+00  0.00E+00  0.00E+00  3.16E-06    0    0
    5   39  5.48E-06  0.00E+00  0.00E+00  0.00E+00  5.48E-06    0    0
    5   38  6.74E-06  0.00E+00  0.00E+00  0.00E+00  6.74E-06    0    0
    5   37  7.10E-06  0.00E+00  0.00E+00  0.00E+00  7.10E-06    0    0
    5   36  6.81E-06  0.00E+00  0.00E+00  0.00E+00  6.81E-06    0    0
    5   35  6.01E-06  0.00E+00  0.00E+00  0.00E+00  6.01E-06    0    0
    5   34  5.38E-06  0.00E+00  0.00E+00  0.00E+00  5.38E-06    0    0
    5   33  5.42E-06  0.00E+00  0.00E+00  0.00E+00  5.42E-06    0    0
    5   32  5.38E-06  0.00E+00  0.00E+00  0.00E+00  5.38E-06    0    0
    5   31  4.25E-06  0.00E+00  0.00E+00  0.00E+00  4.25E-06    0    0
    5   30  2.28E-06  0.00E+00  0.00E+00  0.00E+00  2.28E-06    0    0
    5   29  8.74E-07  0.00E+00  0.00E+00  0.00E+00  8.74E-07    0    0
    5   28  1.17E-06  0.00E+00  0.00E+00  0.00E+00  1.17E-06    0    0
    5   27  3.00E-06  0.00E+00  0.00E+00  0.00E+00  3.00E-06    0    0
    5   26  9.15E-06  0.00E+00  0.00E+00  0.00E+00  9.15E-06    0    0
    5   25  3.84E-05  0.00E+00  0.00E+00  0.00E+00  3.84E-05    0    0
    5   24  1.73E-05  0.00E+00  0.00E+00  0.00E+00  1.73E-05    0    0
    5   23  1.24E-05  0.00E+00  0.00E+00  0.00E+00  1.24E-05    0    0
    5   22 -3.97E-06  0.00E+00  0.00E+00  0.00E+00 -3.97E-06    0    0
    5   21 -3.33E-05  0.00E+00  0.00E+00  0.00E+00 -3.33E-05    0    0
    5   20 -6.52E-05  0.00E+00  0.00E+00  0.00E+00 -6.52E-05    0    0
    5   19 -8.65E-05  0.00E+00  0.00E+00  0.00E+00 -8.65E-05    0    0
    5   18 -8.78E-05  0.00E+00  0.00E+00  0.00E+00 -8.78E-05    0    0
    5   17 -6.47E-05  0.00E+00  0.00E+00  0.00E+00 -6.47E-05    0    0
    5   16 -2.26E-05  0.00E+00  0.00E+00  0.00E+00 -2.26E-05    0    0
    5   15  2.43E-05  0.00E+00  0.00E+00  0.00E+00  2.43E-05    0    0
    5   14  6.51E-05  0.00E+00  0.00E+00  0.00E+00  6.51E-05    0    0
    5   13  9.85E-05  0.00E+00  0.00E+00  0.00E+00  9.85E-05    0    0
    5   12  1.26E-04  0.00E+00  0.00E+00  0.00E+00  1.26E-04    0    0
    5   11  1.50E-04  0.00E+00  0.00E+00  0.00E+00  1.50E-04    0    0
    5   10  1.54E-04  0.00E+00  0.00E+00  0.00E+00  1.54E-04    0    0
    5    9  1.24E-04  0.00E+00  0.00E+00  0.00E+00  1.24E-04    0    0
    5    8  9.54E-05  0.00E+00  0.00E+00  0.00E+00  9.54E-05    0    0
    5    7  7.15E-05  0.00E+00  0.00E+00  0.00E+00  7.15E-05    0    0
    5    6  3.24E-05  0.00E+00  0.00E+00  0.00E+00  3.24E-05    0    0
    5    5 -4.95E-05  0.00E+00  0.00E+00  0.00E+00 -4.95E-05    0    0
    5    4 -1.53E-04  0.00E+00  0.00E+00  0.00E+00 -1.53E-04    0    0
    5    3  1.13E-06  0.00E+00  0.00E+00  0.00E+00  1.13E-06    0    0
    5    2  9.46E-04  0.00E+00  0.00E+00  0.00E+00  9.46E-04    0    0
    5    1  2.56E-03  0.00E+00  0.00E+00  0.00E+00  2.56E-03    0    0
    6   70 -8.13E-12  0.00E+00  0.00E+00  0.00E+00 -8.13E-12    0    0
    6   69 -1.23E-11  0.00E+00  0.00E+00  0.00E+00 -1.23E-11    0    0
    6   68 -1.82E-11  0.00E+00  0.00E+00  0.00E+00 -1.82E-11    0    0
    6   67 -2.70E-11  0.00E+00  0.00E+00  0.00E+00 -2.70E-11    0    0
    6   66 -4.28E-11  0.00E+00  0.00E+00  0.00E+00 -4.28E-11    0    0
    6   65 -7.89E-11  0.00E+00  0.00E+00  0.00E+00 -7.89E-11    0    0
    6   64 -1.66E-10  0.00E+00  0.00E+00  0.00E+00 -1.66E-10    0    0
    6   63 -3.75E-10  0.00E+00  0.00E+00  0.00E+00 -3.75E-10    0    0
    6   62 -8.08E-10  0.00E+00  0.00E+00  0.00E+00 -8.08E-10    0    0
    6   61 -9.02E-10  0.00E+00  0.00E+00  0.00E+00 -9.02E-10    0    0
    6   60  1.99E-09  0.00E+00  0.00E+00  0.00E+00  1.99E-09    0    0
    6   59  8.40E-09  0.00E+00  0.00E+00  0.00E+00  8.40E-09    0    0
    6   58  5.71E-09  0.00E+00  0.00E+00  0.00E+00  5.71E-09    0    0
    6   57 -2.39E-08  0.00E+00  0.00E+00  0.00E+00 -2.39E-08    0    0
    6   56 -7.44E-08  0.00E+00  0.00E+00  0.00E+00 -7.44E-08    0    0
    6   55 -1.06E-07  0.00E+00  0.00E+00  0.00E+00 -1.06E-07    0    0
    6   54 -7.32E-08  0.00E+00  0.00E+00  0.00E+00 -7.32E-08    0    0
    6   53  3.98E-08  0.00E+00  0.00E+00  0.00E+00  3.98E-08    0    0
    6   52  2.18E-07  0.00E+00  0.00E+00  0.00E+00  2.18E-07    0    0
    6   51  4.20E-07  0.00E+00  0.00E+00  0.00E+00  4.20E-07    0    0
    6   50  5.82E-07  0.00E+00  0.00E+00  0.00E+00  5.82E-07    0    0
    6   49  5.54E-07  0.00E+00  0.00E+00  0.00E+00  5.54E-07    0    0
    6   48  2.03E-07  0.00E+00  0.00E+00  0.00E+00  2.03E-07    0    0
    6   47 -3.77E-07  0.00E+00  0.00E+00  0.00E+00 -3.77E-07    0    0
    6   46 -9.16E-07  0.00E+00  0.00E+00  0.00E+00 -9.16E-07    0    0
    6   45 -1.17E-06  0.00E+00  0.00E+00  0.00E+00 -1.17E-06    0    0
    6   44 -1.09E-06  0.00E+00  0.00E+00  0.00E+00 -1.09E-06    0    0
    6   43 -7.82E-07  0.00E+00  0.00E+00  0.00E+00 -7.82E-07    0    0
    6   42 -4.04E-07  0.00E+00  0.00E+00  0.00E+00 -4.04E-07    0    0
    6   41 -7.14E-08  0.00E+00  0.00E+00  0.00E+00 -7.14E-08    0    0
    6   40  1.68E-07  0.00E+00  0.00E+00  0.00E+00  1.68E-07    0    0
    6   39  3.25E-07  0.00E+00  0.00E+00  0.00E+00  3.25E-07    0    0
    6   38  3.96E-07  0.00E+00  0.00E+00  0.00E+00  3.96E-07    0    0
    6   37  4.09E-07  0.00E+00  0.00E+00  0.00E+00  4.09E-07    0    0
    6   36  3.85E-07  0.00E+00  0.00E+00  0.00E+00  3.85E-07    0    0
    6   35  3.39E-07  0.00E+00  0.00E+00  0.00E+00  3.39E-07    0    0
    6   34  3.04E-07  0.00E+00  0.00E+00  0.00E+00  3.04E-07    0    0
    6   33  3.04E-07  0.00E+00  0.00E+00  0.00E+00  3.04E-07    0    0
    6   32  3.07E-07  0.00E+00  0.00E+00  0.00E+00  3.07E-07    0    0
    6   31  2.59E-07  0.00E+00  0.00E+00  0.00E+00  2.59E-07    0    0
    6   30  1.60E-07  0.00E+00  0.00E+00  0.00E+00  1.60E-07    0    0
    6   29  7.12E-08  0.00E+00  0.00E+00  0.00E+00  7.12E-08    0    0
    6   28  3.72E-08  0.00E+00  0.00E+00  0.00E+00  3.72E-08    0    0
    6   27 -8.49E-08  0.00E+00  0.00E+00  0.00E+00 -8.49E-08    0    0
    6   26  3.81E-08  0.00E+00  0.00E+00  0.00E+00  3.81E-08    0    0
    6   25  4.69E-06  0.00E+00  0.00E+00  0.00E+00  4.69E-06    0    0
    6   24  1.54E-06  0.00E+00  0.00E+00  0.00E+00  1.54E-06    0    0
    6   23  2.16E-06  0.00E+00  0.00E+00  0.00E+00  2.16E-06    0    0
    6   22  7.54E-07  0.00E+00  0.00E+00  0.00E+00  7.54E-07    0    0
    6   21 -3.55E-06  0.00E+00  0.00E+00  0.00E+00 -3.55E-06    0    0
    6   20 -8.98E-06  0.00E+00  0.00E+00  0.00E+00 -8.98E-06    0    0
    6   19 -1.30E-05  0.00E+00  0.00E+00  0.00E+00 -1.30E-05    0    0
    6   18 -1.34E-05  0.00E+00  0.00E+00  0.00E+00 -1.34E-05    0    0
    6   17 -9.42E-06  0.00E+00  0.00E+00  0.00E+00 -9.42E-06    0    0
    6   16 -2.54E-06  0.00E+00  0.00E+00  0.00E+00 -2.54E-06    0    0
    6   15  4.59E-06  0.00E+00  0.00E+00  0.00E+00  4.59E-06    0    0
    6   14  1.00E-05  0.00E+00  0.00E+00  0.00E+00  1.00E-05    0    0
    6   13  1.36E-05  0.00E+00  0.00E+00  0.00E+00  1.36E-05    0    0
    6   12  1.58E-05  0.00E+00  0.00E+00  0.00E+00  1.58E-05    0    0
    6   11  1.72E-05  0.00E+00  0.00E+00  0.00E+00  1.72E-05    0    0
    6   10  1.76E-05  0.00E+00  0.00E+00  0.00E+00  1.76E-05    0    0
    6    9  1.62E-05  0.00E+00  0.00E+00  0.00E+00  1.62E-05    0    0
    6    8  1.46E-05  0.00E+00  0.00E+00  0.00E+00  1.46E-05    0    0
    6    7  1.24E-05  0.00E+00  0.00E+00  0.00E+00  1.24E-05    0    0
    6    6  7.70E-06  0.00E+00  0.00E+00  0.00E+00  7.70E-06    0    0
    6    5 -4.81E-06  0.00E+00  0.00E+00  0.00E+00 -4.81E-06    0    0
    6    4 -2.87E-05  0.00E+00  0.00E+00  0.00E+00 -2.87E-05    0    0
    6    3 -4.12E-05  0.00E+00  0.00E+00  0.00E+00 -4.12E-05    0    0
    6    2  2.06E-05  0.00E+00  0.00E+00  0.00E+00  2.06E-05    0    0
    6    1  7.83E-05  0.00E+00  0.00E+00  0.00E+00  7.83E-05    0    0
