   70   20
   9.825247E-08   1.347210E-07   1.842161E-07   2.511338E-07   3.411633E-07   4.615438E-07
   6.213028E-07   8.314501E-07   1.105100E-06   1.457514E-06   1.906109E-06   2.470479E-06
   3.172528E-06   4.036746E-06   5.090570E-06   6.364971E-06   7.895250E-06   9.721960E-06
   1.189196E-05   1.445982E-05   1.748919E-05   2.105430E-05   2.524181E-05   3.015301E-05
   3.590640E-05   4.264075E-05   5.051942E-05   5.973406E-05   7.050888E-05   8.310747E-05
   9.784023E-05   1.150735E-04   1.352414E-04   1.588623E-04   1.865577E-04   2.190726E-04
   2.573090E-04   3.023689E-04   3.556132E-04   4.187387E-04   4.938902E-04   5.838175E-04
   6.920759E-04   8.233160E-04   9.837089E-04   1.181535E-03   1.428017E-03   1.738486E-03
   2.133993E-03   2.643334E-03   3.306534E-03   4.176483E-03   5.321527E-03   6.831157E-03
   8.818593E-03   1.142449E-02   1.482309E-02   1.923649E-02   2.496580E-02   3.245826E-02
   4.244382E-02   5.619013E-02   7.593965E-02   1.055894E-01   1.516193E-01   2.242234E-01
   3.386635E-01   5.170272E-01   7.906138E-01   1.203095E+00
   9.922265E+03   3.564491E+12   6.084623E-12   4.297043E+10   1.134999E+06
   2.804629E+05   2.301424E+05   2.514251E+05   2.980910E+05   3.608534E+05
   4.367709E+05   5.246347E+05   6.238318E+05   7.339607E+05   8.546526E+05
   9.854459E+05   1.125651E+06   1.274161E+06   2.289376E+07   3.564375E+12
   1.062988E+04   4.578630E+12   7.760196E-12   2.218142E+10   1.296149E+06
   3.710172E+05   3.205280E+05   3.586103E+05   4.307067E+05   5.254715E+05
   6.392409E+05   7.704793E+05   9.183762E+05   1.082352E+06   1.261807E+06
   1.455917E+06   1.663382E+06   1.882049E+06   2.978682E+07   4.578546E+12
   1.080797E+04   6.157336E+12   1.043726E-11   3.063699E+10   2.150735E+06
   6.369137E+05   5.568222E+05   6.264164E+05   7.546035E+05   9.222844E+05
   1.123254E+06   1.354877E+06   1.615707E+06   1.904620E+06   2.220328E+06
   2.560933E+06   2.923321E+06   3.302194E+06   4.476863E+07   6.157213E+12
   1.094087E+04   8.289994E+12   1.405976E-11   4.566485E+10   3.661768E+06
   1.111431E+06   9.800820E+05   1.106984E+06   1.336399E+06   1.635475E+06
   1.993477E+06   2.405773E+06   2.869697E+06   3.382967E+06   3.942710E+06
   4.544435E+06   5.180507E+06   5.837592E+06   6.736672E+07   8.289806E+12
   1.104789E+04   1.114827E+13   1.892313E-11   7.077300E+10   6.302093E+06
   1.950310E+06   1.731543E+06   1.961898E+06   2.372521E+06   2.906412E+06
   3.544830E+06   4.279532E+06   5.105477E+06   6.017888E+06   7.010205E+06
   8.071626E+06   9.183200E+06   1.031101E+07   1.006951E+08   1.114797E+13
   1.113493E+04   1.495541E+13   2.541510E-11   1.125758E+11   1.090009E+07
   3.425971E+06   3.058229E+06   3.473788E+06   4.206547E+06   5.157265E+06
   6.293093E+06   7.599213E+06   9.065885E+06   1.068286E+07   1.243492E+07
   1.429586E+07   1.621830E+07   1.811565E+07   1.488329E+08   1.495494E+13
   1.120623E+04   1.998841E+13   3.402125E-11   1.820040E+11   1.885550E+07
   6.001100E+06   5.380475E+06   6.123976E+06   7.423855E+06   9.107472E+06
   1.111722E+07   1.342627E+07   1.601546E+07   1.886241E+07   2.193150E+07
   2.515890E+07   2.842616E+07   3.151330E+07   2.165617E+08   1.998766E+13
   1.126817E+04   2.657577E+13   4.532305E-11   2.953142E+11   3.242310E+07
   1.043077E+07   9.387283E+06   1.070304E+07   1.298696E+07   1.594062E+07
   1.946345E+07   2.350675E+07   2.803226E+07   3.299066E+07   3.829851E+07
   4.380100E+07   4.920409E+07   5.395845E+07   3.085860E+08   2.657457E+13
   1.132817E+04   3.509354E+13   5.999158E-11   4.743418E+11   5.505806E+07
   1.789603E+07   1.616387E+07   1.846013E+07   2.241920E+07   2.753160E+07
   3.362351E+07   4.060648E+07   4.840368E+07   5.690629E+07   6.592039E+07
   7.507469E+07   8.365205E+07   9.032486E+07   4.282515E+08   3.509165E+13
   1.139291E+04   4.596026E+13   7.877689E-11   7.452647E+11   9.179551E+07
   3.016695E+07   2.735209E+07   3.129320E+07   3.804034E+07   4.673894E+07
   5.709280E+07   6.894213E+07   8.213236E+07   9.642538E+07   1.113770E+08
   1.261138E+08   1.389364E+08   1.467972E+08   5.759842E+08   4.595735E+13
   1.146403E+04   5.964681E+13   1.025289E-10   1.141145E+12   1.499139E+08
   4.985803E+07   4.539493E+07   5.203582E+07   6.331974E+07   7.784134E+07
   9.510395E+07   1.148204E+08   1.366809E+08   1.601716E+08   1.842944E+08
   2.070467E+08   2.245577E+08   2.303179E+08   7.485347E+08   5.964239E+13
   1.154302E+04   7.666362E+13   1.321693E-10   1.698077E+12   2.394090E+08
   8.067062E+07   7.378618E+07   8.475891E+07   1.032535E+08   1.270076E+08
   1.552022E+08   1.873245E+08   2.227593E+08   2.604167E+08   2.981072E+08
   3.313835E+08   3.518725E+08   3.469757E+08   9.382438E+08   7.665705E+13
   1.163039E+04   9.756498E+13   1.686968E-10   2.453872E+12   3.736657E+08
   1.277180E+08   1.174027E+08   1.351716E+08   1.648652E+08   2.029196E+08
   2.480061E+08   2.992158E+08   3.553420E+08   4.141207E+08   4.708767E+08
   5.161061E+08   5.328348E+08   4.997860E+08   1.134200E+09   9.755546E+13
   1.172599E+04   1.229550E+14   2.131944E-10   3.446486E+12   5.702158E+08
   1.979157E+08   1.829111E+08   2.111157E+08   2.578252E+08   3.175434E+08
   3.881470E+08   4.680379E+08   5.548829E+08   6.440854E+08   7.259558E+08
   7.810712E+08   7.776918E+08   6.865508E+08   1.324596E+09   1.229415E+14
   1.182691E+04   1.535198E+14   2.669082E-10   4.728784E+12   8.527434E+08
   3.007365E+08   2.794912E+08   3.234160E+08   3.954985E+08   4.874207E+08
   5.958318E+08   7.179407E+08   8.493063E+08   9.808067E+08   1.092982E+09
   1.148097E+09   1.092520E+09   8.995295E+08   1.500061E+09   1.535010E+14
   1.193200E+04   1.900137E+14   3.312038E-10   6.356054E+12   1.251792E+09
   4.487325E+08   4.194187E+08   4.866069E+08   5.958656E+08   7.348187E+08
   8.982326E+08   1.081267E+09   1.275603E+09   1.463553E+09   1.607328E+09
   1.637786E+09   1.475760E+09   1.126293E+09   1.654430E+09   1.899879E+14
   1.204099E+04   2.332770E+14   4.075922E-10   8.383804E+12   1.806254E+09
   6.583467E+08   6.189267E+08   7.199897E+08   8.828516E+08   1.089381E+09
   1.331471E+09   1.600790E+09   1.882004E+09   2.141620E+09   2.308878E+09
   2.265511E+09   1.916530E+09   1.352751E+09   1.785151E+09   2.332421E+14
   1.215349E+04   2.842663E+14   4.977918E-10   1.087431E+13   2.565967E+09
   9.511380E+08   8.994674E+08   1.049161E+09   1.288236E+09   1.590489E+09
   1.943435E+09   2.332846E+09   2.730907E+09   3.075685E+09   3.239832E+09
   3.037237E+09   2.395777E+09   1.566644E+09   1.892755E+09   2.842198E+14
   1.226807E+04   3.440972E+14   6.038338E-10   1.391639E+13   3.596469E+09
   1.355760E+09   1.289677E+09   1.508358E+09   1.854557E+09   2.290825E+09
   2.798019E+09   3.352002E+09   3.903079E+09   4.339439E+09   4.441680E+09
   3.946618E+09   2.890297E+09   1.759915E+09   1.979918E+09   3.440359E+14
   1.238206E+04   4.140986E+14   7.282073E-10   1.765683E+13   4.986927E+09
   1.911093E+09   1.828414E+09   2.144044E+09   2.639530E+09   3.261787E+09
   3.981501E+09   4.757976E+09   5.503660E+09   6.021479E+09   5.951466E+09
   4.974656E+09   3.377981E+09   1.929300E+09   2.050516E+09   4.140185E+14
   1.249557E+04   4.957642E+14   8.736654E-10   2.223442E+13   6.849431E+09
   2.667383E+09   2.566354E+09   3.017045E+09   3.718823E+09   4.596932E+09
   5.606493E+09   6.679293E+09   7.663174E+09   8.219557E+09   7.790872E+09
   6.087654E+09   3.839404E+09   2.074176E+09   2.107591E+09   4.956602E+14
   1.260730E+04   5.908638E+14   1.043555E-09   2.786367E+13   9.335142E+09
   3.692338E+09   3.571813E+09   4.209383E+09   5.194437E+09   6.422163E+09
   7.823765E+09   9.285514E+09   1.054644E+10   1.104064E+10   9.963311E+09
   7.245145E+09   4.262248E+09   2.196602E+09   2.154324E+09   5.907295E+14
   1.271544E+04   7.014835E+14   1.241921E-09   3.485731E+13   1.264883E+10
   5.077513E+09   4.937167E+09   5.831951E+09   7.204187E+09   8.907229E+09
   1.083535E+10   1.279979E+10   1.435875E+10   1.459472E+10   1.244923E+10
   8.406266E+09   4.641218E+09   2.299984E+09   2.193632E+09   7.013107E+14
   1.281946E+04   8.300183E+14   1.473435E-09   4.358969E+13   1.705850E+10
   6.944070E+09   6.785123E+09   8.032269E+09   9.931413E+09   1.227747E+10
   1.490743E+10   1.750940E+10   1.934555E+10   1.897959E+10   1.520092E+10
   9.533530E+09   4.975544E+09   2.387652E+09   2.227577E+09   8.297966E+14
   1.291919E+04   9.792398E+14   1.743568E-09   5.453336E+13   2.291759E+10
   9.453054E+09   9.279214E+09   1.100713E+10   1.362061E+10   1.683256E+10
   2.039082E+10   2.378226E+10   2.579279E+10   2.426644E+10   1.814660E+10
   1.059795E+10   5.267850E+09   2.462692E+09   2.257705E+09   9.789561E+14
   1.301468E+04   1.152356E+15   2.058737E-09   6.828512E+13   3.069198E+10
   1.281835E+10   1.263721E+10   1.501885E+10   1.859750E+10   2.297041E+10
   2.774616E+10   3.208451E+10   3.402076E+10   3.048270E+10   2.119887E+10
   1.158092E+10   5.522645E+09   2.527769E+09   2.285159E+09   1.151994E+15
   1.310661E+04   1.353073E+15   2.426395E-09   8.555857E+13   4.098859E+10
   1.732200E+10   1.714740E+10   2.041516E+10   2.529368E+10   3.121625E+10
   3.757328E+10   4.299608E+10   4.436652E+10   3.759455E+10   2.426467E+10
   1.247293E+10   5.744811E+09   2.584921E+09   2.310625E+09   1.352611E+15
   1.319707E+04   1.585586E+15   2.854826E-09   1.070694E+14   5.456899E+10
   2.332688E+10   2.318369E+10   2.764851E+10   3.427082E+10   4.225045E+10
   5.063578E+10   5.721150E+10   5.714348E+10   4.548802E+10   2.725181E+10
   1.326949E+10   5.937974E+09   2.635224E+09   2.334093E+09   1.584998E+15
   1.328777E+04   1.854733E+15   3.353573E-09   1.336370E+14   7.240893E+10
   3.130568E+10   3.123583E+10   3.731269E+10   4.626556E+10   5.696030E+10
   6.790874E+10   7.555311E+10   7.260894E+10   5.397916E+10   3.008408E+10
   1.397205E+10   6.105607E+09   2.679519E+09   2.355519E+09   1.853988E+15
   1.338123E+04   2.166044E+15   3.933197E-09   1.659945E+14   9.571429E+10
   4.186083E+10   4.193405E+10   5.017466E+10   6.222924E+10   7.648385E+10
   9.060942E+10   9.894705E+10   9.089920E+10   6.281971E+10   3.270100E+10
   1.458343E+10   6.249812E+09   2.718022E+09   2.374459E+09   2.165101E+15
   1.347954E+04   2.525945E+15   4.605762E-09   2.048667E+14   1.259993E+11
   5.576773E+10   5.609604E+10   6.723237E+10   8.339866E+10   1.022882E+11
   1.202562E+11   1.284067E+11   1.119890E+11   7.173302E+10   3.506406E+10
   1.510867E+10   6.372416E+09   2.750874E+09   2.390533E+09   2.524756E+15
   1.358515E+04   2.941861E+15   5.384633E-09   2.507518E+14   1.651137E+11
   7.400878E+10   7.476946E+10   8.976979E+10   1.113639E+11   1.362401E+11
   1.587005E+11   1.649593E+11   1.356352E+11   8.043667E+10   3.715022E+10
   1.555216E+10   6.474283E+09   2.777880E+09   2.403178E+09   2.940369E+15
   1.370033E+04   3.422453E+15   6.284860E-09   3.039110E+14   2.153247E+11
   9.783162E+10   9.929966E+10   1.194423E+11   1.481720E+11   1.807123E+11
   2.081733E+11   2.095613E+11   1.613653E+11   8.867600E+10   3.895070E+10
   1.591818E+10   6.555939E+09   2.798787E+09   2.411873E+09   3.420585E+15
   1.382784E+04   3.977840E+15   7.323059E-09   3.640734E+14   2.793377E+11
   1.287999E+11   1.313974E+11   1.583656E+11   1.964359E+11   2.386852E+11
   2.712883E+11   2.629471E+11   1.884778E+11   9.623578E+10   4.046332E+10
   1.620920E+10   6.617091E+09   2.813078E+09   2.415950E+09   3.975512E+15
   1.397002E+04   4.619937E+15   8.518195E-09   4.305664E+14   3.604237E+11
   1.688879E+11   1.732513E+11   2.092589E+11   2.595044E+11   3.139040E+11
   3.510517E+11   3.254871E+11   2.161115E+11   1.029594E+11   4.169358E+10
   1.642778E+10   6.657553E+09   2.820357E+09   2.414910E+09   4.617046E+15
   1.412914E+04   5.362698E+15   9.891835E-09   5.022200E+14   4.624878E+11
   2.205721E+11   2.276465E+11   2.755989E+11   3.416450E+11   4.110236E+11
   4.507844E+11   3.969966E+11   2.433206E+11   1.087456E+11   4.265066E+10
   1.657609E+10   6.677101E+09   2.820279E+09   2.408353E+09   5.359121E+15
   1.430651E+04   6.222711E+15   1.146994E-08   5.778360E+14   5.903538E+11
   2.870159E+11   2.981799E+11   3.618892E+11   4.483568E+11   5.358624E+11
   5.740616E+11   4.766453E+11   2.692065E+11   1.135559E+11   4.335081E+10
   1.665797E+10   6.676318E+09   2.812884E+09   2.396237E+09   6.218297E+15
   1.450826E+04   7.218658E+15   1.327681E-08   6.531343E+14   7.486351E+11
   3.717965E+11   3.890854E+11   4.735046E+11   5.861763E+11   6.950119E+11
   7.238807E+11   5.624221E+11   2.927759E+11   1.173132E+11   4.378207E+10
   1.666612E+10   6.651518E+09   2.796485E+09   2.377157E+09   7.213227E+15
   1.473628E+04   8.373428E+15   1.534662E-08   7.254846E+14   9.434363E+11
   4.796086E+11   5.059379E+11   6.175211E+11   7.636291E+11   8.966748E+11
   9.030009E+11   6.517753E+11   3.133583E+11   1.200384E+11   4.395918E+10
   1.660338E+10   6.603175E+09   2.771162E+09   2.351182E+09   8.366766E+15
   1.499353E+04   9.714130E+15   1.771967E-08   7.916688E+14   1.181602E+12
   6.161887E+11   6.557028E+11   8.028337E+11   9.913186E+11   1.150362E+12
   1.112997E+12   7.414420E+11   3.304487E+11   1.217592E+11   4.389164E+10
   1.647066E+10   6.531100E+09   2.736743E+09   2.318192E+09   9.705976E+15
   1.528356E+04   1.127334E+16   2.044537E-08   8.484007E+14   1.470896E+12
   7.885975E+11   8.471370E+11   1.040683E+12   1.282458E+12   1.466892E+12
   1.353632E+12   8.277684E+11   3.437315E+11   1.225124E+11   4.358753E+10
   1.626852E+10   6.435050E+09   2.693052E+09   2.278063E+09   1.126338E+16
   1.561053E+04   1.309078E+16   2.358564E-08   8.926844E+14   1.820191E+12
   1.005578E+12   1.091313E+12   1.345345E+12   1.653519E+12   1.858209E+12
   1.622179E+12   9.070821E+11   3.530653E+11   1.223406E+11   4.305436E+10
   1.599753E+10   6.314854E+09   2.639953E+09   2.230699E+09   1.307863E+16
   1.597872E+04   1.521550E+16   2.721985E-08   9.225121E+14   2.240062E+12
   1.278164E+12   1.402443E+12   1.735182E+12   2.125198E+12   2.337097E+12
   1.912965E+12   9.761199E+11   3.584745E+11   1.212982E+11   4.230242E+10
   1.565952E+10   6.170884E+09   2.577537E+09   2.176170E+09   1.520070E+16
   1.639300E+04   1.770890E+16   3.144990E-08   9.369109E+14   2.743320E+12
   1.620432E+12   1.798950E+12   2.234019E+12   2.723536E+12   2.916408E+12
   2.217089E+12   1.032296E+12   3.601017E+11   1.194442E+11   4.134328E+10
   1.525700E+10   6.003813E+09   2.506024E+09   2.114620E+09   1.769089E+16
   1.685844E+04   2.064967E+16   3.640941E-08   9.363984E+14   3.346596E+12
   2.050962E+12   2.305390E+12   2.873537E+12   3.481882E+12   3.608243E+12
   2.522874E+12   1.073953E+12   3.581975E+11   1.168489E+11   4.019246E+10
   1.479410E+10   5.814965E+09   2.425897E+09   2.046382E+09   2.062777E+16
   1.738003E+04   2.414079E+16   4.227572E-08   9.231452E+14   4.072943E+12
   2.595196E+12   2.955526E+12   3.697063E+12   4.443790E+12   4.422709E+12
   2.816893E+12   1.100452E+12   3.531083E+11   1.135978E+11   3.887104E+10
   1.427714E+10   5.606539E+09   2.338000E+09   1.972056E+09   2.411413E+16
   1.796282E+04   2.831849E+16   4.928417E-08   9.004666E+14   4.955102E+12
   3.288811E+12   3.796812E+12   4.765027E+12   5.666582E+12   5.365581E+12
   3.085222E+12   1.112057E+12   3.452378E+11   1.097857E+11   3.740391E+10
   1.371396E+10   5.381349E+09   2.243433E+09   1.892438E+09   2.828598E+16
   1.861233E+04   3.336383E+16   5.774657E-08   8.721310E+14   6.039713E+12
   4.182548E+12   4.896941E+12   6.162776E+12   7.225305E+12   6.434401E+12
   3.314774E+12   1.109706E+12   3.350089E+11   1.055097E+11   3.581741E+10
   1.311308E+10   5.142494E+09   2.143417E+09   1.808430E+09   3.332409E+16
   1.933457E+04   3.951726E+16   6.807470E-08   8.418570E+14   7.393084E+12
   5.349200E+12   6.353415E+12   8.011623E+12   9.216160E+12   7.613015E+12
   3.494638E+12   1.094799E+12   3.228416E+11   1.008656E+11   3.413814E+10
   1.248325E+10   4.893198E+09   2.039234E+09   1.721002E+09   3.946844E+16
   2.013731E+04   4.709099E+16   8.079971E-08   8.123094E+14   9.104903E+12
   6.891015E+12   8.304446E+12   1.048051E+13   1.175351E+13   8.863166E+12
   3.616549E+12   1.068843E+12   3.090942E+11   9.593178E+10   3.238766E+10
   1.183154E+10   4.636057E+09   1.931919E+09   1.630948E+09   4.703070E+16
   2.103258E+04   5.649127E+16   9.660850E-08   7.844922E+14   1.129225E+13
   8.949706E+12   1.094405E+13   1.380069E+13   1.495897E+13   1.011841E+13
   3.675185E+12   1.033161E+12   2.940096E+11   9.075346E+10   3.057696E+10
   1.116128E+10   4.372247E+09   1.821930E+09   1.538620E+09   5.641637E+16
   2.203499E+04   6.820048E+16   1.163139E-07   7.579129E+14   1.409201E+13
   1.170752E+13   1.452642E+13   1.826257E+13   1.891900E+13   1.128015E+13
   3.668303E+12   9.889311E+11   2.777694E+11   8.536113E+10   2.871289E+10
   1.047444E+10   4.102436E+09   1.709523E+09   1.444228E+09   6.810699E+16
   2.316253E+04   8.276064E+16   1.408270E-07   7.307388E+14   1.764626E+13
   1.538217E+13   1.936254E+13   2.419623E+13   2.362101E+13   1.223142E+13
   3.597290E+12   9.372356E+11   2.605129E+11   7.977500E+10   2.679923E+10
   9.771925E+09   3.826904E+09   1.594804E+09   1.347871E+09   8.264370E+16
   2.443872E+04   1.007826E+17   1.711740E-07   7.005232E+14   2.208901E+13
   2.022128E+13   2.581494E+13   3.193971E+13   2.889087E+13   1.286695E+13
   3.467200E+12   8.791078E+11   2.423544E+11   7.400900E+10   2.483790E+10
   9.054005E+09   3.545674E+09   1.477767E+09   1.249559E+09   1.006365E+17
   2.588779E+04   1.229120E+17   2.084415E-07   6.657837E+14   2.752911E+13
   2.648438E+13   3.427212E+13   4.177002E+13   3.435033E+13   1.312387E+13
   3.287086E+12   8.159356E+11   2.235108E+11   6.811013E+10   2.284207E+10
   8.325043E+09   3.260371E+09   1.359072E+09   1.149840E+09   1.227305E+17
   2.753107E+04   1.498155E+17   2.537544E-07   6.268253E+14   3.404771E+13
   3.443050E+13   4.512449E+13   5.382541E+13   3.945959E+13   1.299995E+13
   3.069406E+12   7.495785E+11   2.043380E+11   6.216955E+10   2.083984E+10
   7.594855E+09   2.974743E+09   1.240254E+09   1.049979E+09   1.495920E+17
   2.938500E+04   1.822003E+17   3.083088E-07   5.856305E+14   4.171782E+13
   4.432423E+13   5.875889E+13   6.804403E+13   4.365442E+13   1.254821E+13
   2.828318E+12   6.821944E+11   1.852894E+11   5.630983E+10   1.887012E+10
   6.877208E+09   2.694091E+09   1.123496E+09   9.517760E+08   1.819279E+17
   3.146106E+04   2.209171E+17   3.735451E-07   5.452751E+14   5.066410E+13
   5.649061E+13   7.561381E+13   8.416617E+13   4.652270E+13   1.185476E+13
   2.577650E+12   6.159282E+11   1.668346E+11   5.066083E+10   1.697455E+10
   6.186946E+09   2.424151E+09   1.011167E+09   8.571965E+08   2.205888E+17
   3.376672E+04   2.671973E+17   4.515460E-07   5.093461E+14   6.117972E+13
   7.145595E+13   9.634484E+13   1.018260E+14   4.791942E+13   1.101342E+13
   2.329288E+12   5.526342E+11   1.493862E+11   4.533776E+10   1.519029E+10
   5.537357E+09   2.170075E+09   9.054015E+08   7.680225E+08   2.668049E+17
   3.630759E+04   3.231234E+17   5.458309E-07   4.817219E+14   7.393692E+13
   9.024150E+13   1.221798E+14   1.207265E+14   4.796466E+13   1.010752E+13
   2.092301E+12   4.937030E+11   1.332530E+11   4.042675E+10   1.354515E+10
   4.938417E+09   1.935743E+09   8.078111E+08   6.856119E+08   3.226559E+17
   3.909195E+04   3.924730E+17   6.627788E-07   4.667763E+14   9.035181E+13
   1.149179E+14   1.555678E+14   1.408075E+14   4.694381E+13   9.200328E+12
   1.872617E+12   4.399794E+11   1.186149E+11   3.597714E+10   1.205501E+10
   4.395817E+09   1.723373E+09   7.193218E+08   6.107533E+08   3.919132E+17
   4.213567E+04   4.820827E+17   8.139307E-07   4.701683E+14   1.132325E+14
   1.496267E+14   2.012638E+14   1.622250E+14   4.518055E+13   8.333275E+12
   1.673292E+12   3.917988E+11   1.055297E+11   3.200307E+10   1.072420E+10
   3.911102E+09   1.533574E+09   6.401905E+08   5.436718E+08   4.814011E+17
   4.546093E+04   6.039033E+17   1.019459E-06   5.005990E+14   1.480173E+14
   2.025324E+14   2.680652E+14   1.849564E+14   4.295170E+13   7.530336E+12
   1.495424E+12   3.491658E+11   9.397770E+10   2.849649E+10   9.549835E+09
   3.483207E+09   1.365932E+09   5.702474E+08   4.842238E+08   6.030477E+17
   4.908791E+04   7.777023E+17   1.312730E-06   5.725025E+14   2.050997E+14
   2.894765E+14   3.710454E+14   2.079311E+14   4.045652E+13   6.803380E+12
   1.338925E+12   3.119015E+11   8.389808E+10   2.543783E+10   8.525243E+09
   3.109699E+09   1.219494E+09   5.090930E+08   4.320556E+08   7.765803E+17
   5.303433E+04   1.033723E+18   1.744795E-06   7.090343E+14   3.037486E+14
   4.401164E+14   5.322461E+14   2.281626E+14   3.781296E+13   6.153240E+12
   1.202340E+12   2.795661E+11   7.516498E+10   2.278826E+10   7.637376E+09
   2.785808E+09   1.092382E+09   4.559364E+08   3.864622E+08   1.032174E+18
   5.732451E+04   1.414469E+18   2.387404E-06   9.454004E+14   4.782023E+14
   7.070472E+14   7.744194E+14   2.414703E+14   3.508278E+13   5.571079E+12
   1.082728E+12   2.514040E+11   6.756981E+10   2.048411E+10   6.864825E+09
   2.503701E+09   9.815041E+08   4.094749E+08   3.462875E+08   1.412227E+18
   6.199084E+04   1.975792E+18   3.334853E-06   1.333159E+15   7.866879E+14
   1.177538E+15   1.101849E+15   2.451603E+14   3.231612E+13   5.044522E+12
   9.766457E+11   2.265523E+11   6.087561E+10   1.845298E+10   6.183226E+09
   2.254441E+09   8.833286E+08   3.682153E+08   3.102037E+08   1.972444E+18
   6.706929E+04   2.788262E+18   4.706294E-06   1.945348E+15   1.323946E+15
   1.984730E+15   1.475783E+15   2.396876E+14   2.956973E+13   4.563145E+12
   8.811840E+11   2.042790E+11   5.488063E+10   1.663308E+10   5.571709E+09
   2.030349E+09   7.948064E+08   3.308624E+08   2.770531E+08   2.783205E+18
   7.259921E+04   3.939247E+18   6.649263E-06   2.881650E+15   2.237183E+15
   3.309243E+15   1.816487E+15   2.275789E+14   2.689667E+13   4.119817E+12
   7.942687E+11   1.840564E+11   4.943865E+10   1.497945E+10   5.015040E+09
   1.825795E+09   7.136899E+08   2.964556E+08   2.459827E+08   3.931630E+18
   7.862690E+04   5.535270E+18   9.343653E-06   4.272549E+15   3.744172E+15
   5.353553E+15   2.048543E+15   2.115906E+14   2.433540E+13   3.709827E+12
   7.145014E+11   1.655262E+11   4.445010E+10   1.346138E+10   4.502787E+09
   1.636910E+09   6.384285E+08   2.643303E+08   2.164362E+08   5.523892E+18
