 RELATIVE CHANGES OF VECTOR PSI
  ITER  ID    TEMP        NE       POP     RAD      MAXIMUM   ilev   ifr

    1   70  1.43E-03  0.00E+00  0.00E+00  0.00E+00  1.43E-03    0    0
    1   69  7.02E-04  0.00E+00  0.00E+00  0.00E+00  7.02E-04    0    0
    1   68  4.42E-04  0.00E+00  0.00E+00  0.00E+00  4.42E-04    0    0
    1   67  5.72E-04  0.00E+00  0.00E+00  0.00E+00  5.72E-04    0    0
    1   66  1.05E-03  0.00E+00  0.00E+00  0.00E+00  1.05E-03    0    0
    1   65  1.81E-03  0.00E+00  0.00E+00  0.00E+00  1.81E-03    0    0
    1   64  2.78E-03  0.00E+00  0.00E+00  0.00E+00  2.78E-03    0    0
    1   63  3.97E-03  0.00E+00  0.00E+00  0.00E+00  3.97E-03    0    0
    1   62  5.49E-03  0.00E+00  0.00E+00  0.00E+00  5.49E-03    0    0
    1   61  7.33E-03  0.00E+00  0.00E+00  0.00E+00  7.33E-03    0    0
    1   60  9.34E-03  0.00E+00  0.00E+00  0.00E+00  9.34E-03    0    0
    1   59  1.15E-02  0.00E+00  0.00E+00  0.00E+00  1.15E-02    0    0
    1   58  1.38E-02  0.00E+00  0.00E+00  0.00E+00  1.38E-02    0    0
    1   57  1.65E-02  0.00E+00  0.00E+00  0.00E+00  1.65E-02    0    0
    1   56  1.95E-02  0.00E+00  0.00E+00  0.00E+00  1.95E-02    0    0
    1   55  2.28E-02  0.00E+00  0.00E+00  0.00E+00  2.28E-02    0    0
    1   54  2.58E-02  0.00E+00  0.00E+00  0.00E+00  2.58E-02    0    0
    1   53  2.82E-02  0.00E+00  0.00E+00  0.00E+00  2.82E-02    0    0
    1   52  2.91E-02  0.00E+00  0.00E+00  0.00E+00  2.91E-02    0    0
    1   51  2.79E-02  0.00E+00  0.00E+00  0.00E+00  2.79E-02    0    0
    1   50  2.44E-02  0.00E+00  0.00E+00  0.00E+00  2.44E-02    0    0
    1   49  1.86E-02  0.00E+00  0.00E+00  0.00E+00  1.86E-02    0    0
    1   48  1.07E-02  0.00E+00  0.00E+00  0.00E+00  1.07E-02    0    0
    1   47  9.23E-04  0.00E+00  0.00E+00  0.00E+00  9.23E-04    0    0
    1   46 -1.04E-02  0.00E+00  0.00E+00  0.00E+00 -1.04E-02    0    0
    1   45 -2.33E-02  0.00E+00  0.00E+00  0.00E+00 -2.33E-02    0    0
    1   44 -3.77E-02  0.00E+00  0.00E+00  0.00E+00 -3.77E-02    0    0
    1   43 -5.36E-02  0.00E+00  0.00E+00  0.00E+00 -5.36E-02    0    0
    1   42 -7.11E-02  0.00E+00  0.00E+00  0.00E+00 -7.11E-02    0    0
    1   41 -8.98E-02  0.00E+00  0.00E+00  0.00E+00 -8.98E-02    0    0
    1   40 -1.09E-01  0.00E+00  0.00E+00  0.00E+00 -1.09E-01    0    0
    1   39 -1.28E-01  0.00E+00  0.00E+00  0.00E+00 -1.28E-01    0    0
    1   38 -1.45E-01  0.00E+00  0.00E+00  0.00E+00 -1.45E-01    0    0
    1   37 -1.58E-01  0.00E+00  0.00E+00  0.00E+00 -1.58E-01    0    0
    1   36 -1.64E-01  0.00E+00  0.00E+00  0.00E+00 -1.64E-01    0    0
    1   35 -1.65E-01  0.00E+00  0.00E+00  0.00E+00 -1.65E-01    0    0
    1   34 -1.61E-01  0.00E+00  0.00E+00  0.00E+00 -1.61E-01    0    0
    1   33 -1.55E-01  0.00E+00  0.00E+00  0.00E+00 -1.55E-01    0    0
    1   32 -1.51E-01  0.00E+00  0.00E+00  0.00E+00 -1.51E-01    0    0
    1   31 -1.49E-01  0.00E+00  0.00E+00  0.00E+00 -1.49E-01    0    0
    1   30 -1.51E-01  0.00E+00  0.00E+00  0.00E+00 -1.51E-01    0    0
    1   29 -1.56E-01  0.00E+00  0.00E+00  0.00E+00 -1.56E-01    0    0
    1   28 -1.66E-01  0.00E+00  0.00E+00  0.00E+00 -1.66E-01    0    0
    1   27 -1.78E-01  0.00E+00  0.00E+00  0.00E+00 -1.78E-01    0    0
    1   26 -1.92E-01  0.00E+00  0.00E+00  0.00E+00 -1.92E-01    0    0
    1   25 -2.08E-01  0.00E+00  0.00E+00  0.00E+00 -2.08E-01    0    0
    1   24 -2.24E-01  0.00E+00  0.00E+00  0.00E+00 -2.24E-01    0    0
    1   23 -2.39E-01  0.00E+00  0.00E+00  0.00E+00 -2.39E-01    0    0
    1   22 -2.52E-01  0.00E+00  0.00E+00  0.00E+00 -2.52E-01    0    0
    1   21 -2.64E-01  0.00E+00  0.00E+00  0.00E+00 -2.64E-01    0    0
    1   20 -2.74E-01  0.00E+00  0.00E+00  0.00E+00 -2.74E-01    0    0
    1   19 -2.83E-01  0.00E+00  0.00E+00  0.00E+00 -2.83E-01    0    0
    1   18 -2.89E-01  0.00E+00  0.00E+00  0.00E+00 -2.89E-01    0    0
    1   17 -2.92E-01  0.00E+00  0.00E+00  0.00E+00 -2.92E-01    0    0
    1   16 -2.92E-01  0.00E+00  0.00E+00  0.00E+00 -2.92E-01    0    0
    1   15 -2.90E-01  0.00E+00  0.00E+00  0.00E+00 -2.90E-01    0    0
    1   14 -2.85E-01  0.00E+00  0.00E+00  0.00E+00 -2.85E-01    0    0
    1   13 -2.78E-01  0.00E+00  0.00E+00  0.00E+00 -2.78E-01    0    0
    1   12 -2.71E-01  0.00E+00  0.00E+00  0.00E+00 -2.71E-01    0    0
    1   11 -2.69E-01  0.00E+00  0.00E+00  0.00E+00 -2.69E-01    0    0
    1   10 -2.76E-01  0.00E+00  0.00E+00  0.00E+00 -2.76E-01    0    0
    1    9 -3.06E-01  0.00E+00  0.00E+00  0.00E+00 -3.06E-01    0    0
    1    8 -3.64E-01  0.00E+00  0.00E+00  0.00E+00 -3.64E-01    0    0
    1    7 -4.50E-01  0.00E+00  0.00E+00  0.00E+00 -4.50E-01    0    0
    1    6 -5.54E-01  0.00E+00  0.00E+00  0.00E+00 -5.54E-01    0    0
    1    5 -6.58E-01  0.00E+00  0.00E+00  0.00E+00 -6.58E-01    0    0
    1    4 -7.42E-01  0.00E+00  0.00E+00  0.00E+00 -7.42E-01    0    0
    1    3 -8.02E-01  0.00E+00  0.00E+00  0.00E+00 -8.02E-01    0    0
    1    2 -8.40E-01  0.00E+00  0.00E+00  0.00E+00 -8.40E-01    0    0
    1    1 -8.62E-01  0.00E+00  0.00E+00  0.00E+00 -8.62E-01    0    0
    2   70 -2.06E-05  0.00E+00  0.00E+00  0.00E+00 -2.06E-05    0    0
    2   69 -1.27E-05  0.00E+00  0.00E+00  0.00E+00 -1.27E-05    0    0
    2   68 -1.52E-05  0.00E+00  0.00E+00  0.00E+00 -1.52E-05    0    0
    2   67 -2.53E-05  0.00E+00  0.00E+00  0.00E+00 -2.53E-05    0    0
    2   66 -4.44E-05  0.00E+00  0.00E+00  0.00E+00 -4.44E-05    0    0
    2   65 -7.74E-05  0.00E+00  0.00E+00  0.00E+00 -7.74E-05    0    0
    2   64 -1.31E-04  0.00E+00  0.00E+00  0.00E+00 -1.31E-04    0    0
    2   63 -2.10E-04  0.00E+00  0.00E+00  0.00E+00 -2.10E-04    0    0
    2   62 -3.13E-04  0.00E+00  0.00E+00  0.00E+00 -3.13E-04    0    0
    2   61 -4.25E-04  0.00E+00  0.00E+00  0.00E+00 -4.25E-04    0    0
    2   60 -5.29E-04  0.00E+00  0.00E+00  0.00E+00 -5.29E-04    0    0
    2   59 -6.23E-04  0.00E+00  0.00E+00  0.00E+00 -6.23E-04    0    0
    2   58 -6.99E-04  0.00E+00  0.00E+00  0.00E+00 -6.99E-04    0    0
    2   57 -7.36E-04  0.00E+00  0.00E+00  0.00E+00 -7.36E-04    0    0
    2   56 -7.07E-04  0.00E+00  0.00E+00  0.00E+00 -7.07E-04    0    0
    2   55 -5.91E-04  0.00E+00  0.00E+00  0.00E+00 -5.91E-04    0    0
    2   54 -3.85E-04  0.00E+00  0.00E+00  0.00E+00 -3.85E-04    0    0
    2   53 -1.11E-04  0.00E+00  0.00E+00  0.00E+00 -1.11E-04    0    0
    2   52  1.93E-04  0.00E+00  0.00E+00  0.00E+00  1.93E-04    0    0
    2   51  4.62E-04  0.00E+00  0.00E+00  0.00E+00  4.62E-04    0    0
    2   50  6.23E-04  0.00E+00  0.00E+00  0.00E+00  6.23E-04    0    0
    2   49  5.57E-04  0.00E+00  0.00E+00  0.00E+00  5.57E-04    0    0
    2   48  1.63E-04  0.00E+00  0.00E+00  0.00E+00  1.63E-04    0    0
    2   47 -4.96E-04  0.00E+00  0.00E+00  0.00E+00 -4.96E-04    0    0
    2   46 -1.17E-03  0.00E+00  0.00E+00  0.00E+00 -1.17E-03    0    0
    2   45 -1.46E-03  0.00E+00  0.00E+00  0.00E+00 -1.46E-03    0    0
    2   44 -8.90E-04  0.00E+00  0.00E+00  0.00E+00 -8.90E-04    0    0
    2   43  1.03E-03  0.00E+00  0.00E+00  0.00E+00  1.03E-03    0    0
    2   42  4.67E-03  0.00E+00  0.00E+00  0.00E+00  4.67E-03    0    0
    2   41  1.01E-02  0.00E+00  0.00E+00  0.00E+00  1.01E-02    0    0
    2   40  1.71E-02  0.00E+00  0.00E+00  0.00E+00  1.71E-02    0    0
    2   39  2.47E-02  0.00E+00  0.00E+00  0.00E+00  2.47E-02    0    0
    2   38  3.12E-02  0.00E+00  0.00E+00  0.00E+00  3.12E-02    0    0
    2   37  3.43E-02  0.00E+00  0.00E+00  0.00E+00  3.43E-02    0    0
    2   36  3.21E-02  0.00E+00  0.00E+00  0.00E+00  3.21E-02    0    0
    2   35  2.32E-02  0.00E+00  0.00E+00  0.00E+00  2.32E-02    0    0
    2   34  9.65E-03  0.00E+00  0.00E+00  0.00E+00  9.65E-03    0    0
    2   33 -5.62E-03  0.00E+00  0.00E+00  0.00E+00 -5.62E-03    0    0
    2   32 -1.90E-02  0.00E+00  0.00E+00  0.00E+00 -1.90E-02    0    0
    2   31 -2.79E-02  0.00E+00  0.00E+00  0.00E+00 -2.79E-02    0    0
    2   30 -3.20E-02  0.00E+00  0.00E+00  0.00E+00 -3.20E-02    0    0
    2   29 -3.20E-02  0.00E+00  0.00E+00  0.00E+00 -3.20E-02    0    0
    2   28 -2.87E-02  0.00E+00  0.00E+00  0.00E+00 -2.87E-02    0    0
    2   27 -2.26E-02  0.00E+00  0.00E+00  0.00E+00 -2.26E-02    0    0
    2   26 -1.41E-02  0.00E+00  0.00E+00  0.00E+00 -1.41E-02    0    0
    2   25 -1.21E-02  0.00E+00  0.00E+00  0.00E+00 -1.21E-02    0    0
    2   24 -1.78E-02  0.00E+00  0.00E+00  0.00E+00 -1.78E-02    0    0
    2   23 -2.38E-02  0.00E+00  0.00E+00  0.00E+00 -2.38E-02    0    0
    2   22 -3.01E-02  0.00E+00  0.00E+00  0.00E+00 -3.01E-02    0    0
    2   21 -3.70E-02  0.00E+00  0.00E+00  0.00E+00 -3.70E-02    0    0
    2   20 -4.48E-02  0.00E+00  0.00E+00  0.00E+00 -4.48E-02    0    0
    2   19 -5.36E-02  0.00E+00  0.00E+00  0.00E+00 -5.36E-02    0    0
    2   18 -6.35E-02  0.00E+00  0.00E+00  0.00E+00 -6.35E-02    0    0
    2   17 -7.41E-02  0.00E+00  0.00E+00  0.00E+00 -7.41E-02    0    0
    2   16 -8.51E-02  0.00E+00  0.00E+00  0.00E+00 -8.51E-02    0    0
    2   15 -9.58E-02  0.00E+00  0.00E+00  0.00E+00 -9.58E-02    0    0
    2   14 -1.06E-01  0.00E+00  0.00E+00  0.00E+00 -1.06E-01    0    0
    2   13 -1.17E-01  0.00E+00  0.00E+00  0.00E+00 -1.17E-01    0    0
    2   12 -1.25E-01  0.00E+00  0.00E+00  0.00E+00 -1.25E-01    0    0
    2   11 -1.29E-01  0.00E+00  0.00E+00  0.00E+00 -1.29E-01    0    0
    2   10 -1.31E-01  0.00E+00  0.00E+00  0.00E+00 -1.31E-01    0    0
    2    9 -1.33E-01  0.00E+00  0.00E+00  0.00E+00 -1.33E-01    0    0
    2    8 -1.33E-01  0.00E+00  0.00E+00  0.00E+00 -1.33E-01    0    0
    2    7 -1.32E-01  0.00E+00  0.00E+00  0.00E+00 -1.32E-01    0    0
    2    6 -1.33E-01  0.00E+00  0.00E+00  0.00E+00 -1.33E-01    0    0
    2    5 -1.41E-01  0.00E+00  0.00E+00  0.00E+00 -1.41E-01    0    0
    2    4 -1.69E-01  0.00E+00  0.00E+00  0.00E+00 -1.69E-01    0    0
    2    3 -2.27E-01  0.00E+00  0.00E+00  0.00E+00 -2.27E-01    0    0
    2    2 -3.29E-01  0.00E+00  0.00E+00  0.00E+00 -3.29E-01    0    0
    2    1 -4.89E-01  0.00E+00  0.00E+00  0.00E+00 -4.89E-01    0    0
    3   70  2.80E-07  0.00E+00  0.00E+00  0.00E+00  2.80E-07    0    0
    3   69  3.78E-07  0.00E+00  0.00E+00  0.00E+00  3.78E-07    0    0
    3   68  6.28E-07  0.00E+00  0.00E+00  0.00E+00  6.28E-07    0    0
    3   67  1.09E-06  0.00E+00  0.00E+00  0.00E+00  1.09E-06    0    0
    3   66  1.88E-06  0.00E+00  0.00E+00  0.00E+00  1.88E-06    0    0
    3   65  3.08E-06  0.00E+00  0.00E+00  0.00E+00  3.08E-06    0    0
    3   64  4.74E-06  0.00E+00  0.00E+00  0.00E+00  4.74E-06    0    0
    3   63  6.65E-06  0.00E+00  0.00E+00  0.00E+00  6.65E-06    0    0
    3   62  7.71E-06  0.00E+00  0.00E+00  0.00E+00  7.71E-06    0    0
    3   61  6.34E-06  0.00E+00  0.00E+00  0.00E+00  6.34E-06    0    0
    3   60  1.52E-06  0.00E+00  0.00E+00  0.00E+00  1.52E-06    0    0
    3   59 -7.69E-06  0.00E+00  0.00E+00  0.00E+00 -7.69E-06    0    0
    3   58 -2.12E-05  0.00E+00  0.00E+00  0.00E+00 -2.12E-05    0    0
    3   57 -3.61E-05  0.00E+00  0.00E+00  0.00E+00 -3.61E-05    0    0
    3   56 -4.64E-05  0.00E+00  0.00E+00  0.00E+00 -4.64E-05    0    0
    3   55 -4.67E-05  0.00E+00  0.00E+00  0.00E+00 -4.67E-05    0    0
    3   54 -3.42E-05  0.00E+00  0.00E+00  0.00E+00 -3.42E-05    0    0
    3   53 -1.20E-05  0.00E+00  0.00E+00  0.00E+00 -1.20E-05    0    0
    3   52  1.33E-05  0.00E+00  0.00E+00  0.00E+00  1.33E-05    0    0
    3   51  3.09E-05  0.00E+00  0.00E+00  0.00E+00  3.09E-05    0    0
    3   50  2.70E-05  0.00E+00  0.00E+00  0.00E+00  2.70E-05    0    0
    3   49 -2.26E-05  0.00E+00  0.00E+00  0.00E+00 -2.26E-05    0    0
    3   48 -1.39E-04  0.00E+00  0.00E+00  0.00E+00 -1.39E-04    0    0
    3   47 -3.08E-04  0.00E+00  0.00E+00  0.00E+00 -3.08E-04    0    0
    3   46 -4.80E-04  0.00E+00  0.00E+00  0.00E+00 -4.80E-04    0    0
    3   45 -5.85E-04  0.00E+00  0.00E+00  0.00E+00 -5.85E-04    0    0
    3   44 -5.62E-04  0.00E+00  0.00E+00  0.00E+00 -5.62E-04    0    0
    3   43 -3.66E-04  0.00E+00  0.00E+00  0.00E+00 -3.66E-04    0    0
    3   42  2.68E-05  0.00E+00  0.00E+00  0.00E+00  2.68E-05    0    0
    3   41  6.30E-04  0.00E+00  0.00E+00  0.00E+00  6.30E-04    0    0
    3   40  1.44E-03  0.00E+00  0.00E+00  0.00E+00  1.44E-03    0    0
    3   39  2.36E-03  0.00E+00  0.00E+00  0.00E+00  2.36E-03    0    0
    3   38  3.16E-03  0.00E+00  0.00E+00  0.00E+00  3.16E-03    0    0
    3   37  3.57E-03  0.00E+00  0.00E+00  0.00E+00  3.57E-03    0    0
    3   36  3.50E-03  0.00E+00  0.00E+00  0.00E+00  3.50E-03    0    0
    3   35  2.87E-03  0.00E+00  0.00E+00  0.00E+00  2.87E-03    0    0
    3   34  2.39E-03  0.00E+00  0.00E+00  0.00E+00  2.39E-03    0    0
    3   33  2.56E-03  0.00E+00  0.00E+00  0.00E+00  2.56E-03    0    0
    3   32  2.88E-03  0.00E+00  0.00E+00  0.00E+00  2.88E-03    0    0
    3   31  2.60E-03  0.00E+00  0.00E+00  0.00E+00  2.60E-03    0    0
    3   30  2.03E-03  0.00E+00  0.00E+00  0.00E+00  2.03E-03    0    0
    3   29  1.98E-03  0.00E+00  0.00E+00  0.00E+00  1.98E-03    0    0
    3   28  2.90E-03  0.00E+00  0.00E+00  0.00E+00  2.90E-03    0    0
    3   27  4.66E-03  0.00E+00  0.00E+00  0.00E+00  4.66E-03    0    0
    3   26  6.82E-03  0.00E+00  0.00E+00  0.00E+00  6.82E-03    0    0
    3   25  6.90E-03  0.00E+00  0.00E+00  0.00E+00  6.90E-03    0    0
    3   24  5.07E-03  0.00E+00  0.00E+00  0.00E+00  5.07E-03    0    0
    3   23  3.17E-03  0.00E+00  0.00E+00  0.00E+00  3.17E-03    0    0
    3   22  1.33E-03  0.00E+00  0.00E+00  0.00E+00  1.33E-03    0    0
    3   21 -1.21E-04  0.00E+00  0.00E+00  0.00E+00 -1.21E-04    0    0
    3   20 -9.30E-04  0.00E+00  0.00E+00  0.00E+00 -9.30E-04    0    0
    3   19 -8.91E-04  0.00E+00  0.00E+00  0.00E+00 -8.91E-04    0    0
    3   18  9.41E-05  0.00E+00  0.00E+00  0.00E+00  9.41E-05    0    0
    3   17  1.93E-03  0.00E+00  0.00E+00  0.00E+00  1.93E-03    0    0
    3   16  4.37E-03  0.00E+00  0.00E+00  0.00E+00  4.37E-03    0    0
    3   15  6.81E-03  0.00E+00  0.00E+00  0.00E+00  6.81E-03    0    0
    3   14  9.45E-03  0.00E+00  0.00E+00  0.00E+00  9.45E-03    0    0
    3   13  1.27E-02  0.00E+00  0.00E+00  0.00E+00  1.27E-02    0    0
    3   12  1.43E-02  0.00E+00  0.00E+00  0.00E+00  1.43E-02    0    0
    3   11  1.24E-02  0.00E+00  0.00E+00  0.00E+00  1.24E-02    0    0
    3   10  8.54E-03  0.00E+00  0.00E+00  0.00E+00  8.54E-03    0    0
    3    9  5.25E-03  0.00E+00  0.00E+00  0.00E+00  5.25E-03    0    0
    3    8  3.20E-05  0.00E+00  0.00E+00  0.00E+00  3.20E-05    0    0
    3    7 -6.61E-03  0.00E+00  0.00E+00  0.00E+00 -6.61E-03    0    0
    3    6 -1.24E-02  0.00E+00  0.00E+00  0.00E+00 -1.24E-02    0    0
    3    5 -1.08E-02  0.00E+00  0.00E+00  0.00E+00 -1.08E-02    0    0
    3    4  9.64E-03  0.00E+00  0.00E+00  0.00E+00  9.64E-03    0    0
    3    3  3.02E-02  0.00E+00  0.00E+00  0.00E+00  3.02E-02    0    0
    3    2  1.04E-02  0.00E+00  0.00E+00  0.00E+00  1.04E-02    0    0
    3    1 -8.26E-02  0.00E+00  0.00E+00  0.00E+00 -8.26E-02    0    0
    4   70 -7.72E-09  0.00E+00  0.00E+00  0.00E+00 -7.72E-09    0    0
    4   69 -1.24E-08  0.00E+00  0.00E+00  0.00E+00 -1.24E-08    0    0
    4   68 -2.03E-08  0.00E+00  0.00E+00  0.00E+00 -2.03E-08    0    0
    4   67 -3.20E-08  0.00E+00  0.00E+00  0.00E+00 -3.20E-08    0    0
    4   66 -4.57E-08  0.00E+00  0.00E+00  0.00E+00 -4.57E-08    0    0
    4   65 -5.44E-08  0.00E+00  0.00E+00  0.00E+00 -5.44E-08    0    0
    4   64 -4.07E-08  0.00E+00  0.00E+00  0.00E+00 -4.07E-08    0    0
    4   63  3.34E-08  0.00E+00  0.00E+00  0.00E+00  3.34E-08    0    0
    4   62  2.25E-07  0.00E+00  0.00E+00  0.00E+00  2.25E-07    0    0
    4   61  5.29E-07  0.00E+00  0.00E+00  0.00E+00  5.29E-07    0    0
    4   60  8.02E-07  0.00E+00  0.00E+00  0.00E+00  8.02E-07    0    0
    4   59  6.88E-07  0.00E+00  0.00E+00  0.00E+00  6.88E-07    0    0
    4   58 -2.26E-07  0.00E+00  0.00E+00  0.00E+00 -2.26E-07    0    0
    4   57 -1.87E-06  0.00E+00  0.00E+00  0.00E+00 -1.87E-06    0    0
    4   56 -3.43E-06  0.00E+00  0.00E+00  0.00E+00 -3.43E-06    0    0
    4   55 -3.72E-06  0.00E+00  0.00E+00  0.00E+00 -3.72E-06    0    0
    4   54 -1.98E-06  0.00E+00  0.00E+00  0.00E+00 -1.98E-06    0    0
    4   53  1.55E-06  0.00E+00  0.00E+00  0.00E+00  1.55E-06    0    0
    4   52  5.83E-06  0.00E+00  0.00E+00  0.00E+00  5.83E-06    0    0
    4   51  9.11E-06  0.00E+00  0.00E+00  0.00E+00  9.11E-06    0    0
    4   50  8.86E-06  0.00E+00  0.00E+00  0.00E+00  8.86E-06    0    0
    4   49  2.74E-07  0.00E+00  0.00E+00  0.00E+00  2.74E-07    0    0
    4   48 -2.07E-05  0.00E+00  0.00E+00  0.00E+00 -2.07E-05    0    0
    4   47 -5.14E-05  0.00E+00  0.00E+00  0.00E+00 -5.14E-05    0    0
    4   46 -8.21E-05  0.00E+00  0.00E+00  0.00E+00 -8.21E-05    0    0
    4   45 -1.01E-04  0.00E+00  0.00E+00  0.00E+00 -1.01E-04    0    0
    4   44 -1.00E-04  0.00E+00  0.00E+00  0.00E+00 -1.00E-04    0    0
    4   43 -7.85E-05  0.00E+00  0.00E+00  0.00E+00 -7.85E-05    0    0
    4   42 -3.92E-05  0.00E+00  0.00E+00  0.00E+00 -3.92E-05    0    0
    4   41  1.16E-05  0.00E+00  0.00E+00  0.00E+00  1.16E-05    0    0
    4   40  6.82E-05  0.00E+00  0.00E+00  0.00E+00  6.82E-05    0    0
    4   39  1.24E-04  0.00E+00  0.00E+00  0.00E+00  1.24E-04    0    0
    4   38  1.70E-04  0.00E+00  0.00E+00  0.00E+00  1.70E-04    0    0
    4   37  1.92E-04  0.00E+00  0.00E+00  0.00E+00  1.92E-04    0    0
    4   36  1.90E-04  0.00E+00  0.00E+00  0.00E+00  1.90E-04    0    0
    4   35  1.61E-04  0.00E+00  0.00E+00  0.00E+00  1.61E-04    0    0
    4   34  1.38E-04  0.00E+00  0.00E+00  0.00E+00  1.38E-04    0    0
    4   33  1.43E-04  0.00E+00  0.00E+00  0.00E+00  1.43E-04    0    0
    4   32  1.56E-04  0.00E+00  0.00E+00  0.00E+00  1.56E-04    0    0
    4   31  1.45E-04  0.00E+00  0.00E+00  0.00E+00  1.45E-04    0    0
    4   30  1.19E-04  0.00E+00  0.00E+00  0.00E+00  1.19E-04    0    0
    4   29  1.10E-04  0.00E+00  0.00E+00  0.00E+00  1.10E-04    0    0
    4   28  1.38E-04  0.00E+00  0.00E+00  0.00E+00  1.38E-04    0    0
    4   27  1.93E-04  0.00E+00  0.00E+00  0.00E+00  1.93E-04    0    0
    4   26  3.06E-04  0.00E+00  0.00E+00  0.00E+00  3.06E-04    0    0
    4   25  3.50E-04  0.00E+00  0.00E+00  0.00E+00  3.50E-04    0    0
    4   24  2.86E-04  0.00E+00  0.00E+00  0.00E+00  2.86E-04    0    0
    4   23  2.00E-04  0.00E+00  0.00E+00  0.00E+00  2.00E-04    0    0
    4   22  3.50E-05  0.00E+00  0.00E+00  0.00E+00  3.50E-05    0    0
    4   21 -1.61E-04  0.00E+00  0.00E+00  0.00E+00 -1.61E-04    0    0
    4   20 -3.05E-04  0.00E+00  0.00E+00  0.00E+00 -3.05E-04    0    0
    4   19 -3.31E-04  0.00E+00  0.00E+00  0.00E+00 -3.31E-04    0    0
    4   18 -2.02E-04  0.00E+00  0.00E+00  0.00E+00 -2.02E-04    0    0
    4   17  7.42E-05  0.00E+00  0.00E+00  0.00E+00  7.42E-05    0    0
    4   16  4.51E-04  0.00E+00  0.00E+00  0.00E+00  4.51E-04    0    0
    4   15  8.30E-04  0.00E+00  0.00E+00  0.00E+00  8.30E-04    0    0
    4   14  1.22E-03  0.00E+00  0.00E+00  0.00E+00  1.22E-03    0    0
    4   13  1.69E-03  0.00E+00  0.00E+00  0.00E+00  1.69E-03    0    0
    4   12  1.91E-03  0.00E+00  0.00E+00  0.00E+00  1.91E-03    0    0
    4   11  1.63E-03  0.00E+00  0.00E+00  0.00E+00  1.63E-03    0    0
    4   10  1.29E-03  0.00E+00  0.00E+00  0.00E+00  1.29E-03    0    0
    4    9  1.22E-03  0.00E+00  0.00E+00  0.00E+00  1.22E-03    0    0
    4    8  1.41E-03  0.00E+00  0.00E+00  0.00E+00  1.41E-03    0    0
    4    7  1.76E-03  0.00E+00  0.00E+00  0.00E+00  1.76E-03    0    0
    4    6  1.92E-03  0.00E+00  0.00E+00  0.00E+00  1.92E-03    0    0
    4    5  2.66E-03  0.00E+00  0.00E+00  0.00E+00  2.66E-03    0    0
    4    4  5.55E-03  0.00E+00  0.00E+00  0.00E+00  5.55E-03    0    0
    4    3  1.08E-02  0.00E+00  0.00E+00  0.00E+00  1.08E-02    0    0
    4    2  1.48E-02  0.00E+00  0.00E+00  0.00E+00  1.48E-02    0    0
    4    1  3.43E-02  0.00E+00  0.00E+00  0.00E+00  3.43E-02    0    0
    5   70  1.99E-10  0.00E+00  0.00E+00  0.00E+00  1.99E-10    0    0
    5   69  2.99E-10  0.00E+00  0.00E+00  0.00E+00  2.99E-10    0    0
    5   68  4.25E-10  0.00E+00  0.00E+00  0.00E+00  4.25E-10    0    0
    5   67  5.28E-10  0.00E+00  0.00E+00  0.00E+00  5.28E-10    0    0
    5   66  5.00E-10  0.00E+00  0.00E+00  0.00E+00  5.00E-10    0    0
    5   65  2.30E-10  0.00E+00  0.00E+00  0.00E+00  2.30E-10    0    0
    5   64 -2.01E-10  0.00E+00  0.00E+00  0.00E+00 -2.01E-10    0    0
    5   63 -6.52E-11  0.00E+00  0.00E+00  0.00E+00 -6.52E-11    0    0
    5   62  4.97E-09  0.00E+00  0.00E+00  0.00E+00  4.97E-09    0    0
    5   61  2.76E-08  0.00E+00  0.00E+00  0.00E+00  2.76E-08    0    0
    5   60  7.95E-08  0.00E+00  0.00E+00  0.00E+00  7.95E-08    0    0
    5   59  1.32E-07  0.00E+00  0.00E+00  0.00E+00  1.32E-07    0    0
    5   58  1.02E-07  0.00E+00  0.00E+00  0.00E+00  1.02E-07    0    0
    5   57 -5.96E-08  0.00E+00  0.00E+00  0.00E+00 -5.96E-08    0    0
    5   56 -2.58E-07  0.00E+00  0.00E+00  0.00E+00 -2.58E-07    0    0
    5   55 -2.70E-07  0.00E+00  0.00E+00  0.00E+00 -2.70E-07    0    0
    5   54  9.03E-08  0.00E+00  0.00E+00  0.00E+00  9.03E-08    0    0
    5   53  8.32E-07  0.00E+00  0.00E+00  0.00E+00  8.32E-07    0    0
    5   52  1.82E-06  0.00E+00  0.00E+00  0.00E+00  1.82E-06    0    0
    5   51  2.78E-06  0.00E+00  0.00E+00  0.00E+00  2.78E-06    0    0
    5   50  3.27E-06  0.00E+00  0.00E+00  0.00E+00  3.27E-06    0    0
    5   49  2.38E-06  0.00E+00  0.00E+00  0.00E+00  2.38E-06    0    0
    5   48 -6.74E-07  0.00E+00  0.00E+00  0.00E+00 -6.74E-07    0    0
    5   47 -5.37E-06  0.00E+00  0.00E+00  0.00E+00 -5.37E-06    0    0
    5   46 -9.95E-06  0.00E+00  0.00E+00  0.00E+00 -9.95E-06    0    0
    5   45 -1.25E-05  0.00E+00  0.00E+00  0.00E+00 -1.25E-05    0    0
    5   44 -1.23E-05  0.00E+00  0.00E+00  0.00E+00 -1.23E-05    0    0
    5   43 -9.47E-06  0.00E+00  0.00E+00  0.00E+00 -9.47E-06    0    0
    5   42 -5.25E-06  0.00E+00  0.00E+00  0.00E+00 -5.25E-06    0    0
    5   41 -7.51E-07  0.00E+00  0.00E+00  0.00E+00 -7.51E-07    0    0
    5   40  3.30E-06  0.00E+00  0.00E+00  0.00E+00  3.30E-06    0    0
    5   39  6.56E-06  0.00E+00  0.00E+00  0.00E+00  6.56E-06    0    0
    5   38  8.79E-06  0.00E+00  0.00E+00  0.00E+00  8.79E-06    0    0
    5   37  9.76E-06  0.00E+00  0.00E+00  0.00E+00  9.76E-06    0    0
    5   36  9.62E-06  0.00E+00  0.00E+00  0.00E+00  9.62E-06    0    0
    5   35  8.36E-06  0.00E+00  0.00E+00  0.00E+00  8.36E-06    0    0
    5   34  7.32E-06  0.00E+00  0.00E+00  0.00E+00  7.32E-06    0    0
    5   33  7.55E-06  0.00E+00  0.00E+00  0.00E+00  7.55E-06    0    0
    5   32  8.15E-06  0.00E+00  0.00E+00  0.00E+00  8.15E-06    0    0
    5   31  7.63E-06  0.00E+00  0.00E+00  0.00E+00  7.63E-06    0    0
    5   30  6.20E-06  0.00E+00  0.00E+00  0.00E+00  6.20E-06    0    0
    5   29  5.08E-06  0.00E+00  0.00E+00  0.00E+00  5.08E-06    0    0
    5   28  5.37E-06  0.00E+00  0.00E+00  0.00E+00  5.37E-06    0    0
    5   27  6.40E-06  0.00E+00  0.00E+00  0.00E+00  6.40E-06    0    0
    5   26  1.67E-05  0.00E+00  0.00E+00  0.00E+00  1.67E-05    0    0
    5   25  2.31E-05  0.00E+00  0.00E+00  0.00E+00  2.31E-05    0    0
    5   24  1.83E-05  0.00E+00  0.00E+00  0.00E+00  1.83E-05    0    0
    5   23  1.36E-05  0.00E+00  0.00E+00  0.00E+00  1.36E-05    0    0
    5   22 -8.00E-06  0.00E+00  0.00E+00  0.00E+00 -8.00E-06    0    0
    5   21 -4.14E-05  0.00E+00  0.00E+00  0.00E+00 -4.14E-05    0    0
    5   20 -7.14E-05  0.00E+00  0.00E+00  0.00E+00 -7.14E-05    0    0
    5   19 -8.32E-05  0.00E+00  0.00E+00  0.00E+00 -8.32E-05    0    0
    5   18 -6.82E-05  0.00E+00  0.00E+00  0.00E+00 -6.82E-05    0    0
    5   17 -2.88E-05  0.00E+00  0.00E+00  0.00E+00 -2.88E-05    0    0
    5   16  2.29E-05  0.00E+00  0.00E+00  0.00E+00  2.29E-05    0    0
    5   15  6.93E-05  0.00E+00  0.00E+00  0.00E+00  6.93E-05    0    0
    5   14  1.07E-04  0.00E+00  0.00E+00  0.00E+00  1.07E-04    0    0
    5   13  1.42E-04  0.00E+00  0.00E+00  0.00E+00  1.42E-04    0    0
    5   12  1.57E-04  0.00E+00  0.00E+00  0.00E+00  1.57E-04    0    0
    5   11  1.37E-04  0.00E+00  0.00E+00  0.00E+00  1.37E-04    0    0
    5   10  1.08E-04  0.00E+00  0.00E+00  0.00E+00  1.08E-04    0    0
    5    9  8.60E-05  0.00E+00  0.00E+00  0.00E+00  8.60E-05    0    0
    5    8  5.87E-05  0.00E+00  0.00E+00  0.00E+00  5.87E-05    0    0
    5    7  5.19E-06  0.00E+00  0.00E+00  0.00E+00  5.19E-06    0    0
    5    6 -1.29E-04  0.00E+00  0.00E+00  0.00E+00 -1.29E-04    0    0
    5    5 -2.95E-04  0.00E+00  0.00E+00  0.00E+00 -2.95E-04    0    0
    5    4 -3.46E-04  0.00E+00  0.00E+00  0.00E+00 -3.46E-04    0    0
    5    3 -3.60E-04  0.00E+00  0.00E+00  0.00E+00 -3.60E-04    0    0
    5    2 -1.25E-03  0.00E+00  0.00E+00  0.00E+00 -1.25E-03    0    0
    5    1  6.48E-03  0.00E+00  0.00E+00  0.00E+00  6.48E-03    0    0
    6   70 -7.28E-12  0.00E+00  0.00E+00  0.00E+00 -7.28E-12    0    0
    6   69 -1.15E-11  0.00E+00  0.00E+00  0.00E+00 -1.15E-11    0    0
    6   68 -1.91E-11  0.00E+00  0.00E+00  0.00E+00 -1.91E-11    0    0
    6   67 -3.43E-11  0.00E+00  0.00E+00  0.00E+00 -3.43E-11    0    0
    6   66 -6.95E-11  0.00E+00  0.00E+00  0.00E+00 -6.95E-11    0    0
    6   65 -1.56E-10  0.00E+00  0.00E+00  0.00E+00 -1.56E-10    0    0
    6   64 -3.59E-10  0.00E+00  0.00E+00  0.00E+00 -3.59E-10    0    0
    6   63 -8.11E-10  0.00E+00  0.00E+00  0.00E+00 -8.11E-10    0    0
    6   62 -1.72E-09  0.00E+00  0.00E+00  0.00E+00 -1.72E-09    0    0
    6   61 -2.46E-09  0.00E+00  0.00E+00  0.00E+00 -2.46E-09    0    0
    6   60  2.39E-11  0.00E+00  0.00E+00  0.00E+00  2.39E-11    0    0
    6   59  6.16E-09  0.00E+00  0.00E+00  0.00E+00  6.16E-09    0    0
    6   58  4.14E-09  0.00E+00  0.00E+00  0.00E+00  4.14E-09    0    0
    6   57 -2.09E-08  0.00E+00  0.00E+00  0.00E+00 -2.09E-08    0    0
    6   56 -6.09E-08  0.00E+00  0.00E+00  0.00E+00 -6.09E-08    0    0
    6   55 -7.73E-08  0.00E+00  0.00E+00  0.00E+00 -7.73E-08    0    0
    6   54 -2.86E-08  0.00E+00  0.00E+00  0.00E+00 -2.86E-08    0    0
    6   53  9.60E-08  0.00E+00  0.00E+00  0.00E+00  9.60E-08    0    0
    6   52  2.81E-07  0.00E+00  0.00E+00  0.00E+00  2.81E-07    0    0
    6   51  4.91E-07  0.00E+00  0.00E+00  0.00E+00  4.91E-07    0    0
    6   50  6.50E-07  0.00E+00  0.00E+00  0.00E+00  6.50E-07    0    0
    6   49  5.90E-07  0.00E+00  0.00E+00  0.00E+00  5.90E-07    0    0
    6   48  1.68E-07  0.00E+00  0.00E+00  0.00E+00  1.68E-07    0    0
    6   47 -5.22E-07  0.00E+00  0.00E+00  0.00E+00 -5.22E-07    0    0
    6   46 -1.17E-06  0.00E+00  0.00E+00  0.00E+00 -1.17E-06    0    0
    6   45 -1.50E-06  0.00E+00  0.00E+00  0.00E+00 -1.50E-06    0    0
    6   44 -1.43E-06  0.00E+00  0.00E+00  0.00E+00 -1.43E-06    0    0
    6   43 -1.07E-06  0.00E+00  0.00E+00  0.00E+00 -1.07E-06    0    0
    6   42 -6.00E-07  0.00E+00  0.00E+00  0.00E+00 -6.00E-07    0    0
    6   41 -1.73E-07  0.00E+00  0.00E+00  0.00E+00 -1.73E-07    0    0
    6   40  1.48E-07  0.00E+00  0.00E+00  0.00E+00  1.48E-07    0    0
    6   39  3.61E-07  0.00E+00  0.00E+00  0.00E+00  3.61E-07    0    0
    6   38  4.81E-07  0.00E+00  0.00E+00  0.00E+00  4.81E-07    0    0
    6   37  5.23E-07  0.00E+00  0.00E+00  0.00E+00  5.23E-07    0    0
    6   36  5.10E-07  0.00E+00  0.00E+00  0.00E+00  5.10E-07    0    0
    6   35  4.51E-07  0.00E+00  0.00E+00  0.00E+00  4.51E-07    0    0
    6   34  4.00E-07  0.00E+00  0.00E+00  0.00E+00  4.00E-07    0    0
    6   33  4.06E-07  0.00E+00  0.00E+00  0.00E+00  4.06E-07    0    0
    6   32  4.35E-07  0.00E+00  0.00E+00  0.00E+00  4.35E-07    0    0
    6   31  4.15E-07  0.00E+00  0.00E+00  0.00E+00  4.15E-07    0    0
    6   30  3.51E-07  0.00E+00  0.00E+00  0.00E+00  3.51E-07    0    0
    6   29  2.87E-07  0.00E+00  0.00E+00  0.00E+00  2.87E-07    0    0
    6   28  2.69E-07  0.00E+00  0.00E+00  0.00E+00  2.69E-07    0    0
    6   27  8.22E-08  0.00E+00  0.00E+00  0.00E+00  8.22E-08    0    0
    6   26  1.14E-06  0.00E+00  0.00E+00  0.00E+00  1.14E-06    0    0
    6   25  2.16E-06  0.00E+00  0.00E+00  0.00E+00  2.16E-06    0    0
    6   24  2.07E-06  0.00E+00  0.00E+00  0.00E+00  2.07E-06    0    0
    6   23  2.70E-06  0.00E+00  0.00E+00  0.00E+00  2.70E-06    0    0
    6   22  1.91E-07  0.00E+00  0.00E+00  0.00E+00  1.91E-07    0    0
    6   21 -5.13E-06  0.00E+00  0.00E+00  0.00E+00 -5.13E-06    0    0
    6   20 -1.06E-05  0.00E+00  0.00E+00  0.00E+00 -1.06E-05    0    0
    6   19 -1.30E-05  0.00E+00  0.00E+00  0.00E+00 -1.30E-05    0    0
    6   18 -1.06E-05  0.00E+00  0.00E+00  0.00E+00 -1.06E-05    0    0
    6   17 -4.05E-06  0.00E+00  0.00E+00  0.00E+00 -4.05E-06    0    0
    6   16  3.94E-06  0.00E+00  0.00E+00  0.00E+00  3.94E-06    0    0
    6   15  1.03E-05  0.00E+00  0.00E+00  0.00E+00  1.03E-05    0    0
    6   14  1.45E-05  0.00E+00  0.00E+00  0.00E+00  1.45E-05    0    0
    6   13  1.71E-05  0.00E+00  0.00E+00  0.00E+00  1.71E-05    0    0
    6   12  1.83E-05  0.00E+00  0.00E+00  0.00E+00  1.83E-05    0    0
    6   11  1.76E-05  0.00E+00  0.00E+00  0.00E+00  1.76E-05    0    0
    6   10  1.66E-05  0.00E+00  0.00E+00  0.00E+00  1.66E-05    0    0
    6    9  1.58E-05  0.00E+00  0.00E+00  0.00E+00  1.58E-05    0    0
    6    8  1.48E-05  0.00E+00  0.00E+00  0.00E+00  1.48E-05    0    0
    6    7  1.23E-05  0.00E+00  0.00E+00  0.00E+00  1.23E-05    0    0
    6    6  1.37E-06  0.00E+00  0.00E+00  0.00E+00  1.37E-06    0    0
    6    5 -1.88E-05  0.00E+00  0.00E+00  0.00E+00 -1.88E-05    0    0
    6    4 -3.79E-05  0.00E+00  0.00E+00  0.00E+00 -3.79E-05    0    0
    6    3 -7.02E-05  0.00E+00  0.00E+00  0.00E+00 -7.02E-05    0    0
    6    2 -2.81E-04  0.00E+00  0.00E+00  0.00E+00 -2.81E-04    0    0
    6    1  5.98E-04  0.00E+00  0.00E+00  0.00E+00  5.98E-04    0    0
    7   70  1.74E-13  0.00E+00  0.00E+00  0.00E+00  1.74E-13    0    0
    7   69  2.96E-13  0.00E+00  0.00E+00  0.00E+00  2.96E-13    0    0
    7   68  5.03E-13  0.00E+00  0.00E+00  0.00E+00  5.03E-13    0    0
    7   67  8.10E-13  0.00E+00  0.00E+00  0.00E+00  8.10E-13    0    0
    7   66  1.02E-12  0.00E+00  0.00E+00  0.00E+00  1.02E-12    0    0
    7   65  2.07E-14  0.00E+00  0.00E+00  0.00E+00  2.07E-14    0    0
    7   64 -5.75E-12  0.00E+00  0.00E+00  0.00E+00 -5.75E-12    0    0
    7   63 -2.57E-11  0.00E+00  0.00E+00  0.00E+00 -2.57E-11    0    0
    7   62 -9.88E-11  0.00E+00  0.00E+00  0.00E+00 -9.88E-11    0    0
    7   61 -2.84E-10  0.00E+00  0.00E+00  0.00E+00 -2.84E-10    0    0
    7   60 -2.87E-10  0.00E+00  0.00E+00  0.00E+00 -2.87E-10    0    0
    7   59  3.73E-10  0.00E+00  0.00E+00  0.00E+00  3.73E-10    0    0
    7   58  2.69E-10  0.00E+00  0.00E+00  0.00E+00  2.69E-10    0    0
    7   57 -3.87E-09  0.00E+00  0.00E+00  0.00E+00 -3.87E-09    0    0
    7   56 -1.23E-08  0.00E+00  0.00E+00  0.00E+00 -1.23E-08    0    0
    7   55 -1.86E-08  0.00E+00  0.00E+00  0.00E+00 -1.86E-08    0    0
    7   54 -1.46E-08  0.00E+00  0.00E+00  0.00E+00 -1.46E-08    0    0
    7   53  3.38E-09  0.00E+00  0.00E+00  0.00E+00  3.38E-09    0    0
    7   52  3.41E-08  0.00E+00  0.00E+00  0.00E+00  3.41E-08    0    0
    7   51  7.31E-08  0.00E+00  0.00E+00  0.00E+00  7.31E-08    0    0
    7   50  1.09E-07  0.00E+00  0.00E+00  0.00E+00  1.09E-07    0    0
    7   49  1.10E-07  0.00E+00  0.00E+00  0.00E+00  1.10E-07    0    0
    7   48  5.22E-08  0.00E+00  0.00E+00  0.00E+00  5.22E-08    0    0
    7   47 -4.85E-08  0.00E+00  0.00E+00  0.00E+00 -4.85E-08    0    0
    7   46 -1.40E-07  0.00E+00  0.00E+00  0.00E+00 -1.40E-07    0    0
    7   45 -1.81E-07  0.00E+00  0.00E+00  0.00E+00 -1.81E-07    0    0
    7   44 -1.68E-07  0.00E+00  0.00E+00  0.00E+00 -1.68E-07    0    0
    7   43 -1.21E-07  0.00E+00  0.00E+00  0.00E+00 -1.21E-07    0    0
    7   42 -6.83E-08  0.00E+00  0.00E+00  0.00E+00 -6.83E-08    0    0
    7   41 -2.53E-08  0.00E+00  0.00E+00  0.00E+00 -2.53E-08    0    0
    7   40  3.40E-09  0.00E+00  0.00E+00  0.00E+00  3.40E-09    0    0
    7   39  1.98E-08  0.00E+00  0.00E+00  0.00E+00  1.98E-08    0    0
    7   38  2.76E-08  0.00E+00  0.00E+00  0.00E+00  2.76E-08    0    0
    7   37  2.98E-08  0.00E+00  0.00E+00  0.00E+00  2.98E-08    0    0
    7   36  2.86E-08  0.00E+00  0.00E+00  0.00E+00  2.86E-08    0    0
    7   35  2.53E-08  0.00E+00  0.00E+00  0.00E+00  2.53E-08    0    0
    7   34  2.22E-08  0.00E+00  0.00E+00  0.00E+00  2.22E-08    0    0
    7   33  2.16E-08  0.00E+00  0.00E+00  0.00E+00  2.16E-08    0    0
    7   32  2.24E-08  0.00E+00  0.00E+00  0.00E+00  2.24E-08    0    0
    7   31  2.13E-08  0.00E+00  0.00E+00  0.00E+00  2.13E-08    0    0
    7   30  1.83E-08  0.00E+00  0.00E+00  0.00E+00  1.83E-08    0    0
    7   29  1.53E-08  0.00E+00  0.00E+00  0.00E+00  1.53E-08    0    0
    7   28  1.52E-08  0.00E+00  0.00E+00  0.00E+00  1.52E-08    0    0
    7   27 -3.31E-08  0.00E+00  0.00E+00  0.00E+00 -3.31E-08    0    0
    7   26  6.77E-08  0.00E+00  0.00E+00  0.00E+00  6.77E-08    0    0
    7   25  2.02E-07  0.00E+00  0.00E+00  0.00E+00  2.02E-07    0    0
    7   24  2.31E-07  0.00E+00  0.00E+00  0.00E+00  2.31E-07    0    0
    7   23  5.06E-07  0.00E+00  0.00E+00  0.00E+00  5.06E-07    0    0
    7   22  2.36E-07  0.00E+00  0.00E+00  0.00E+00  2.36E-07    0    0
    7   21 -6.28E-07  0.00E+00  0.00E+00  0.00E+00 -6.28E-07    0    0
    7   20 -1.61E-06  0.00E+00  0.00E+00  0.00E+00 -1.61E-06    0    0
    7   19 -2.09E-06  0.00E+00  0.00E+00  0.00E+00 -2.09E-06    0    0
    7   18 -1.69E-06  0.00E+00  0.00E+00  0.00E+00 -1.69E-06    0    0
    7   17 -5.79E-07  0.00E+00  0.00E+00  0.00E+00 -5.79E-07    0    0
    7   16  6.65E-07  0.00E+00  0.00E+00  0.00E+00  6.65E-07    0    0
    7   15  1.55E-06  0.00E+00  0.00E+00  0.00E+00  1.55E-06    0    0
    7   14  2.01E-06  0.00E+00  0.00E+00  0.00E+00  2.01E-06    0    0
    7   13  2.18E-06  0.00E+00  0.00E+00  0.00E+00  2.18E-06    0    0
    7   12  2.24E-06  0.00E+00  0.00E+00  0.00E+00  2.24E-06    0    0
    7   11  2.22E-06  0.00E+00  0.00E+00  0.00E+00  2.22E-06    0    0
    7   10  2.20E-06  0.00E+00  0.00E+00  0.00E+00  2.20E-06    0    0
    7    9  2.22E-06  0.00E+00  0.00E+00  0.00E+00  2.22E-06    0    0
    7    8  2.24E-06  0.00E+00  0.00E+00  0.00E+00  2.24E-06    0    0
    7    7  2.33E-06  0.00E+00  0.00E+00  0.00E+00  2.33E-06    0    0
    7    6  1.89E-06  0.00E+00  0.00E+00  0.00E+00  1.89E-06    0    0
    7    5  3.63E-07  0.00E+00  0.00E+00  0.00E+00  3.63E-07    0    0
    7    4 -1.72E-06  0.00E+00  0.00E+00  0.00E+00 -1.72E-06    0    0
    7    3 -6.88E-06  0.00E+00  0.00E+00  0.00E+00 -6.88E-06    0    0
    7    2 -4.25E-05  0.00E+00  0.00E+00  0.00E+00 -4.25E-05    0    0
    7    1  4.09E-05  0.00E+00  0.00E+00  0.00E+00  4.09E-05    0    0
