   1    1.0008E-07  3.2585E-08  6.5119E-01  9.8210E+03  1.1642E+12  1.9729E-12
   2    1.3735E-07  5.6867E-08  6.5188E-01  1.0367E+04  1.5153E+12  2.5621E-12
   3    1.8832E-07  9.1369E-08  7.0184E-01  1.0566E+04  2.0388E+12  3.4470E-12
   4    2.5794E-07  1.4259E-07  7.6975E-01  1.0719E+04  2.7524E+12  4.6543E-12
   5    3.5285E-07  2.1982E-07  8.5769E-01  1.0848E+04  3.7197E+12  6.2917E-12
   6    4.8191E-07  3.3781E-07  9.7060E-01  1.0961E+04  5.0268E+12  8.5062E-12
   7    6.5685E-07  5.2031E-07  1.1159E+00  1.1060E+04  6.7889E+12  1.1494E-11
   8    8.9298E-07  8.0604E-07  1.3043E+00  1.1142E+04  9.1579E+12  1.5517E-11
   9    1.2100E-06  1.2582E-06  1.5485E+00  1.1211E+04  1.2327E+13  2.0907E-11
  10    1.6328E-06  1.9790E-06  1.8611E+00  1.1273E+04  1.6531E+13  2.8075E-11
  11    2.1921E-06  3.1296E-06  2.2529E+00  1.1337E+04  2.2052E+13  3.7508E-11
  12    2.9253E-06  4.9574E-06  2.7331E+00  1.1409E+04  2.9217E+13  4.9778E-11
  13    3.8762E-06  7.8307E-06  3.3101E+00  1.1491E+04  3.8403E+13  6.5543E-11
  14    5.0957E-06  1.2283E-05  3.9912E+00  1.1584E+04  5.0034E+13  8.5547E-11
  15    6.6414E-06  1.9065E-05  4.7852E+00  1.1686E+04  6.4585E+13  1.1062E-10
  16    8.5778E-06  2.9217E-05  5.7002E+00  1.1794E+04  8.2577E+13  1.4168E-10
  17    1.0977E-05  4.4141E-05  6.7392E+00  1.1909E+04  1.0457E+14  1.7972E-10
  18    1.3920E-05  6.5690E-05  7.9049E+00  1.2029E+04  1.3118E+14  2.2580E-10
  19    1.7498E-05  9.6291E-05  9.2028E+00  1.2153E+04  1.6309E+14  2.8111E-10
  20    2.1812E-05  1.3911E-04  1.0644E+01  1.2280E+04  2.0107E+14  3.4703E-10
  21    2.6982E-05  1.9827E-04  1.2247E+01  1.2407E+04  2.4601E+14  4.2516E-10
  22    3.3141E-05  2.7923E-04  1.4042E+01  1.2531E+04  2.9897E+14  5.1738E-10
  23    4.0447E-05  3.8922E-04  1.6066E+01  1.2650E+04  3.6118E+14  6.2595E-10
  24    4.9084E-05  5.3790E-04  1.8365E+01  1.2761E+04  4.3409E+14  7.5357E-10
  25    5.9265E-05  7.3818E-04  2.0978E+01  1.2867E+04  5.1930E+14  9.0323E-10
  26    7.1240E-05  1.0072E-03  2.3958E+01  1.2967E+04  6.1875E+14  1.0785E-09
  27    8.5301E-05  1.3680E-03  2.7352E+01  1.3061E+04  7.3461E+14  1.2836E-09
  28    1.0179E-04  1.8507E-03  3.1197E+01  1.3152E+04  8.6935E+14  1.5231E-09
  29    1.2111E-04  2.4952E-03  3.5519E+01  1.3242E+04  1.0258E+15  1.8023E-09
  30    1.4374E-04  3.3535E-03  4.0345E+01  1.3334E+04  1.2072E+15  2.1273E-09
  31    1.7023E-04  4.4928E-03  4.5665E+01  1.3430E+04  1.4173E+15  2.5047E-09
  32    2.0125E-04  5.9992E-03  5.1463E+01  1.3535E+04  1.6604E+15  2.9420E-09
  33    2.3758E-04  7.9822E-03  5.7715E+01  1.3649E+04  1.9413E+15  3.4475E-09
  34    2.8014E-04  1.0581E-02  6.4387E+01  1.3776E+04  2.2659E+15  4.0308E-09
  35    3.3005E-04  1.3970E-02  7.1416E+01  1.3918E+04  2.6407E+15  4.7028E-09
  36    3.8865E-04  1.8368E-02  7.8701E+01  1.4079E+04  3.0735E+15  5.4751E-09
  37    4.5755E-04  2.4049E-02  8.6184E+01  1.4258E+04  3.5735E+15  6.3626E-09
  38    5.3874E-04  3.1347E-02  9.3606E+01  1.4463E+04  4.1508E+15  7.3796E-09
  39    6.3469E-04  4.0678E-02  1.0091E+02  1.4695E+04  4.8184E+15  8.5466E-09
  40    7.4843E-04  5.2557E-02  1.0796E+02  1.4955E+04  5.5913E+15  9.8870E-09
  41    8.8385E-04  6.7629E-02  1.1463E+02  1.5248E+04  6.4877E+15  1.1430E-08
  42    1.0459E-03  8.6700E-02  1.2076E+02  1.5578E+04  7.5299E+15  1.3211E-08
  43    1.2410E-03  1.1080E-01  1.2627E+02  1.5949E+04  8.7455E+15  1.5276E-08
  44    1.4776E-03  1.4124E-01  1.3111E+02  1.6366E+04  1.0170E+16  1.7685E-08
  45    1.7669E-03  1.7979E-01  1.3528E+02  1.6833E+04  1.1849E+16  2.0515E-08
  46    2.1244E-03  2.2880E-01  1.3897E+02  1.7357E+04  1.3845E+16  2.3871E-08
  47    2.5705E-03  2.9157E-01  1.4242E+02  1.7940E+04  1.6237E+16  2.7893E-08
  48    3.1338E-03  3.7278E-01  1.4594E+02  1.8590E+04  1.9132E+16  3.2760E-08
  49    3.8528E-03  4.7913E-01  1.4986E+02  1.9313E+04  2.2672E+16  3.8714E-08
  50    4.7810E-03  6.2030E-01  1.5433E+02  2.0118E+04  2.7039E+16  4.6062E-08
  51    5.9915E-03  8.1063E-01  1.6013E+02  2.1015E+04  3.2468E+16  5.5206E-08
  52    7.5821E-03  1.0710E+00  1.6723E+02  2.2019E+04  3.9245E+16  6.6622E-08
  53    9.6795E-03  1.4307E+00  1.7582E+02  2.3146E+04  4.7690E+16  8.0852E-08
  54    1.2448E-02  1.9315E+00  1.8592E+02  2.4421E+04  5.8159E+16  9.8494E-08
  55    1.6096E-02  2.6309E+00  1.9753E+02  2.5868E+04  7.1025E+16  1.2018E-07
  56    2.0879E-02  3.6070E+00  2.1066E+02  2.7506E+04  8.6667E+16  1.4654E-07
  57    2.7115E-02  4.9660E+00  2.2520E+02  2.9355E+04  1.0549E+17  1.7826E-07
  58    3.5207E-02  6.8510E+00  2.4069E+02  3.1425E+04  1.2796E+17  2.1615E-07
  59    4.5698E-02  9.4560E+00  2.5593E+02  3.3726E+04  1.5477E+17  2.6135E-07
  60    5.9384E-02  1.3044E+01  2.6841E+02  3.6266E+04  1.8705E+17  3.1577E-07
  61    7.7552E-02  1.7974E+01  2.7431E+02  3.9052E+04  2.2684E+17  3.8288E-07
  62    1.0242E-01  2.4738E+01  2.6960E+02  4.2100E+04  2.7790E+17  4.6900E-07
  63    1.3794E-01  3.4016E+01  2.5287E+02  4.5431E+04  3.4682E+17  5.8526E-07
  64    1.9094E-01  4.6745E+01  2.2743E+02  4.9064E+04  4.4457E+17  7.5017E-07
  65    2.7287E-01  6.4231E+01  1.9942E+02  5.3016E+04  5.8803E+17  9.9223E-07
  66    4.0177E-01  8.8280E+01  1.7373E+02  5.7311E+04  8.0104E+17  1.3516E-06
  67    6.0469E-01  1.2136E+02  1.5232E+02  6.1980E+04  1.1150E+18  1.8814E-06
  68    9.2082E-01  1.6682E+02  1.3527E+02  6.7061E+04  1.5696E+18  2.6485E-06
  69    1.4057E+00  2.2917E+02  1.2193E+02  7.2592E+04  2.2139E+18  3.7358E-06
  70    2.1367E+00  3.1451E+02  1.1154E+02  7.8620E+04  3.1076E+18  5.2440E-06
