       187.3703 1.71161399E+03
       199.2100 3.10054936E+02
       212.6469 3.70226766E+01
       228.0275 2.76022378E+00
       245.8065 1.44643328E-01
       266.5925 1.75846157E-02
       291.2185 3.83559153E-02
       320.8572 2.95884654E-01
       357.2123 3.04525260E+00
       402.8588 3.42435391E+01
       461.8803 3.90001231E+02
       485.5945 8.72687283E+02
       511.8757 1.94283129E+03
       541.1644 4.29767715E+03
       574.0083 9.43420982E+03
       611.0964 2.05251709E+04
       653.3082 4.41935186E+04
       701.7844 9.40117696E+04
       758.0311 1.97151840E+05
       824.0796 4.06344060E+05
       828.9709 4.25944238E+05
       839.5249 4.70788016E+05
       839.8831 4.72372414E+05
       853.7673 5.37045472E+05
       859.4983 5.65637296E+05
       860.0664 5.68533318E+05
       860.7716 5.72143990E+05
       861.6620 5.76727674E+05
       862.8089 5.82672284E+05
       864.3215 5.90582832E+05
       864.6370 5.92243074E+05
       865.4227 5.96392471E+05
       866.3743 6.01447687E+05
       869.2605 6.16977009E+05
       869.5401 6.18497512E+05
       872.9357 6.37183556E+05
       873.5049 6.40356819E+05
       873.5127 6.40400121E+05
       874.2289 6.44409885E+05
       875.1333 6.49499337E+05
       876.2981 6.56098442E+05
       877.8343 6.64877435E+05
       879.9192 6.76930447E+05
       880.0929 6.77942026E+05
       882.8505 6.94148892E+05
       886.7999 7.17853767E+05
       887.1613 7.20051986E+05
       887.3861 7.21421732E+05
       888.1137 7.25868893E+05
       889.0324 7.31512463E+05
       890.2158 7.38828300E+05
       891.2978 7.45564278E+05
       891.7764 7.48557762E+05
       893.8740 7.61781796E+05
       893.8943 7.61910514E+05
       893.8985 7.61937108E+05
       894.4894 7.65692665E+05
       895.2228 7.70373201E+05
       896.1489 7.76312185E+05
       896.8722 7.80973563E+05
       897.3417 7.84009699E+05
       898.9148 7.94244612E+05
       900.6140 8.05407484E+05
       901.0497 8.08288156E+05
       901.1117 8.08698396E+05
       901.2515 8.09624517E+05
       901.3683 8.10398893E+05
       901.7073 8.12649004E+05
       902.4467 8.17571891E+05
       902.7365 8.19507342E+05
       903.3802 8.25599119E+05
       904.0514 8.31991721E+05
       904.5826 8.37080349E+05
       904.7621 8.38805195E+05
       905.2544 8.43551713E+05
       905.3601 8.44573971E+05
       906.1025 8.51780357E+05
       906.1684 8.52422795E+05
       907.0398 8.60950076E+05
       908.0936 8.71354141E+05
       908.2471 8.72878004E+05
       908.3206 8.73607964E+05
       908.4422 8.74817236E+05
       908.4658 8.75051660E+05
       909.0426 8.80805116E+05
       909.7880 8.88279871E+05
       909.8393 8.88795390E+05
       910.2935 8.93370802E+05
       910.7292 8.97769619E+05
       910.8952 8.99446933E+05
       911.3465 9.04005478E+05
       911.6421 9.07000674E+05
       911.9414 9.10026298E+05
       912.0002 9.10620290E+05
       912.1523 9.12158341E+05
       912.5851 9.16527566E+05
       912.7552 9.18274258E+05
       913.0846 9.21931396E+05
       913.5037 9.28286955E+05
       913.5401 9.28997292E+05
       913.6881 9.32241531E+05
       913.7998 9.35053424E+05
       914.0188 9.41747127E+05
       914.4373 9.59591049E+05
       914.4487 9.60181453E+05
       914.4866 9.62197366E+05
       914.6230 9.69574866E+05
       914.9549 9.91235507E+05
       915.0384 9.96563974E+05
       915.0911 1.00011210E+06
       915.1892 1.00645327E+06
       915.3729 1.01183395E+06
       915.3745 1.01187971E+06
       915.3833 1.01214453E+06
       915.4018 1.01268464E+06
       915.4237 1.01333883E+06
       915.5410 1.00509674E+06
       915.5597 1.00014445E+06
       915.6583 9.73069763E+05
       915.6658 9.69021533E+05
       915.7097 9.46286804E+05
       915.7169 9.42680568E+05
       915.7756 9.09329741E+05
       915.7942 9.06167463E+05
       915.7965 9.05649736E+05
       915.8049 9.03753014E+05
       915.8343 9.03268922E+05
       915.8414 9.03434447E+05
       915.8636 9.03772275E+05
       915.8929 9.10339957E+05
       915.9516 9.47124347E+05
       916.0103 9.81375810E+05
       916.0288 9.87511075E+05
       916.1277 1.00458057E+06
       916.1461 1.00419241E+06
       916.2452 9.68365784E+05
       916.2635 9.60469402E+05
       916.3104 9.19343837E+05
       916.3198 9.11326715E+05
       916.3222 9.09365400E+05
       916.3809 8.50577236E+05
       916.4102 8.39163371E+05
       916.4396 8.40367430E+05
       916.4690 8.43464296E+05
       916.4802 8.49500083E+05
       916.4983 8.58922229E+05
       916.5451 9.12579311E+05
       916.5570 9.26455398E+05
       916.6017 9.70588002E+05
       916.6158 9.85536625E+05
       916.7153 1.04493862E+06
       916.7333 1.05633128E+06
       916.7799 1.06761883E+06
       916.7888 1.06681825E+06
       916.8508 1.06033476E+06
       916.8973 1.04661201E+06
       917.0148 9.47637607E+05
       917.0735 8.64328591E+05
       917.0859 8.42677808E+05
       917.1323 7.70671038E+05
       917.1617 7.46204819E+05
       917.1859 7.45050501E+05
       917.1910 7.44794611E+05
       917.2204 7.48849543E+05
       917.2498 7.76332544E+05
       917.2583 7.89457013E+05
       917.2710 8.09924689E+05
       917.3086 8.78471926E+05
       917.3212 8.97443816E+05
       917.3674 9.76413132E+05
       917.4850 1.11420352E+06
       917.4932 1.11922900E+06
       917.5395 1.13777315E+06
       917.5758 1.15259924E+06
       917.6026 1.16379133E+06
       917.6569 1.16381180E+06
       917.7282 1.16353439E+06
       917.7921 1.12415521E+06
       917.8379 1.09796471E+06
       917.8458 1.09261087E+06
       917.9634 9.22405400E+05
       918.0091 8.26214602E+05
       918.0222 8.03862898E+05
       918.0734 6.91904881E+05
       918.0810 6.78823704E+05
       918.1104 6.37929445E+05
       918.1398 6.33992771E+05
       918.1693 6.38689144E+05
       918.1724 6.42900708E+05
       918.1987 6.80532425E+05
       918.2086 6.98001696E+05
       918.2575 8.09892682E+05
       918.2635 8.20388289E+05
       918.3164 9.37819446E+05
       918.4341 1.14366680E+06
       918.4792 1.19175139E+06
       918.5447 1.26573310E+06
       918.5518 1.27451927E+06
       918.6005 1.29393991E+06
       918.7144 1.34260901E+06
       918.7603 1.33857816E+06
       918.7874 1.33620314E+06
       918.9498 1.26739534E+06
       919.0164 1.17683926E+06
       919.0231 1.16893239E+06
       919.0675 1.11837540E+06
       919.1480 9.40379080E+05
       919.1852 8.86586466E+05
       919.2077 8.23469933E+05
       919.2441 7.48788874E+05
       919.3030 6.07515060E+05
       919.3325 5.50838627E+05
       919.3619 5.41262720E+05
       919.3914 5.51240754E+05
       919.4208 6.08464399E+05
       919.4496 6.64744992E+05
       919.4797 7.52039403E+05
       919.4949 7.80567235E+05
       919.5063 8.05367136E+05
       919.5387 8.94966795E+05
       919.5460 9.05293088E+05
       919.6184 1.04122479E+06
       919.6550 1.14520235E+06
       919.6565 1.15026668E+06
       919.7744 1.34599071E+06
       919.9614 1.52575859E+06
       919.9671 1.53263976E+06
       920.0103 1.58737093E+06
       920.0893 1.62027415E+06
       920.1538 1.61798283E+06
       920.2463 1.61456047E+06
       920.3250 1.58814242E+06
       920.3893 1.47942497E+06
       920.5607 1.29178170E+06
       920.6326 1.13112606E+06
       920.6787 1.06242722E+06
       920.7187 9.39181094E+05
       920.7966 8.03757568E+05
       920.8556 6.71800133E+05
       920.9083 5.65456531E+05
       920.9131 5.58828201E+05
       920.9146 5.56731033E+05
       920.9441 5.19191985E+05
       920.9736 5.05445581E+05
       920.9736 5.05445489E+05
       921.0031 5.19492898E+05
       921.0326 5.57390810E+05
       921.0916 6.73541716E+05
       921.1507 8.07422605E+05
       921.1916 8.68556711E+05
       921.2688 1.07557136E+06
       921.3310 1.18286621E+06
       921.3869 1.33113254E+06
       921.4429 1.39489769E+06
       921.6232 1.75057888E+06
       921.8025 1.93109776E+06
       921.8596 1.99012327E+06
       921.8609 1.99019579E+06
       922.0519 1.99915128E+06
       922.1388 2.00278449E+06
       922.2746 2.00586018E+06
       922.3328 1.93854562E+06
       922.5108 1.75877669E+06
       922.5126 1.75252556E+06
       922.7471 1.33142773E+06
       922.7730 1.24991631E+06
       922.8065 1.17019001E+06
       922.8080 1.16717135E+06
       922.8653 1.07273497E+06
       922.9835 7.93281151E+05
       923.0426 6.48343445E+05
       923.0880 5.37475363E+05
       923.1018 5.17480602E+05
       923.1314 4.73111136E+05
       923.1609 4.56476987E+05
       923.1905 4.73378205E+05
       923.2201 5.18069652E+05
       923.2464 5.60482000E+05
       923.2792 6.49845826E+05
       923.3384 7.96131340E+05
       923.3476 8.07563967E+05
       923.4555 1.07398042E+06
       923.4568 1.08024389E+06
       923.5752 1.34865467E+06
       923.7554 1.64568581E+06
       923.7626 1.66502462E+06
       923.8120 1.82891255E+06
       923.9579 2.02041708E+06
       924.0490 2.20239058E+06
       924.4003 2.47376307E+06
       924.5233 2.58824731E+06
       924.7062 2.60075841E+06
       924.7155 2.60130060E+06
       924.8734 2.61004953E+06
       924.9922 2.49616010E+06
       924.9982 2.49102097E+06
       925.1279 2.37687592E+06
       925.3470 2.23182688E+06
       925.5840 1.85370710E+06
       925.6721 1.59153862E+06
       925.8211 1.37395112E+06
       925.9397 1.09984887E+06
       925.9493 1.04967835E+06
       926.0583 8.00894422E+05
       926.1176 6.41466497E+05
       926.1770 4.92243561E+05
       926.2066 4.38653960E+05
       926.2363 4.17991945E+05
       926.2660 4.38903190E+05
       926.2957 4.92806416E+05
       926.3550 6.42936829E+05
       926.4144 8.03643948E+05
       926.5172 1.02744649E+06
       926.5331 1.10633844E+06
       926.6137 1.26012496E+06
       926.6519 1.38659281E+06
       926.8896 1.89242183E+06
       926.9024 1.90744255E+06
       926.9042 1.90964011E+06
       927.0170 2.07373084E+06
       927.0285 2.09452684E+06
       927.1274 2.32811419E+06
       927.1808 2.37066449E+06
       927.6033 2.96211158E+06
       927.7936 3.08150695E+06
       927.9645 3.21349210E+06
       928.0797 3.29924614E+06
       928.5291 3.33075213E+06
       928.5544 3.33237369E+06
       928.8144 3.34834380E+06
       928.9139 3.35337358E+06
       929.0340 3.25795711E+06
       929.3894 3.01364207E+06
       929.5149 2.75215974E+06
       929.8653 2.36738830E+06
       929.9902 2.09380795E+06
       930.1034 1.94068810E+06
       930.2920 1.49499223E+06
       930.3417 1.43708754E+06
       930.4609 1.14911017E+06
       930.5801 8.26622132E+05
       930.6397 6.48833119E+05
       930.6993 4.77092339E+05
       930.7291 4.11367763E+05
       930.7344 4.06216132E+05
       930.7521 3.90473964E+05
       930.7590 3.85013933E+05
       930.7888 4.11603187E+05
       930.8186 4.77641130E+05
       930.8782 6.50319293E+05
       930.9379 8.29419997E+05
       931.0459 1.08725596E+06
       931.0572 1.15548483E+06
       931.1766 1.44837010E+06
       931.4154 1.96689722E+06
       931.6543 2.41953819E+06
       931.6613 2.42548479E+06
       931.9087 2.69965972E+06
       932.1326 3.18249269E+06
       932.1910 3.23145004E+06
       932.3838 3.42523955E+06
       932.4252 3.47595368E+06
       932.6113 3.77042179E+06
       933.3898 4.28006556E+06
       933.5703 4.47016304E+06
       933.8350 4.54836500E+06
       934.0977 4.62864229E+06
       934.5212 4.62550343E+06
       934.5312 4.62538092E+06
       934.5982 4.61121075E+06
       934.6322 4.60405497E+06
       935.0540 4.51953238E+06
       935.6150 3.97628885E+06
       936.0123 3.75210668E+06
       936.2706 3.36368136E+06
       936.4590 3.18431881E+06
       936.4921 3.15761989E+06
       936.9725 2.40566960E+06
       937.2128 1.94044297E+06
       937.4533 1.38666980E+06
       937.5736 1.06202879E+06
       937.6939 6.74642848E+05
       937.7117 5.63583770E+05
       937.7541 4.71995493E+05
       937.8143 3.53354957E+05
       937.8745 4.72541349E+05
       937.9347 6.76187258E+05
       938.0551 1.06668829E+06
       938.1755 1.39556669E+06
       938.3132 1.60304080E+06
       938.3948 1.85179777E+06
       938.4165 1.96098808E+06
       938.4943 2.06779452E+06
       938.6576 2.44216680E+06
       938.7886 2.57071266E+06
       938.8737 2.67464781E+06
       939.1402 3.24363917E+06
       939.4942 3.67153306E+06
       939.6232 3.93570441E+06
       940.2646 4.53709398E+06
       940.5909 5.18068730E+06
       941.2372 5.74692002E+06
       941.5605 6.18722480E+06
       941.6208 6.21563001E+06
       942.1360 6.48069568E+06
       942.2904 6.55341514E+06
       942.4901 6.64884989E+06
       943.5058 7.23369041E+06
       944.0592 7.31374209E+06
       944.1423 7.25940027E+06
       944.5872 6.99910196E+06
       944.5883 6.99851589E+06
       945.4592 6.59189201E+06
       945.9902 6.36789176E+06
       946.2185 5.99775364E+06
       946.3846 5.78948923E+06
       946.8341 5.37717036E+06
       946.9586 5.28888413E+06
       947.4600 4.46349117E+06
       947.9291 4.09398959E+06
       948.2368 3.60400515E+06
       948.4150 3.42992482E+06
       948.9015 2.62422586E+06
       949.1449 2.12630973E+06
       949.2178 1.83019306E+06
       949.3885 1.53044792E+06
       949.3902 1.51977456E+06
       949.5103 1.17416985E+06
       949.5374 9.22880292E+05
       949.6322 7.24569003E+05
       949.6931 4.77555169E+05
       949.7540 3.22759695E+05
       949.8150 4.78107490E+05
       949.8760 7.26215198E+05
       949.9979 1.17920415E+06
       950.1199 1.53997271E+06
       950.3639 2.14757723E+06
       950.4812 2.33084556E+06
       950.6081 2.66028799E+06
       951.0968 3.50388269E+06
       951.5860 4.21988457E+06
       952.1475 4.75352796E+06
       952.5660 5.60513568E+06
       953.3541 6.65075692E+06
       953.5480 7.12536215E+06
       953.7332 7.27286877E+06
       954.1738 7.68208901E+06
       954.4088 7.94682732E+06
       955.5180 1.01518182E+07
       957.4962 1.23916509E+07
       957.5883 1.24405452E+07
       958.3729 1.28738206E+07
       959.1158 1.30681255E+07
       961.3819 1.36318117E+07
       961.4773 1.36530325E+07
       962.2640 1.35627151E+07
       963.0580 1.34661813E+07
       963.1670 1.33349647E+07
       963.8037 1.26584368E+07
       964.5940 1.19845135E+07
       965.4177 1.14221078E+07
       965.4917 1.12361349E+07
       965.5918 1.10002086E+07
       966.8770 9.12784774E+06
       967.7891 8.42306672E+06
       968.5720 7.24338395E+06
       968.8085 7.02234154E+06
       968.9791 6.88555833E+06
       969.5462 5.89566065E+06
       970.1721 5.36417287E+06
       970.7697 4.55884037E+06
       970.8724 4.29629952E+06
       971.3680 3.63423868E+06
       971.6675 3.07428559E+06
       971.9671 2.39533257E+06
       972.1170 1.99137884E+06
       972.2669 1.52061926E+06
       972.3419 1.22814307E+06
       972.4169 8.72146318E+05
       972.4544 6.78768779E+05
       972.4919 4.76543834E+05
       972.5106 3.79274870E+05
       972.5294 3.22605360E+05
       972.5388 3.08728871E+05
       972.5481 3.04555208E+05
       972.5575 3.08781789E+05
       972.5669 3.22716589E+05
       972.5856 3.79536574E+05
       972.6044 4.77040663E+05
       972.6419 6.79921041E+05
       972.6794 8.74180464E+05
       972.7545 1.23244538E+06
       972.8295 1.52761807E+06
       972.9797 2.00492102E+06
       973.1299 2.41677734E+06
       973.4304 3.11467471E+06
       973.6218 3.42500215E+06
       973.7311 3.69702942E+06
       974.1067 4.16017057E+06
       974.3331 4.67635577E+06
       974.9358 5.55240786E+06
       976.1435 7.29504081E+06
       977.3542 9.24198564E+06
       978.8631 1.13090722E+07
       979.7847 1.43260576E+07
       980.0733 1.48150520E+07
       980.3428 1.53259809E+07
       980.7211 1.61504002E+07
       981.5253 1.85244295E+07
       981.8899 2.00370625E+07
       982.2272 2.18250513E+07
       982.5407 2.24912805E+07
       983.8484 2.59808289E+07
       985.5732 3.36607498E+07
       986.2978 3.89772263E+07
       987.1490 4.85326666E+07
       987.9139 5.28053011E+07
       991.2050 8.41252678E+07
       991.3125 8.57490654E+07
       992.1204 9.79941185E+07
       993.6498 1.07260651E+08
       996.0449 1.11457490E+08
       998.8548 1.16665872E+08
      1002.2149 1.22664190E+08
      1002.5306 1.21682542E+08
      1003.6385 1.06830078E+08
      1008.2353 7.18003489E+07
      1012.5169 3.63813898E+07
      1014.0054 3.19044674E+07
      1016.4163 2.11768270E+07
      1016.9153 2.01220048E+07
      1019.1280 1.35299071E+07
      1019.8419 1.27057531E+07
      1021.3115 1.00466541E+07
      1022.7854 7.74870332E+06
      1023.5239 6.61439252E+06
      1024.2635 5.35071504E+06
      1024.6337 4.59244585E+06
      1025.0042 3.66327010E+06
      1025.1896 3.09864305E+06
      1025.3750 2.42990627E+06
      1025.4677 2.01586809E+06
      1025.5604 1.45855928E+06
      1025.6068 1.12512083E+06
      1025.6532 7.48890082E+05
      1025.6764 5.41745067E+05
      1025.6861 4.66125707E+05
      1025.6996 4.19231439E+05
      1025.7112 3.99246224E+05
      1025.7228 3.93364247E+05
      1025.7286 3.92428433E+05
      1025.7344 3.92193174E+05
      1025.7402 3.92466880E+05
      1025.7460 3.93441233E+05
      1025.7576 3.99401756E+05
      1025.7692 4.19476381E+05
      1025.7924 5.42279676E+05
      1025.8156 7.49920610E+05
      1025.8620 1.12741752E+06
      1025.9084 1.46246064E+06
      1026.0012 2.02368481E+06
      1026.0940 2.44211714E+06
      1026.2798 3.12139379E+06
      1026.4656 3.69842373E+06
      1026.8373 4.65653380E+06
      1027.2094 5.44815947E+06
      1027.9544 6.79051999E+06
      1028.7004 8.02020191E+06
      1030.1957 1.05701148E+07
      1031.6953 1.35929984E+07
      1033.7697 1.76158534E+07
      1034.7078 2.23152693E+07
      1037.7378 3.68654094E+07
      1040.2157 4.75484796E+07
      1043.8515 9.44715022E+07
      1045.2595 1.07525285E+08
      1050.0377 2.00294401E+08
      1053.4592 2.44264201E+08
      1055.9338 2.88206129E+08
      1062.6327 5.11086379E+08
      1067.3943 5.92319542E+08
      1072.0610 6.93242720E+08
      1075.5335 7.86583300E+08
      1079.5599 8.19436833E+08
      1093.3043 9.42684967E+08
      1099.5497 1.00920904E+09
      1102.2981 1.03181888E+09
      1103.2409 1.03014567E+09
      1112.6384 1.02253062E+09
      1127.7433 9.88035983E+08
      1130.4288 9.82274173E+08
      1136.7299 9.45018983E+08
      1154.9857 7.78895203E+08
      1156.6598 7.50705881E+08
      1161.8877 7.03606166E+08
      1174.8889 4.82395568E+08
      1186.3178 2.59103718E+08
      1188.1844 2.31883462E+08
      1191.2293 1.76890749E+08
      1194.9456 1.31172210E+08
      1201.7842 6.26404693E+07
      1205.2329 4.12711565E+07
      1208.7015 2.74214761E+07
      1210.4433 2.25220337E+07
      1212.1901 1.80205421E+07
      1213.0654 1.60138863E+07
      1213.9420 1.38917245E+07
      1214.3807 1.24877512E+07
      1214.8198 1.05690540E+07
      1215.0395 9.27030758E+06
      1215.2592 7.54754640E+06
      1215.3691 6.25350548E+06
      1215.4790 4.24374631E+06
      1215.5340 3.12396323E+06
      1215.5890 1.88103439E+06
      1215.6164 1.44048794E+06
      1215.6439 1.47762353E+06
      1215.6577 1.52024309E+06
      1215.6714 1.54849873E+06
      1215.6783 1.55565734E+06
      1215.6852 1.55799172E+06
      1215.6920 1.55577559E+06
      1215.6989 1.54873385E+06
      1215.7127 1.52070006E+06
      1215.7264 1.47828050E+06
      1215.7539 1.44158677E+06
      1215.7814 1.88311507E+06
      1215.8364 3.12895568E+06
      1215.8914 4.25265778E+06
      1216.0014 6.27155284E+06
      1216.1114 7.57556463E+06
      1216.3316 9.32281720E+06
      1216.5518 1.06541271E+07
      1216.7362 1.12601571E+07
      1216.9924 1.26557653E+07
      1217.4334 1.41403687E+07
      1218.3163 1.64596557E+07
      1219.2004 1.85766340E+07
      1220.9726 2.32769743E+07
      1222.7500 2.86997270E+07
      1226.3203 4.15347740E+07
      1229.9115 5.47836251E+07
      1237.1574 1.46402363E+08
      1244.4892 2.90345140E+08
      1247.9345 3.37067638E+08
      1258.9420 5.30105705E+08
      1259.4165 5.35734188E+08
      1274.7063 6.60119593E+08
      1279.9328 6.85098632E+08
      1306.4274 7.20284730E+08
      1312.7516 7.19656609E+08
      1339.7675 7.07770591E+08
      1346.4119 7.02248335E+08
      1380.9353 6.35513000E+08
      1411.8274 6.43328697E+08
      1416.3439 6.45469392E+08
      1452.6604 6.08686546E+08
      1489.9081 5.65420159E+08
      1492.0794 5.62991273E+08
      1528.1109 5.24692338E+08
      1567.2932 4.87011062E+08
      1607.4802 4.52239220E+08
      1648.6977 4.20164808E+08
      1690.9720 3.90451552E+08
      1734.3302 3.62937458E+08
      1778.8002 3.37446790E+08
      1824.4105 3.13815728E+08
      1871.1903 2.91894535E+08
      1919.1695 2.71547198E+08
      1968.3790 2.52650232E+08
      2018.8502 2.35091232E+08
      2070.6156 2.18767939E+08
      2123.7083 2.03587402E+08
      2178.1624 1.89464462E+08
      2234.0127 1.76321207E+08
      2291.2951 1.64037769E+08
      2350.0462 1.52650705E+08
      2410.3038 1.42045617E+08
      2472.1065 1.32167087E+08
      2535.4938 1.22963993E+08
      2600.5065 1.14389193E+08
      2667.1862 1.06398896E+08
      2735.5755 9.89530333E+07
      2805.7185 9.20142352E+07
      2877.6600 8.55478745E+07
      2951.4462 7.95218118E+07
      3027.1243 7.39061999E+07
      3104.7428 6.86732586E+07
      3184.3516 6.37972537E+07
      3266.0017 5.92542047E+07
      3321.7202 5.63789693E+07
      3330.6396 5.59399262E+07
      3341.7623 5.54001217E+07
      3349.7453 5.50178360E+07
      3355.8864 5.47197581E+07
      3374.2115 5.38458874E+07
      3398.6118 5.27170824E+07
      3411.7037 5.21270766E+07
      3420.8648 5.17204839E+07
      3432.1566 5.12262330E+07
      3432.2888 5.12204877E+07
      3435.6362 5.10754219E+07
      3446.7956 5.05853436E+07
      3465.6171 4.97758794E+07
      3480.1785 4.91638328E+07
      3490.6784 4.87298012E+07
      3506.6983 4.80791923E+07
      3510.3334 4.79334743E+07
      3516.1144 4.77030311E+07
      3523.7294 4.74021293E+07
      3525.1318 4.73457984E+07
      3527.8565 4.72366400E+07
      3542.7672 4.66464059E+07
      3556.2073 4.61244325E+07
      3562.1128 4.58980242E+07
      3565.7564 4.57591876E+07
      3575.1219 4.54053561E+07
      3577.6643 4.53099970E+07
      3587.8719 4.49302736E+07
      3592.7854 4.47492289E+07
      3607.1343 4.42269261E+07
      3612.4042 4.40374869E+07
      3614.0815 4.39774201E+07
      3615.3355 4.39429746E+07
      3616.8202 4.39021894E+07
      3623.2846 4.37250378E+07
      3625.0726 4.36761203E+07
      3628.8986 4.35714986E+07
      3633.1488 4.34555555E+07
      3638.5269 4.33092905E+07
      3642.9044 4.31904639E+07
      3644.2363 4.31543721E+07
      3655.0700 4.28617456E+07
      3659.5412 4.27415107E+07
      3664.1360 4.26183022E+07
      3669.3677 4.24781631E+07
      3670.5183 4.24473976E+07
      3672.8817 4.23841629E+07
      3674.4397 4.23425240E+07
      3675.3909 4.23170194E+07
      3681.6216 4.21499445E+07
      3682.7440 4.21199051E+07
      3686.3198 4.20243427E+07
      3690.5615 4.19114067E+07
      3690.6328 4.19095014E+07
      3693.0758 4.18440513E+07
      3695.0426 4.17914578E+07
      3696.2183 4.17600081E+07
      3697.1822 4.17342187E+07
      3699.8566 4.16625860E+07
      3702.9924 4.15788755E+07
      3703.2564 4.15718280E+07
      3706.6624 4.14808987E+07
      3706.7502 4.14785475E+07
      3708.3677 4.14107314E+07
      3708.5618 4.14025766E+07
      3709.7914 4.13508527E+07
      3710.0747 4.13389182E+07
      3710.6599 4.13141938E+07
      3710.9287 4.13027847E+07
      3711.7832 4.12666414E+07
      3712.2105 4.12487367E+07
      3712.6380 4.12310152E+07
      3712.8518 4.12219896E+07
      3713.0656 4.12127490E+07
      3713.2003 4.12074651E+07
      3713.2794 4.12043407E+07
      3713.4932 4.11956756E+07
      3713.9210 4.11780164E+07
      3714.3489 4.11605410E+07
      3715.2049 4.11259275E+07
      3715.3586 4.11197320E+07
      3716.0613 4.10912570E+07
      3716.6155 4.10687623E+07
      3717.2494 4.10428155E+07
      3717.3709 4.10377980E+07
      3717.7753 4.10209673E+07
      3718.3254 4.09980008E+07
      3719.4909 4.09489723E+07
      3720.0369 4.09259970E+07
      3720.8932 4.08897797E+07
      3721.7500 4.08537738E+07
      3722.1785 4.08361028E+07
      3722.1803 4.08360289E+07
      3722.6071 4.08186083E+07
      3722.8215 4.08095431E+07
      3722.9269 4.08048768E+07
      3723.0358 4.08000417E+07
      3723.2502 4.07922123E+07
      3723.4647 4.07839591E+07
      3723.8936 4.07668186E+07
      3724.2362 4.07534426E+07
      3724.3226 4.07500333E+07
      3725.1809 4.07167897E+07
      3725.6006 4.07006289E+07
      3726.0396 4.06834281E+07
      3726.3692 4.06704281E+07
      3726.8131 4.06529233E+07
      3727.0598 4.06431885E+07
      3727.6646 4.06191617E+07
      3727.7582 4.06154183E+07
      3729.0272 4.05643101E+07
      3729.4784 4.05457613E+07
      3730.7428 4.04935164E+07
      3730.9223 4.04859522E+07
      3731.0617 4.04799676E+07
      3732.4600 4.04190068E+07
      3732.9236 4.03986196E+07
      3733.2729 4.03831940E+07
      3733.3192 4.03811490E+07
      3733.8997 4.03557509E+07
      3734.1788 4.03435632E+07
      3734.6088 4.03255113E+07
      3735.0388 4.03081266E+07
      3735.2539 4.02989589E+07
      3735.4690 4.02889996E+07
      3735.6841 4.02821444E+07
      3735.8992 4.02744967E+07
      3736.3296 4.02582511E+07
      3736.3752 4.02565987E+07
      3736.7600 4.02426032E+07
      3737.6212 4.02127885E+07
      3737.9123 4.02028437E+07
      3738.4828 4.01826090E+07
      3740.2023 4.01210988E+07
      3740.2071 4.01209260E+07
      3741.3470 4.00794736E+07
      3741.9331 4.00571825E+07
      3743.2974 4.00043261E+07
      3744.2528 3.99675765E+07
      3744.5728 3.99549326E+07
      3744.7881 3.99461176E+07
      3745.3898 3.99201390E+07
      3746.5110 3.98712420E+07
      3748.2354 3.97933431E+07
      3748.8529 3.97651707E+07
      3749.0983 3.97538917E+07
      3749.4780 3.97369461E+07
      3749.9615 3.97154374E+07
      3750.2454 3.97035242E+07
      3750.3933 3.96973248E+07
      3750.8251 3.96810002E+07
      3751.0411 3.96733597E+07
      3751.2571 3.96658148E+07
      3751.4355 3.96595948E+07
      3751.4731 3.96581921E+07
      3751.6892 3.96502214E+07
      3752.1213 3.96353233E+07
      3752.5536 3.96222220E+07
      3753.4184 3.95982547E+07
      3753.9392 3.95845757E+07
      3754.1385 3.95791021E+07
      3754.2836 3.95751233E+07
      3755.7982 3.95327219E+07
      3756.0153 3.95266549E+07
      3757.7485 3.94752894E+07
      3757.9021 3.94704373E+07
      3758.3235 3.94557350E+07
      3761.2198 3.93458223E+07
      3761.7770 3.93240451E+07
      3762.7694 3.92810300E+07
      3764.2190 3.92187851E+07
      3764.6975 3.91984362E+07
      3765.2368 3.91748991E+07
      3766.9691 3.90919552E+07
      3768.1789 3.90310250E+07
      3768.7030 3.90048546E+07
      3769.5706 3.89610706E+07
      3770.4385 3.89194704E+07
      3770.8726 3.89015990E+07
      3771.3069 3.88691697E+07
      3771.5240 3.83971680E+07
      3771.6513 3.78368637E+07
      3771.6723 3.77466229E+07
      3771.7412 3.74553335E+07
      3771.9584 3.83831590E+07
      3772.1756 3.88412332E+07
      3772.6101 3.88463913E+07
      3773.0447 3.88370072E+07
      3773.9143 3.88240589E+07
      3774.7842 3.88132469E+07
      3776.5253 3.87910515E+07
      3776.7897 3.87869600E+07
      3778.2681 3.87645365E+07
      3778.2972 3.87639678E+07
      3778.5637 3.87587788E+07
      3778.6729 3.87553301E+07
      3781.2090 3.86757129E+07
      3781.4466 3.86674589E+07
      3781.7583 3.86563553E+07
      3785.1703 3.85228466E+07
      3785.2550 3.85195777E+07
      3785.5015 3.85092074E+07
      3788.9799 3.83138667E+07
      3790.9149 3.81846097E+07
      3792.2678 3.80956815E+07
      3792.4648 3.80823935E+07
      3792.7525 3.80606351E+07
      3794.2096 3.79510796E+07
      3794.9931 3.78901668E+07
      3795.9560 3.78055547E+07
      3796.5772 3.77515387E+07
      3796.8298 3.77296667E+07
      3797.7041 3.76577877E+07
      3798.1413 3.76255413E+07
      3798.5787 3.75987042E+07
      3798.7974 3.75884966E+07
      3799.0162 3.75811575E+07
      3799.2349 3.75773854E+07
      3799.3067 3.75770864E+07
      3799.4537 3.75762884E+07
      3799.8914 3.75803205E+07
      3800.3292 3.75897408E+07
      3801.2050 3.76159053E+07
      3801.7951 3.76361000E+07
      3802.0812 3.76433649E+07
      3803.8349 3.76895449E+07
      3805.5902 3.77319200E+07
      3806.7718 3.77518593E+07
      3806.9373 3.77547191E+07
      3808.8780 3.77892652E+07
      3808.9238 3.77890543E+07
      3809.1057 3.77875214E+07
      3812.6277 3.77184916E+07
      3813.4631 3.76907917E+07
      3815.8586 3.76118335E+07
      3819.4845 3.73755815E+07
      3819.6913 3.73623946E+07
      3822.8648 3.71283537E+07
      3825.4068 3.68555133E+07
      3826.3776 3.67534086E+07
      3826.7810 3.67009458E+07
      3827.7254 3.65733235E+07
      3829.8969 3.62851303E+07
      3831.6589 3.60289058E+07
      3833.4226 3.57673303E+07
      3834.3051 3.56393362E+07
      3835.1879 3.55186626E+07
      3835.6277 3.54649370E+07
      3835.6295 3.54647256E+07
      3835.6788 3.54596936E+07
      3836.0712 3.54197209E+07
      3836.2920 3.54032107E+07
      3836.5129 3.53948881E+07
      3836.7339 3.54006006E+07
      3836.8032 3.54049644E+07
      3836.9548 3.54127750E+07
      3837.3968 3.54475451E+07
      3837.8389 3.54912911E+07
      3838.7234 3.55917189E+07
      3839.6083 3.56996196E+07
      3841.0398 3.58785571E+07
      3841.3793 3.59206734E+07
      3843.1519 3.61332501E+07
      3845.3842 3.63727275E+07
      3846.7021 3.65165489E+07
      3848.4881 3.66691979E+07
      3849.4632 3.67541535E+07
      3850.2588 3.68242365E+07
      3850.8966 3.68574643E+07
      3855.4053 3.69121024E+07
      3856.5725 3.69261961E+07
      3857.3921 3.69362469E+07
      3864.5519 3.67874986E+07
      3864.7539 3.67789931E+07
      3865.0938 3.67647007E+07
      3872.2318 3.58961508E+07
      3876.2153 3.50705632E+07
      3878.9514 3.45321259E+07
      3879.3962 3.44439625E+07
      3881.8672 3.37824349E+07
      3882.9883 3.34964496E+07
      3884.3998 3.30794971E+07
      3884.4610 3.30618189E+07
      3885.8577 3.26657374E+07
      3886.5871 3.24649100E+07
      3888.3890 3.19465086E+07
      3890.1925 3.16171226E+07
      3891.9978 3.19323951E+07
      3893.4586 3.23410077E+07
      3893.8047 3.24396606E+07
      3894.8302 3.27163660E+07
      3897.4236 3.34576956E+07
      3899.2770 3.39327044E+07
      3901.0492 3.44205315E+07
      3907.5447 3.58663407E+07
      3907.8370 3.59332823E+07
      3908.3207 3.60452291E+07
      3909.9696 3.62576656E+07
      3913.9579 3.67960659E+07
      3915.6194 3.70318261E+07
      3922.8011 3.73948854E+07
      3923.4002 3.74252438E+07
      3924.3537 3.74085315E+07
      3930.2988 3.73009743E+07
      3939.3848 3.67052764E+07
      3945.0886 3.55782351E+07
      3945.2408 3.55484135E+07
      3945.7830 3.54431118E+07
      3947.4260 3.51324302E+07
      3952.5892 3.34090888E+07
      3955.5002 3.25948437E+07
      3955.8346 3.24509836E+07
      3959.5497 3.10290456E+07
      3963.6074 2.93209613E+07
      3965.6395 2.84266324E+07
      3967.6735 2.74960418E+07
      3968.6914 2.70054994E+07
      3969.0451 2.68203973E+07
      3969.7097 2.64849868E+07
      3970.2191 2.62109713E+07
      3970.7286 2.59286551E+07
      3970.9834 2.57926505E+07
      3971.2382 2.57123460E+07
      3971.4931 2.57870827E+07
      3971.7480 2.59175179E+07
      3972.2579 2.61887068E+07
      3972.4085 2.62653614E+07
      3972.7679 2.64515702E+07
      3973.7884 2.69498727E+07
      3974.3165 2.71880804E+07
      3974.8093 2.74187729E+07
      3975.0049 2.74983924E+07
      3976.8528 2.83074860E+07
      3978.8985 2.91648418E+07
      3982.9960 3.08221458E+07
      3985.8205 3.18481533E+07
      3987.1020 3.23808486E+07
      3995.3394 3.50533871E+07
      3999.2585 3.58973146E+07
      4003.6110 3.69979728E+07
      4004.3818 3.70756424E+07
      4005.3783 3.71659106E+07
      4007.5854 3.73692083E+07
      4013.5435 3.79599494E+07
      4020.2573 3.87070731E+07
      4023.9476 3.87726579E+07
      4036.5659 3.89925591E+07
      4036.8739 3.89978843E+07
      4037.0425 3.89889959E+07
      4053.3186 3.76769389E+07
      4067.5392 3.47076429E+07
      4069.8977 3.43303170E+07
      4071.0371 3.38819347E+07
      4072.8254 3.32381281E+07
      4076.4073 3.21477247E+07
      4078.2382 3.16721807E+07
      4083.7617 2.93320053E+07
      4086.6130 2.84893661E+07
      4090.8133 2.67014868E+07
      4095.0223 2.47572746E+07
      4097.1300 2.37089663E+07
      4097.3995 2.35398815E+07
      4098.9608 2.27015841E+07
      4099.2399 2.25731289E+07
      4100.2957 2.19488927E+07
      4101.3520 2.12690725E+07
      4101.8036 2.09633152E+07
      4101.8803 2.09135475E+07
      4102.4088 2.06087044E+07
      4102.6731 2.05611773E+07
      4102.9375 2.06115216E+07
      4103.2018 2.05554505E+07
      4103.4662 2.05972703E+07
      4103.9951 2.08904757E+07
      4104.5242 2.12339378E+07
      4105.5826 2.18885603E+07
      4105.6091 2.19021499E+07
      4106.6417 2.24862978E+07
      4108.7614 2.35661428E+07
      4110.8833 2.45549394E+07
      4114.7174 2.61404359E+07
      4115.1337 2.63719359E+07
      4119.3928 2.80278367E+07
      4127.9377 3.09577865E+07
      4131.6600 3.18474644E+07
      4136.5180 3.34161227E+07
      4137.1861 3.35032311E+07
      4153.7862 3.67130240E+07
      4167.1038 3.77749313E+07
      4171.1992 3.81761154E+07
      4176.5450 3.82462488E+07
      4176.8238 3.82498336E+07
      4199.4154 3.84676444E+07
      4206.4668 3.85473871E+07
      4206.9781 3.85387525E+07
      4208.2337 3.85169958E+07
      4208.9377 3.85047565E+07
      4216.8752 3.83650413E+07
      4220.2395 3.82207936E+07
      4234.3330 3.76250118E+07
      4242.3359 3.72930975E+07
      4249.9752 3.69404010E+07
      4252.2296 3.68374230E+07
      4257.7022 3.65902182E+07
      4266.1638 3.56216042E+07
      4275.4493 3.47068331E+07
      4278.4136 3.44406114E+07
      4299.3274 3.06842088E+07
      4306.3668 2.87958903E+07
      4309.8612 2.81267225E+07
      4314.8493 2.63188368E+07
      4315.9411 2.60337478E+07
      4320.4468 2.50930531E+07
      4325.7591 2.33657247E+07
      4331.0844 2.14599165E+07
      4333.7520 2.04132429E+07
      4336.4229 1.92551156E+07
      4337.7596 1.85974592E+07
      4339.0971 1.78319887E+07
      4339.7662 1.73739859E+07
      4340.4355 1.68218830E+07
      4340.7702 1.64888082E+07
      4341.1049 1.60926707E+07
      4341.2723 1.58529809E+07
      4341.4398 1.55703776E+07
      4341.5235 1.54160589E+07
      4341.6072 1.52720541E+07
      4341.6490 1.52152554E+07
      4341.6909 1.51775171E+07
      4341.7118 1.51675377E+07
      4341.7328 1.51627328E+07
      4341.7537 1.51672219E+07
      4341.7746 1.51768854E+07
      4341.8165 1.52139903E+07
      4341.8583 1.52701528E+07
      4341.9421 1.54128663E+07
      4342.0258 1.55658673E+07
      4342.1933 1.58457537E+07
      4342.3608 1.60826519E+07
      4342.6958 1.64730084E+07
      4343.0308 1.68000649E+07
      4343.7011 1.73396565E+07
      4344.3716 1.77845792E+07
      4345.7132 1.85223541E+07
      4347.0556 1.91508796E+07
      4347.6913 1.93403535E+07
      4348.8712 1.97913313E+07
      4349.7429 2.02464905E+07
      4352.4336 2.12257007E+07
      4357.8249 2.29823811E+07
      4363.2295 2.45463658E+07
      4374.0792 2.72264401E+07
      4384.9829 2.94116999E+07
      4392.1455 3.00914200E+07
      4404.8641 3.19835796E+07
      4406.9543 3.24405576E+07
      4409.7196 3.25782137E+07
      4425.4864 3.35830931E+07
      4429.1470 3.38659277E+07
      4474.2097 3.40150103E+07
      4506.8214 3.34033530E+07
      4520.1989 3.31464009E+07
      4538.9605 3.26913879E+07
      4552.9228 3.23543310E+07
      4571.4697 3.19121846E+07
      4590.8361 3.14588298E+07
      4615.0729 3.08362435E+07
      4655.3441 2.98066483E+07
      4678.0426 2.92464264E+07
      4714.0149 2.81159595E+07
      4722.9002 2.78532412E+07
      4725.9181 2.76833406E+07
      4768.6264 2.57186934E+07
      4774.7119 2.51876068E+07
      4791.8232 2.40043027E+07
      4815.2467 2.15403980E+07
      4827.0446 1.99385515E+07
      4838.9004 1.80228452E+07
      4844.8501 1.69178301E+07
      4850.8146 1.56786365E+07
      4853.8023 1.49819288E+07
      4856.7937 1.41850678E+07
      4858.2908 1.37097140E+07
      4859.7888 1.31127579E+07
      4860.5381 1.27145311E+07
      4861.2877 1.21617967E+07
      4861.6626 1.17720549E+07
      4862.0375 1.12538904E+07
      4862.2250 1.09436650E+07
      4862.4125 1.06437221E+07
      4862.5063 1.05353630E+07
      4862.6000 1.04825226E+07
      4862.6469 1.04776099E+07
      4862.6938 1.04806035E+07
      4862.7172 1.04823309E+07
      4862.7407 1.04833474E+07
      4862.7641 1.04820973E+07
      4862.7876 1.04801364E+07
      4862.8345 1.04766760E+07
      4862.8813 1.04811229E+07
      4862.9751 1.05330293E+07
      4863.0689 1.06404410E+07
      4863.2565 1.09384007E+07
      4863.4440 1.12465140E+07
      4863.8193 1.17600926E+07
      4864.1945 1.21449367E+07
      4864.9452 1.26874105E+07
      4865.6962 1.30749379E+07
      4867.1988 1.36494943E+07
      4868.7023 1.41013051E+07
      4871.7121 1.48481976E+07
      4874.7256 1.54911905E+07
      4880.7638 1.66118893E+07
      4886.8171 1.75836472E+07
      4897.1404 1.87894732E+07
      4898.9687 1.91899439E+07
      4911.1809 2.04266392E+07
      4925.1963 2.11270522E+07
      4935.7888 2.20192068E+07
      4960.6446 2.27450052E+07
      5011.1149 2.28503622E+07
      5022.7081 2.27256126E+07
      5062.6227 2.22981746E+07
      5151.4955 2.10710955E+07
      5156.1863 2.10078954E+07
      5168.8816 2.08379202E+07
      5279.6967 1.93536623E+07
      5283.5851 1.93036799E+07
      5419.0616 1.76502117E+07
      5516.2198 1.65707663E+07
      5558.0119 1.61335108E+07
      5669.2108 1.50334902E+07
      5700.5250 1.47408707E+07
      5774.9287 1.40694125E+07
      5846.6924 1.34608191E+07
      5869.3833 1.32741608E+07
      5996.6075 1.22872435E+07
      6084.2088 1.16600748E+07
      6150.3667 1.12062350E+07
      6197.6287 1.08945325E+07
      6308.0684 1.01724103E+07
      6315.3575 1.01270822E+07
      6375.9153 9.70894244E+06
      6437.6457 9.18735511E+06
      6468.9613 8.80980683E+06
      6469.8138 8.78902707E+06
      6500.5831 8.24074717E+06
      6516.5102 7.83374109E+06
      6532.5155 7.30165646E+06
      6540.5477 6.97250922E+06
      6548.5997 6.58475836E+06
      6552.6331 6.35815089E+06
      6556.6715 6.09060080E+06
      6558.6925 5.92590270E+06
      6560.7149 5.71198722E+06
      6561.7265 5.56379238E+06
      6562.7384 5.34598649E+06
      6563.2445 5.17610807E+06
      6563.7507 4.91219119E+06
      6564.0038 4.71902825E+06
      6564.2569 4.49068920E+06
      6564.3835 4.38670760E+06
      6564.5101 4.30927304E+06
      6564.5733 4.28452361E+06
      6564.6366 4.26952298E+06
      6564.6683 4.26577937E+06
      6564.6999 4.26448142E+06
      6564.7316 4.26566638E+06
      6564.7632 4.26929690E+06
      6564.8265 4.28407072E+06
      6564.8898 4.30859145E+06
      6565.0164 4.38556142E+06
      6565.1430 4.48906033E+06
      6565.3962 4.71634477E+06
      6565.6495 4.90834260E+06
      6566.1560 5.16978493E+06
      6566.6626 5.33707894E+06
      6567.6761 5.54956371E+06
      6568.6898 5.69227993E+06
      6570.7183 5.89487945E+06
      6572.7481 6.04785852E+06
      6576.8113 6.29089023E+06
      6580.8796 6.49162690E+06
      6589.0312 6.82375415E+06
      6597.2030 7.09232775E+06
      6613.6077 7.48985986E+06
      6630.0942 7.74780079E+06
      6635.7064 7.77492368E+06
      6663.3149 7.99175770E+06
      6696.8703 8.03227504E+06
      6765.0051 7.88511378E+06
      6805.8527 7.74370132E+06
      6834.5407 7.64533851E+06
      6977.9902 7.11779727E+06
      6980.3618 7.10917868E+06
      7127.5905 6.59600081E+06
      7159.3454 6.49111898E+06
      7342.9184 5.92221775E+06
      7446.8968 5.62703477E+06
      7531.1983 5.40183511E+06
      7724.3060 4.92618979E+06
      7796.1538 4.76232150E+06
      7922.3651 4.49159292E+06
      8021.9839 4.29080195E+06
      8071.7460 4.19498677E+06
      8125.5027 4.09465298E+06
      8134.2917 4.08017644E+06
      8147.3997 4.05869731E+06
      8197.9398 3.97713322E+06
      8214.5115 3.95081516E+06
      8261.4633 3.87735125E+06
      8276.7993 3.85370870E+06
      8319.9433 3.78811214E+06
      8328.1420 3.77578690E+06
      8333.8489 3.76723558E+06
      8342.9373 3.75320740E+06
      8343.0528 3.75302949E+06
      8392.6745 3.67755237E+06
      8394.8065 3.67435101E+06
      8410.3756 3.65107486E+06
      8444.4461 3.60077091E+06
      8450.0174 3.59262642E+06
      8459.8556 3.57829560E+06
      8462.5469 3.57438652E+06
      8462.7523 3.57408841E+06
      8475.4425 3.55567720E+06
      8478.7937 3.55083301E+06
      8496.0725 3.52598361E+06
      8496.8287 3.52490070E+06
      8513.4219 3.50123797E+06
      8522.1232 3.48890429E+06
      8528.1209 3.48042967E+06
      8530.8423 3.47659079E+06
      8531.3894 3.47581909E+06
      8535.2085 3.47043533E+06
      8539.5792 3.46428703E+06
      8541.7662 3.46121761E+06
      8542.2564 3.46053104E+06
      8543.2861 3.45908418E+06
      8543.9544 3.45814461E+06
      8545.0489 3.45660810E+06
      8546.1437 3.45507229E+06
      8546.6912 3.45430455E+06
      8547.2387 3.45352489E+06
      8547.5125 3.45311848E+06
      8547.5373 3.45308242E+06
      8547.7864 3.45271029E+06
      8548.0602 3.45233029E+06
      8548.3341 3.45195849E+06
      8548.7754 3.45133266E+06
      8548.8818 3.45118158E+06
      8549.4297 3.45039208E+06
      8550.5256 3.44881346E+06
      8551.6218 3.44723562E+06
      8553.8150 3.44408480E+06
      8556.0093 3.44094003E+06
      8560.4014 3.43466086E+06
      8562.6683 3.43142586E+06
      8564.7979 3.42838718E+06
      8566.2324 3.42634112E+06
      8573.6046 3.41583672E+06
      8574.9877 3.41386964E+06
      8582.4294 3.40329547E+06
      8583.7608 3.40140730E+06
      8584.2233 3.40075099E+06
      8588.1542 3.39516959E+06
      8592.5520 3.38893932E+06
      8594.7526 3.38583192E+06
      8595.0591 3.38540057E+06
      8596.9543 3.38273112E+06
      8597.4968 3.38196936E+06
      8598.0556 3.38118338E+06
      8599.1572 3.37963584E+06
      8599.7081 3.37886219E+06
      8600.1336 3.37824566E+06
      8600.2590 3.37806393E+06
      8600.5345 3.37763073E+06
      8600.8101 3.37721432E+06
      8601.0856 3.37685757E+06
      8601.3612 3.37651757E+06
      8601.9123 3.37576969E+06
      8602.4636 3.37499729E+06
      8603.5663 3.37345272E+06
      8604.6693 3.37190987E+06
      8606.8761 3.36883314E+06
      8609.0840 3.36576655E+06
      8612.2246 3.36141720E+06
      8613.5033 3.35964514E+06
      8615.0175 3.35754805E+06
      8617.9110 3.35353448E+06
      8617.9271 3.35351216E+06
      8626.7885 3.34124603E+06
      8632.6098 3.33321059E+06
      8635.6680 3.32898464E+06
      8641.4329 3.32102822E+06
      8647.1128 3.31318827E+06
      8650.2740 3.30882163E+06
      8652.9377 3.30513942E+06
      8653.4820 3.30438475E+06
      8653.6873 3.30410000E+06
      8654.7014 3.30269337E+06
      8659.1333 3.29655840E+06
      8661.3510 3.29350427E+06
      8663.5698 3.29046898E+06
      8663.7426 3.29023389E+06
      8664.6796 3.28894912E+06
      8665.7897 3.28743183E+06
      8666.3448 3.28667339E+06
      8666.9001 3.28590054E+06
      8667.1777 3.28549376E+06
      8667.4554 3.28509708E+06
      8667.7331 3.28473626E+06
      8668.0107 3.28438554E+06
      8668.5662 3.28364336E+06
      8669.1217 3.28288678E+06
      8670.2329 3.28137404E+06
      8671.3445 3.27986591E+06
      8671.3697 3.27983181E+06
      8673.5684 3.27686536E+06
      8675.7934 3.27388348E+06
      8680.2470 3.26794596E+06
      8682.2847 3.26523550E+06
      8684.7051 3.26200308E+06
      8689.7618 3.25524791E+06
      8693.6351 3.25008815E+06
      8699.9782 3.24163513E+06
      8702.5834 3.23814807E+06
      8707.3679 3.23173572E+06
      8717.7440 3.21789338E+06
      8720.5355 3.21415370E+06
      8722.7610 3.21116916E+06
      8726.6541 3.20592175E+06
      8731.5685 3.19927063E+06
      8735.5825 3.19382273E+06
      8738.5618 3.18977665E+06
      8740.0535 3.18775028E+06
      8743.6662 3.18285576E+06
      8744.5291 3.18168831E+06
      8746.7686 3.17868004E+06
      8749.0093 3.17570594E+06
      8750.1301 3.17423546E+06
      8751.2511 3.17277563E+06
      8751.8118 3.17194396E+06
      8752.3725 3.16477942E+06
      8752.6528 3.15266087E+06
      8752.9332 3.14488535E+06
      8753.2137 3.15193999E+06
      8753.4941 3.16332990E+06
      8754.0550 3.16903638E+06
      8754.6160 3.16841406E+06
      8755.7382 3.16696616E+06
      8756.8607 3.16552885E+06
      8758.0969 3.16396410E+06
      8759.1065 3.16267190E+06
      8761.3535 3.15983000E+06
      8762.8207 3.15798857E+06
      8765.8510 3.15419092E+06
      8766.7050 3.15312309E+06
      8770.3531 3.14892344E+06
      8774.8389 3.14375352E+06
      8775.2992 3.14322310E+06
      8779.3711 3.13852440E+06
      8788.4077 3.12805306E+06
      8793.7203 3.12186513E+06
      8799.1917 3.11539218E+06
      8801.4623 3.11269730E+06
      8806.5368 3.10660482E+06
      8811.4185 3.10071760E+06
      8811.6409 3.10044959E+06
      8817.1783 3.09364837E+06
      8824.7409 3.08439678E+06
      8829.6347 3.07840127E+06
      8837.1186 3.06907209E+06
      8838.6592 3.06715713E+06
      8847.7021 3.05579332E+06
      8852.2305 3.05009562E+06
      8856.7636 3.04445271E+06
      8859.0318 3.04168174E+06
      8861.3013 3.03898180E+06
      8861.3758 3.03889552E+06
      8862.4364 3.03766349E+06
      8863.5719 3.03637292E+06
      8864.1397 3.03573165E+06
      8864.7076 3.03509255E+06
      8864.9916 3.03477313E+06
      8865.2756 3.03445374E+06
      8865.5596 3.03413439E+06
      8865.8436 3.03381506E+06
      8866.4117 3.03317668E+06
      8866.9799 3.03254046E+06
      8868.1165 3.03127603E+06
      8869.2534 3.03003952E+06
      8871.5281 3.02763782E+06
      8872.4841 3.02665793E+06
      8873.8039 3.02526752E+06
      8878.3591 3.02056868E+06
      8882.9190 3.01592009E+06
      8885.5002 3.01327585E+06
      8885.5314 3.01324396E+06
      8891.9370 3.00665846E+06
      8892.0528 3.00653970E+06
      8898.3161 3.00001461E+06
      8901.2054 2.99700568E+06
      8908.4266 2.98932568E+06
      8919.5672 2.97704484E+06
      8938.0049 2.95645550E+06
      8938.9433 2.95539468E+06
      8944.6615 2.94879040E+06
      8960.8382 2.92930111E+06
      8962.8897 2.92684330E+06
      8973.1284 2.91401672E+06
      8975.1100 2.91154226E+06
      8981.1923 2.90388888E+06
      8989.5591 2.89299160E+06
      8990.3717 2.89193672E+06
      8991.4923 2.89045567E+06
      8999.5698 2.87990625E+06
      9004.1760 2.87390441E+06
      9008.7869 2.86803725E+06
      9010.4971 2.86593542E+06
      9011.0941 2.86516999E+06
      9012.5244 2.86342096E+06
      9013.4024 2.86234132E+06
      9014.5571 2.86099149E+06
      9015.7120 2.85970434E+06
      9016.2896 2.85791600E+06
      9016.8672 2.79083015E+06
      9017.1561 2.68805761E+06
      9017.4450 2.63295148E+06
      9017.7338 2.68748176E+06
      9018.0228 2.78962426E+06
      9018.6006 2.85543254E+06
      9019.1786 2.85597724E+06
      9020.3347 2.85477954E+06
      9021.4141 2.85371978E+06
      9021.4911 2.85364309E+06
      9023.8048 2.85147773E+06
      9026.1197 2.84944777E+06
      9030.7531 2.84557774E+06
      9035.3912 2.84183206E+06
      9044.6818 2.83432669E+06
      9045.3232 2.83379452E+06
      9049.2094 2.83057367E+06
      9053.9915 2.82661536E+06
      9072.6684 2.81033471E+06
      9083.2056 2.80062050E+06
      9088.2969 2.79544986E+06
      9091.4226 2.79226922E+06
      9115.4130 2.76675898E+06
      9120.0017 2.76191167E+06
      9129.1646 2.75097837E+06
      9147.3512 2.72876678E+06
      9149.7221 2.72588935E+06
      9152.1233 2.72288337E+06
      9157.0972 2.71665312E+06
      9165.3544 2.70497491E+06
      9167.2212 2.70234310E+06
      9175.7583 2.69016427E+06
      9194.4956 2.66106806E+06
      9203.8930 2.64575271E+06
      9204.0941 2.64542147E+06
      9205.3085 2.64342325E+06
      9213.3096 2.63033015E+06
      9218.0252 2.62273535E+06
      9222.0434 2.61657120E+06
      9222.7455 2.61550245E+06
      9225.1075 2.61211936E+06
      9227.4707 2.60903289E+06
      9228.6528 2.60764128E+06
      9229.8352 2.60640546E+06
      9230.4265 2.60583293E+06
      9231.0178 2.60528462E+06
      9231.3135 2.60501363E+06
      9231.6093 2.60474266E+06
      9231.9050 2.60447169E+06
      9232.2008 2.60420072E+06
      9232.7924 2.60366514E+06
      9233.3841 2.60315373E+06
      9234.5676 2.60222136E+06
      9235.7515 2.60144395E+06
      9238.1202 2.60018905E+06
      9240.4901 2.59922518E+06
      9244.2944 2.59801111E+06
      9245.2335 2.59770153E+06
      9249.9818 2.59646422E+06
      9259.4930 2.59414468E+06
      9269.0238 2.59162304E+06
      9275.4141 2.58933530E+06
      9281.7325 2.58708849E+06
      9288.1443 2.58426443E+06
      9307.3439 2.57322018E+06
      9322.6745 2.56208935E+06
      9323.4570 2.56151793E+06
      9345.9823 2.54509797E+06
      9349.1766 2.54238374E+06
      9366.8877 2.52405791E+06
      9384.9428 2.50550892E+06
      9417.6080 2.46979577E+06
      9435.2071 2.44555122E+06
      9452.2007 2.42229639E+06
      9458.5060 2.41130523E+06
      9463.8464 2.40212234E+06
      9483.4909 2.36840277E+06
      9487.0485 2.36242261E+06
      9487.1100 2.36229617E+06
      9504.5689 2.32718100E+06
      9522.1542 2.28964793E+06
      9530.9712 2.27103268E+06
      9539.8046 2.25396006E+06
      9544.0880 2.24676657E+06
      9544.2275 2.24653140E+06
      9548.6544 1.82277454E+06
      9553.0855 2.23958945E+06
      9557.5207 2.24010265E+06
      9566.4034 2.24323136E+06
      9575.3026 2.24773034E+06
      9583.4192 2.25162118E+06
      9593.1508 2.25613947E+06
      9611.0657 2.26136970E+06
      9647.0970 2.26072242E+06
      9649.9529 2.25972874E+06
      9666.8603 2.25388099E+06
      9683.3994 2.24815738E+06
      9701.0318 2.23754071E+06
      9708.7239 2.23294393E+06
      9736.3620 2.21638046E+06
      9756.8301 2.20122290E+06
      9814.6787 2.15068569E+06
      9831.3831 2.13114184E+06
      9879.1393 2.07502945E+06
      9894.2655 2.05797874E+06
      9934.5450 1.99549216E+06
      9949.7762 1.96279275E+06
      9957.3585 1.94741891E+06
      9975.1537 1.91361234E+06
      9983.9599 1.89053524E+06
      9995.5828 1.86227981E+06
     10016.0958 1.80356954E+06
     10026.3838 1.77194907E+06
     10036.6931 1.74042894E+06
     10041.8557 1.72573693E+06
     10047.0236 1.71181841E+06
     10049.6095 1.70648937E+06
     10052.1968 1.70387416E+06
     10054.7854 1.70348137E+06
     10057.3753 1.70578549E+06
     10062.5592 1.71357407E+06
     10067.7484 1.72202805E+06
     10078.1429 1.74070430E+06
     10088.5589 1.75900100E+06
     10109.4557 1.78993605E+06
     10130.4392 1.81215118E+06
     10141.3473 1.81677873E+06
     10172.6686 1.83391717E+06
     10204.8987 1.83473094E+06
     10215.2515 1.83542398E+06
     10265.8571 1.81863341E+06
     10301.4960 1.80702824E+06
     10389.2091 1.76054050E+06
     10427.3876 1.73743047E+06
     10466.5627 1.71207781E+06
     10471.4929 1.70891464E+06
     10569.1940 1.64785468E+06
     10594.0826 1.63221971E+06
     10679.4448 1.57025221E+06
     10734.9361 1.51845169E+06
     10755.5250 1.50098484E+06
     10766.1939 1.49221316E+06
     10810.0991 1.44051524E+06
     10823.8572 1.41697941E+06
     10854.3638 1.37387053E+06
     10876.6324 1.33232782E+06
     10898.9925 1.28278027E+06
     10910.2071 1.25433345E+06
     10921.4448 1.22312119E+06
     10927.0723 1.20658486E+06
     10932.7056 1.18951646E+06
     10935.5245 1.18104382E+06
     10938.3448 1.17356821E+06
     10939.7555 1.16751872E+06
     10941.1665 1.05558068E+06
     10942.5780 1.16649280E+06
     10943.9898 1.17150493E+06
     10946.8144 1.17688948E+06
     10949.6405 1.18323715E+06
     10955.2972 1.19595957E+06
     10960.9597 1.20803063E+06
     10972.3022 1.22998420E+06
     10983.6682 1.24878650E+06
     11006.4711 1.27808345E+06
     11010.1909 1.28076361E+06
     11029.3688 1.29835545E+06
     11075.4513 1.32034029E+06
     11121.9205 1.32577671E+06
     11148.6172 1.32071938E+06
     11216.0386 1.31028329E+06
     11292.5035 1.28536309E+06
     11311.7632 1.27924208E+06
     11328.3519 1.27275163E+06
     11508.1994 1.20426768E+06
     11571.5327 1.17991253E+06
     11582.0549 1.17591824E+06
     11668.1160 1.14376639E+06
     11711.5786 1.12785272E+06
     11879.0306 1.06836985E+06
     12028.8909 1.01839440E+06
     12140.6926 9.82184669E+05
     12183.6212 9.68726607E+05
     12217.7760 9.58166284E+05
     12412.6877 8.97019835E+05
     12496.0217 8.68644944E+05
     12512.4944 8.63307600E+05
     12602.4483 8.25603334E+05
     12613.9191 8.21386644E+05
     12665.2506 7.93533972E+05
     12717.0016 7.56670919E+05
     12743.0360 7.33483351E+05
     12769.1772 7.05937004E+05
     12782.2881 6.89691792E+05
     12795.4259 6.70652098E+05
     12802.0049 6.59088580E+05
     12808.5907 6.45005342E+05
     12811.8862 6.36376150E+05
     12815.1833 6.26025372E+05
     12816.4325 6.21445968E+05
     12816.8325 6.20068813E+05
     12818.4822 6.13725882E+05
     12819.3071 6.10704448E+05
     12820.1322 6.08011193E+05
     12820.5448 6.06995745E+05
     12820.9574 6.06409523E+05
     12821.1637 6.06293177E+05
     12821.3701 6.06233479E+05
     12821.4732 6.06216597E+05
     12821.5764 6.06199715E+05
     12821.6280 6.06191275E+05
     12821.6795 6.06182834E+05
     12821.7311 6.06174393E+05
     12821.7827 6.06165953E+05
     12821.8859 6.06149072E+05
     12821.9891 6.06132191E+05
     12822.1954 6.06124355E+05
     12822.4018 6.06173132E+05
     12822.8145 6.06623889E+05
     12823.2272 6.07503161E+05
     12824.0528 6.09921533E+05
     12824.8785 6.12664689E+05
     12826.5302 6.18441100E+05
     12828.1823 6.23820173E+05
     12831.4879 6.32990734E+05
     12834.7951 6.40414074E+05
     12841.4147 6.52026678E+05
     12848.0412 6.61055853E+05
     12861.3146 6.74871407E+05
     12874.6154 6.85703723E+05
     12901.2998 7.01940249E+05
     12928.0951 7.13269891E+05
     12982.0209 7.25269993E+05
     13036.3985 7.27455879E+05
     13145.0590 7.17524933E+05
     13146.5318 7.17430261E+05
     13258.5419 6.99478190E+05
     13482.1118 6.59303556E+05
     13488.3872 6.58214114E+05
     13726.3422 6.16526681E+05
     13827.8070 5.99538798E+05
     14182.3661 5.44492424E+05
     14228.3606 5.37809854E+05
     14546.0165 4.94319518E+05
     14768.4941 4.73544070E+05
     14918.9913 4.60461542E+05
     15301.5296 4.17582033E+05
     15693.8765 3.78666869E+05
     15701.2896 3.77975639E+05
     15701.9118 3.77917690E+05
     15702.5341 3.77859436E+05
     15703.1565 3.77784073E+05
     15703.7788 3.77429975E+05
     15704.4013 3.75943031E+05
     15705.0237 3.74562063E+05
     15705.6463 3.75827990E+05
     15706.2689 3.77198618E+05
     15706.8915 3.77436639E+05
     15707.5142 3.77396160E+05
     15708.1369 3.77338596E+05
     15708.7597 3.77280724E+05
     15881.1760 3.61683091E+05
     15881.8054 3.61627666E+05
     15882.4348 3.61571408E+05
     15883.0642 3.61469304E+05
     15883.6937 3.60624058E+05
     15884.3233 3.56850604E+05
     15884.9529 3.53481764E+05
     15885.5826 3.56741884E+05
     15886.2123 3.60403277E+05
     15886.8420 3.61137061E+05
     15887.4719 3.61128334E+05
     15888.1017 3.61073821E+05
     15888.7316 3.61018476E+05
     16096.2836 3.43352467E+05
     16109.9564 3.42225551E+05
     16110.5949 3.42173033E+05
     16111.2333 3.42118193E+05
     16111.8719 3.41936350E+05
     16112.5105 3.39727713E+05
     16113.1491 3.30249253E+05
     16113.7878 3.22656660E+05
     16114.4265 3.30149627E+05
     16115.0653 3.39519941E+05
     16115.7041 3.41621709E+05
     16116.3430 3.41698432E+05
     16116.9819 3.41648326E+05
     16117.6209 3.41595902E+05
     16407.8476 3.18798739E+05
     16408.4979 3.18749829E+05
     16409.1482 3.18694307E+05
     16409.7985 3.18278814E+05
     16410.4489 3.12402493E+05
     16411.0993 2.91768046E+05
     16411.7498 2.79450924E+05
     16412.4004 2.91682282E+05
     16413.0510 3.12212904E+05
     16413.7016 3.17986297E+05
     16414.3523 3.18303591E+05
     16415.0030 3.18261419E+05
     16415.6538 3.18212647E+05
     16509.0088 3.11308248E+05
     16571.7605 3.06765841E+05
     16807.1921 2.90376862E+05
     16807.8581 2.90332000E+05
     16808.5243 2.90268251E+05
     16809.1904 2.89187358E+05
     16809.8566 2.74990932E+05
     16810.5229 2.46158100E+05
     16811.1892 2.37207658E+05
     16811.8556 2.46087545E+05
     16812.5220 2.74826551E+05
     16813.1885 2.88920587E+05
     16813.8551 2.89910493E+05
     16814.5216 2.89884756E+05
     16815.1883 2.89840168E+05
     16932.3167 2.82122166E+05
     17068.7868 2.73443832E+05
     17362.8017 2.55825124E+05
     17363.4898 2.55785334E+05
     17364.1780 2.55693843E+05
     17364.8661 2.52917274E+05
     17365.5544 2.28495111E+05
     17366.2427 2.08932977E+05
     17366.4787 2.06963719E+05
     17366.9310 2.04274826E+05
     17367.6194 2.08873082E+05
     17368.3079 2.28362296E+05
     17368.9964 2.52684599E+05
     17369.6850 2.55377900E+05
     17370.3736 2.55390279E+05
     17371.0623 2.55351066E+05
     17596.5489 2.42826815E+05
     17811.7730 2.31451287E+05
     17872.8608 2.28346490E+05
     18157.9888 2.14054763E+05
     18174.8466 2.13161634E+05
     18175.5669 2.13122988E+05
     18176.2872 2.12967390E+05
     18177.0076 2.07383509E+05
     18177.7280 1.84361024E+05
     18178.4485 1.73069127E+05
     18179.1690 1.69654973E+05
     18179.8896 1.73019314E+05
     18180.6103 1.84254186E+05
     18181.3310 2.07175519E+05
     18182.0518 2.12664693E+05
     18182.7726 2.12743900E+05
     18183.4935 2.12706723E+05
     18268.4851 2.08343563E+05
     18303.9918 2.06572942E+05
     18452.3617 1.97929029E+05
     18527.4523 1.92445840E+05
     18603.1566 1.85255028E+05
     18641.2412 1.80596573E+05
     18679.4821 1.74809118E+05
     18698.6614 1.71239971E+05
     18717.8802 1.66774229E+05
     18727.5044 1.63862873E+05
     18736.9078 1.60108113E+05
     18737.1385 1.60047050E+05
     18741.9592 1.57382637E+05
     18746.7825 1.53779106E+05
     18749.1950 1.51395345E+05
     18751.6082 1.48293718E+05
     18752.8150 1.46354915E+05
     18754.0220 1.43962750E+05
     18754.6256 1.42170452E+05
     18755.2291 1.39764260E+05
     18755.5309 1.38681483E+05
     18755.8328 1.37947234E+05
     18755.9837 1.37748607E+05
     18756.1346 1.37630224E+05
     18756.2100 1.37601960E+05
     18756.2855 1.37591181E+05
     18756.3610 1.37597956E+05
     18756.4364 1.37622214E+05
     18756.5873 1.37732573E+05
     18756.7383 1.37923148E+05
     18757.0401 1.38641117E+05
     18757.3420 1.39707287E+05
     18757.9458 1.42079306E+05
     18758.5496 1.43836794E+05
     18759.7573 1.46158340E+05
     18760.9651 1.48025018E+05
     18763.3813 1.50978880E+05
     18765.7982 1.53211555E+05
     18770.6337 1.56505724E+05
     18775.4717 1.58854225E+05
     18785.1553 1.62025872E+05
     18794.8488 1.64279110E+05
     18814.2659 1.67397301E+05
     18833.7231 1.69582648E+05
     18872.7586 1.72510592E+05
     18911.9563 1.74213043E+05
     18990.8420 1.75312816E+05
     19070.3887 1.74597959E+05
     19217.3413 1.71119356E+05
     19231.4980 1.70813858E+05
     19395.3527 1.65930121E+05
     19446.3380 1.64312946E+05
     19447.1086 1.64287358E+05
     19447.8793 1.64038022E+05
     19448.6501 1.55970038E+05
     19449.4209 1.40211904E+05
     19450.1918 1.32387147E+05
     19450.9627 1.29908709E+05
     19451.7338 1.32348840E+05
     19452.5048 1.40130419E+05
     19453.2760 1.55832716E+05
     19454.0472 1.63844076E+05
     19454.8184 1.64044541E+05
     19455.5897 1.64021562E+05
     19710.0937 1.56248063E+05
     19731.5836 1.55611543E+05
     20079.6778 1.45486339E+05
     20215.4807 1.41734704E+05
     20733.8264 1.28468884E+05
     20814.0590 1.26554707E+05
     21265.4629 1.16420539E+05
     21604.1970 1.09471589E+05
     21656.1491 1.08451479E+05
     21657.0073 1.08432927E+05
     21657.8656 1.08107616E+05
     21658.7239 1.00900266E+05
     21659.5824 9.18073883E+04
     21660.4409 8.69085726E+04
     21661.2994 8.54116055E+04
     21662.1581 8.68832124E+04
     21663.0167 9.17536228E+04
     21663.8755 1.00810572E+05
     21664.7343 1.07974429E+05
     21665.5932 1.08265534E+05
     21666.4522 1.08250600E+05
     21810.7312 1.05486380E+05
     22369.9807 9.55663436E+04
     22568.4128 9.23288781E+04
     23024.3404 8.62281317E+04
     23614.7081 7.80918677E+04
     24220.2134 7.07195820E+04
     24841.2445 6.40399456E+04
     25478.1995 5.79882444E+04
     25637.2619 5.65895034E+04
     25638.2779 5.65807060E+04
     25639.2940 5.65718525E+04
     25640.3102 5.65598734E+04
     25641.3264 5.64970624E+04
     25642.3427 5.62298565E+04
     25643.3591 5.59849877E+04
     25644.3756 5.62124162E+04
     25645.3921 5.64619486E+04
     25646.4087 5.65071294E+04
     25647.4255 5.65015213E+04
     25648.4423 5.64927920E+04
     25649.4591 5.64840065E+04
     26120.3553 5.25935923E+04
     26121.3904 5.25854170E+04
     26122.4256 5.25770966E+04
     26123.4609 5.25608033E+04
     26124.4963 5.24159049E+04
     26125.5317 5.17792061E+04
     26126.5673 5.12303021E+04
     26127.6029 5.17632187E+04
     26128.6386 5.23833609E+04
     26129.6744 5.25117993E+04
     26130.7103 5.25117429E+04
     26131.4867 5.25057335E+04
     26131.7462 5.25037231E+04
     26132.7823 5.24955538E+04
     26252.5562 5.15617056E+04
     26253.5966 5.15518740E+04
     26254.6371 5.12452387E+04
     26255.6776 4.71662587E+04
     26256.7182 4.32324202E+04
     26257.7589 4.11413629E+04
     26258.7997 4.05546640E+04
     26259.8406 4.11291897E+04
     26260.8815 4.32067907E+04
     26261.9226 4.71240266E+04
     26262.9637 5.11818381E+04
     26264.0049 5.14717350E+04
     26265.0462 5.14655321E+04
     26745.0449 4.79344707E+04
     26746.1048 4.79270144E+04
     26747.1647 4.79191803E+04
     26748.2248 4.78907064E+04
     26749.2849 4.75375924E+04
     26750.3452 4.61125279E+04
     26751.4055 4.50664238E+04
     26752.4659 4.60984380E+04
     26753.5263 4.75081371E+04
     26754.5869 4.78460403E+04
     26755.6476 4.78595860E+04
     26756.7083 4.78525206E+04
     26757.7691 4.78450782E+04
     26801.5248 4.75392720E+04
     27488.7434 4.30404438E+04
     27576.2145 4.25065228E+04
     27577.3074 4.24998994E+04
     27578.4003 4.24922961E+04
     27579.4933 4.24314894E+04
     27580.5864 4.15976298E+04
     27581.6795 3.90936237E+04
     27582.7728 3.78603642E+04
     27583.8662 3.90818859E+04
     27584.9596 4.15720115E+04
     27586.0531 4.23918885E+04
     27587.1467 4.24393899E+04
     27588.2404 4.24337643E+04
     27589.3342 4.24271606E+04
     28193.5829 3.89654776E+04
     28723.2287 3.62167043E+04
     28724.3669 3.62110499E+04
     28725.5053 3.62029441E+04
     28726.6438 3.60639338E+04
     28727.7823 3.44264293E+04
     28728.9210 3.18951579E+04
     28730.0597 3.11717943E+04
     28731.1985 3.18856463E+04
     28732.3375 3.44055323E+04
     28733.4765 3.60303169E+04
     28734.6156 3.61578550E+04
     28735.7548 3.61546822E+04
     28736.8940 3.61490631E+04
     28916.4953 3.52746431E+04
     29657.9439 3.19319119E+04
     30384.9030 2.90301843E+04
     30386.1072 2.90256273E+04
     30387.3114 2.90155314E+04
     30388.5157 2.87250708E+04
     30389.7202 2.66646271E+04
     30390.9247 2.51279429E+04
     30392.1293 2.46785116E+04
     30393.3340 2.51204247E+04
     30394.5388 2.66486023E+04
     30395.7437 2.86983889E+04
     30396.9487 2.89793646E+04
     30398.1538 2.89804041E+04
     30399.3590 2.89759163E+04
     30418.4040 2.89046149E+04
     31198.3631 2.61631302E+04
     31998.3211 2.36806047E+04
     32498.5145 2.22770399E+04
     32962.1939 2.11309036E+04
     32963.5002 2.11277165E+04
     32964.8066 2.11138611E+04
     32966.1131 2.06404453E+04
     32967.4196 1.90395088E+04
     32968.7263 1.80866858E+04
     32970.0331 1.77901171E+04
     32971.3400 1.80812551E+04
     32972.6470 1.90280650E+04
     32973.9541 2.06220194E+04
     32975.2613 2.10888777E+04
     32976.5686 2.10964759E+04
     32977.8760 2.10934147E+04
     33155.0501 2.06754506E+04
     34005.1796 1.87099054E+04
     34877.1073 1.69305204E+04
     35771.3921 1.53197389E+04
     36688.6073 1.38616518E+04
     37396.8038 1.28528911E+04
     37398.2858 1.28507989E+04
     37399.7679 1.28349979E+04
     37401.2501 1.23868990E+04
     37402.7325 1.14731354E+04
     37404.2150 1.09313506E+04
     37405.6976 1.07699917E+04
     37407.1803 1.09280486E+04
     37408.6631 1.14661924E+04
     37410.1461 1.23755232E+04
     37411.6292 1.28189386E+04
     37413.1124 1.28306843E+04
     37414.5957 1.28287533E+04
     37629.3408 1.25418438E+04
     38594.1957 1.13472544E+04
     39066.3039 1.08145143E+04
     39067.8521 1.08128194E+04
     39069.4004 1.08111104E+04
     39070.9488 1.08086246E+04
     39072.4974 1.07935394E+04
     39074.0460 1.07286417E+04
     39075.5948 1.06703839E+04
     39077.1437 1.07252891E+04
     39078.6927 1.07867773E+04
     39080.2419 1.07984631E+04
     39081.7912 1.07975603E+04
     39083.3406 1.07958817E+04
     39084.8901 1.07941891E+04
     39583.7905 1.02660506E+04
     40199.2267 9.65813747E+03
     40200.8198 9.65662306E+03
     40202.4130 9.65507449E+03
     40204.0063 9.65165283E+03
     40205.5998 9.61825060E+03
     40207.1934 9.47536311E+03
     40208.7871 9.35834290E+03
     40210.3809 9.47241598E+03
     40211.9748 9.61222880E+03
     40213.5689 9.64257608E+03
     40215.1631 9.64296862E+03
     40216.7575 9.64149065E+03
     40218.3519 9.63997858E+03
     40513.2041 9.36535855E+03
     40514.8096 9.36323556E+03
     40516.4152 9.26420815E+03
     40518.0210 8.51792287E+03
     40519.6269 7.88431865E+03
     40521.2329 7.61479962E+03
     40522.8391 7.54544245E+03
     40524.4453 7.61249138E+03
     40526.0517 7.87954032E+03
     40527.6583 8.51015972E+03
     40529.2649 9.25269305E+03
     40530.8717 9.34856357E+03
     40532.4786 9.34774978E+03
     40598.7594 9.28751274E+03
     41639.7533 8.40192988E+03
     41698.1391 8.35544560E+03
     41699.7916 8.35413419E+03
     41701.4442 8.35274070E+03
     41703.0969 8.34687044E+03
     41704.7498 8.27215250E+03
     41706.4028 7.99608808E+03
     41708.0559 7.81609467E+03
     41709.7092 7.99362592E+03
     41711.3626 8.26698525E+03
     41713.0161 8.33901651E+03
     41714.6697 8.34226015E+03
     41716.3235 8.34103331E+03
     41717.9774 8.33972454E+03
     42707.4393 7.60050565E+03
     43754.2604 6.90534805E+03
     43755.9943 6.90426309E+03
     43757.7284 6.90298828E+03
     43759.4627 6.89144825E+03
     43761.1970 6.73988487E+03
     43762.9315 6.36561789E+03
     43764.6662 6.21315560E+03
     43766.4010 6.36367854E+03
     43768.1359 6.73570355E+03
     43769.8709 6.88496483E+03
     43771.6061 6.89432333E+03
     43773.3415 6.89343143E+03
     43775.0769 6.89235005E+03
     43802.5018 6.87527247E+03
     44234.0892 6.61331314E+03
     45127.7071 6.12183569E+03
     46284.8278 5.53704033E+03
     46526.8828 5.42365071E+03
     46528.7266 5.42273503E+03
     46530.5706 5.41112014E+03
     46532.4147 5.17039862E+03
     46534.2590 4.79762878E+03
     46536.1034 4.59577413E+03
     46537.9480 4.54043315E+03
     46539.7927 4.59437354E+03
     46541.6375 4.79470371E+03
     46543.4825 5.16563828E+03
     46545.3277 5.40433002E+03
     46547.1730 5.41421537E+03
     46549.0184 5.41342689E+03
     46714.1074 5.33793214E+03
     46715.9587 5.33709068E+03
     46717.8101 5.33583346E+03
     46719.6616 5.31266379E+03
     46721.5133 5.07634241E+03
     46723.3651 4.78749100E+03
     46725.2171 4.70274059E+03
     46727.0693 4.78603175E+03
     46728.9215 5.07322393E+03
     46730.7740 5.30766713E+03
     46732.6265 5.32912599E+03
     46734.4793 5.32870528E+03
     46736.3321 5.32786965E+03
     47471.6183 5.00793274E+03
     48688.8393 4.52922848E+03
     49937.2710 4.09614251E+03
     51217.7139 3.70474132E+03
     51274.5239 3.68848186E+03
     51276.5559 3.68789776E+03
     51278.5880 3.68658358E+03
     51280.6203 3.64962931E+03
     51282.6528 3.43417733E+03
     51284.6854 3.27023451E+03
     51286.7182 3.22071809E+03
     51288.7511 3.26923449E+03
     51290.7842 3.43207230E+03
     51292.8175 3.64620936E+03
     51294.8509 3.68194884E+03
     51296.8845 3.68210238E+03
     51298.9183 3.68152739E+03
     52530.9886 3.35064106E+03
     53877.9370 3.03028063E+03
     55259.4226 2.74045650E+03
     56676.3309 2.47826807E+03
     57101.1743 2.40581379E+03
     57103.4372 2.40543499E+03
     57105.7003 2.40505192E+03
     57107.9635 2.40443390E+03
     57110.2270 2.40002137E+03
     57112.4906 2.38099392E+03
     57114.7543 2.36443095E+03
     57117.0183 2.38024708E+03
     57119.2824 2.39851109E+03
     57121.5468 2.40216303E+03
     57123.8113 2.40202366E+03
     57126.0759 2.40164965E+03
     57128.3408 2.40127139E+03
     58129.5701 2.24108923E+03
     59068.2515 2.10435028E+03
     59070.5924 2.10401697E+03
     59072.9334 2.10274499E+03
     59075.2746 2.06347898E+03
     59077.6160 1.93402268E+03
     59079.9576 1.84965709E+03
     59082.2993 1.82516606E+03
     59084.6413 1.84908914E+03
     59086.9834 1.93283435E+03
     59089.3258 2.06156358E+03
     59091.6683 2.10012506E+03
     59094.0110 2.10073991E+03
     59096.3538 2.10041780E+03
     59554.4100 2.03758119E+03
     59556.7701 2.03726343E+03
     59559.1304 2.03693579E+03
     59561.4909 2.03606773E+03
     59563.8515 2.02665688E+03
     59566.2124 1.98819153E+03
     59568.5734 1.95896066E+03
     59570.9346 1.98757583E+03
     59573.2961 2.02539484E+03
     59575.6577 2.03416340E+03
     59578.0194 2.03439577E+03
     59580.3814 2.03408838E+03
     59582.7436 2.03377113E+03
     59620.0719 2.02876496E+03
     61148.7917 1.83446435E+03
     62716.7094 1.65871923E+03
     62904.3455 1.63912147E+03
     62906.8384 1.63886293E+03
     62909.3315 1.63858263E+03
     62911.8247 1.63711872E+03
     62914.3182 1.61809406E+03
     62916.8118 1.55628350E+03
     62919.3057 1.52197089E+03
     62921.7997 1.55580221E+03
     62924.2940 1.61707949E+03
     62926.7884 1.63557096E+03
     62929.2830 1.63651668E+03
     62931.7779 1.63628045E+03
     62934.2729 1.63602249E+03
     64324.8302 1.49976327E+03
     65974.1848 1.35599766E+03
     67665.8306 1.22597529E+03
     67703.9608 1.22322804E+03
     67706.6439 1.22303477E+03
     67709.3272 1.22279726E+03
     67712.0107 1.22018456E+03
     67714.6944 1.18816124E+03
     67717.3783 1.12615806E+03
     67720.0624 1.10484740E+03
     67722.7467 1.12581119E+03
     67725.4313 1.18742100E+03
     67728.1161 1.21903076E+03
     67730.8011 1.22125417E+03
     67733.4862 1.22110579E+03
     67736.1717 1.22091327E+03
     69400.8519 1.10838646E+03
     71180.3609 1.00204582E+03
     73005.4983 9.05880643E+02
     73121.6576 9.00158683E+02
     74581.1257 8.32490506E+02
     74584.0813 8.32340055E+02
     74587.0371 8.28957475E+02
     74589.9932 7.82642336E+02
     74592.9495 7.30775995E+02
     74595.9060 7.09286982E+02
     74598.8628 7.03746964E+02
     74598.8628 7.03746941E+02
     74601.8198 7.09067684E+02
     74604.7771 7.30324537E+02
     74607.7345 7.81916145E+02
     74610.6923 8.27916832E+02
     74613.6502 8.31030779E+02
     74616.6084 8.30919312E+02
     75007.3035 8.13797676E+02
     75010.2760 8.13664895E+02
     75013.2488 8.12807040E+02
     75016.2217 7.89981815E+02
     75019.1949 7.38921795E+02
     75022.1684 7.10856639E+02
     75025.1420 7.03297555E+02
     75028.1159 7.10636973E+02
     75031.0901 7.38465260E+02
     75034.0645 7.89244271E+02
     75037.0391 8.11780820E+02
     75040.0139 8.12380060E+02
     75042.9890 8.12255859E+02
     75063.3709 8.11376881E+02
     75066.3456 8.11248250E+02
     75069.3206 8.11042049E+02
     75072.2958 8.06827685E+02
     75075.2712 7.70726602E+02
     75078.2468 7.34016983E+02
     75081.2227 7.23306996E+02
     75084.1989 7.33790302E+02
     75087.1752 7.70249042E+02
     75090.1518 8.06065311E+02
     75093.1287 8.10017381E+02
     75096.1058 8.09967217E+02
     75099.0831 8.09839640E+02
     76511.6541 7.51847057E+02
     78473.4914 6.79635050E+02
     80485.6322 6.14341160E+02
     81529.6777 5.83544367E+02
     81532.9087 5.83452083E+02
     81536.1399 5.83358319E+02
     81539.3714 5.83183266E+02
     81542.6032 5.81704469E+02
     81545.8352 5.75406790E+02
     81549.0674 5.70172913E+02
     81552.2999 5.75225763E+02
     81555.5327 5.81336930E+02
     81558.7657 5.82630082E+02
     81561.9990 5.82620591E+02
     81565.2325 5.82529920E+02
     81568.4663 5.82437772E+02
     82549.3664 5.55304492E+02
     84666.0168 5.01927083E+02
     86624.5963 4.58125035E+02
     86628.0292 4.58052527E+02
     86631.4624 4.57976884E+02
     86634.8958 4.57730022E+02
     86638.3295 4.54829449E+02
     86641.7635 4.43817550E+02
     86645.1977 4.36290051E+02
     86648.6322 4.43678770E+02
     86652.0670 4.54542419E+02
     86655.5020 4.57295612E+02
     86658.9374 4.57397350E+02
     86662.3730 4.57328102E+02
     86665.8089 4.57255724E+02
     86836.9403 4.53667938E+02
     87580.0147 4.38490045E+02
     87583.4854 4.38420083E+02
     87586.9564 4.38250840E+02
     87590.4277 4.33465323E+02
     87593.8993 4.09933160E+02
     87597.3711 3.93009126E+02
     87600.8433 3.88217111E+02
     87604.3156 3.92887337E+02
     87607.7883 4.09678896E+02
     87611.2613 4.33056551E+02
     87614.7345 4.37696272E+02
     87618.2080 4.37726606E+02
     87621.6817 4.37657872E+02
     89063.5285 4.10037618E+02
     90273.6514 3.88517209E+02
     92097.3615 3.58811984E+02
     93898.0318 3.32094630E+02
     93901.7529 3.32042003E+02
     93905.4744 3.31983148E+02
     93909.1961 3.31586931E+02
     93912.9181 3.26460262E+02
     93916.6404 3.12580615E+02
     93920.3630 3.06315369E+02
     93924.0859 3.12483548E+02
     93927.8091 3.26254990E+02
     93931.5325 3.31272080E+02
     93935.2563 3.31562697E+02
     93938.9804 3.31516425E+02
     93942.7048 3.31463936E+02
     94458.8323 3.24284501E+02
     96880.8536 2.93071795E+02
     99364.9781 2.64856462E+02
    101912.7980 2.39351401E+02
    104525.9467 2.16296931E+02
    105010.2249 2.12333450E+02
    105014.3864 2.12299725E+02
    105018.5483 2.12255338E+02
    105022.7104 2.11644827E+02
    105026.8729 2.04969322E+02
    105031.0357 1.95242551E+02
    105035.1988 1.92335836E+02
    105039.3623 1.95181903E+02
    105043.5261 2.04841202E+02
    105047.6902 2.11443831E+02
    105051.8547 2.11986220E+02
    105056.0195 2.11963301E+02
    105060.1846 2.11929741E+02
    107206.0992 1.95458185E+02
    109954.9735 1.76622741E+02
    112774.3318 1.59634459E+02
    113060.3252 1.58023857E+02
    113064.8057 1.57998339E+02
    113069.2866 1.57895349E+02
    113073.7678 1.54873505E+02
    113078.2494 1.45829610E+02
    113082.7313 1.40741550E+02
    113087.2136 1.39387536E+02
    113091.6962 1.40697729E+02
    113096.1792 1.45738845E+02
    113100.6626 1.54727662E+02
    113105.1463 1.57695085E+02
    113109.6304 1.57747796E+02
    113114.1148 1.57723203E+02
    115367.6788 1.45743986E+02
    115372.2507 1.45720856E+02
    115376.8230 1.45697189E+02
    115381.3957 1.45644102E+02
    115385.9687 1.45124351E+02
    115390.5421 1.42985705E+02
    115395.1159 1.41324610E+02
    115399.6900 1.42940649E+02
    115404.2645 1.45032382E+02
    115408.8394 1.45505475E+02
    115413.4146 1.45512298E+02
    115417.9902 1.45489740E+02
    115422.5661 1.45466647E+02
    115665.9813 1.44244607E+02
    118631.7757 1.30335343E+02
    121673.6161 1.17764559E+02
    123689.9284 1.10259131E+02
    123694.8302 1.10240353E+02
    123699.7323 1.10007491E+02
    123704.6348 1.05435549E+02
    123709.5378 9.91234456E+01
    123714.4411 9.65320889E+01
    123719.3448 9.58550198E+01
    123724.2489 9.65019705E+01
    123729.1533 9.90616574E+01
    123734.0582 1.05336761E+02
    123738.9635 1.09868001E+02
    123743.8691 1.10065400E+02
    123748.7751 1.10049184E+02
    123842.4680 1.09715944E+02
    123847.3758 1.09698442E+02
    123852.2840 1.09666938E+02
    123857.1926 1.08934817E+02
    123862.1015 1.03901874E+02
    123867.0109 9.97380967E+01
    123871.9207 9.85915589E+01
    123876.8308 9.97070186E+01
    123881.7413 1.03837057E+02
    123886.6522 1.08831452E+02
    123891.5635 1.09527690E+02
    123896.4752 1.09524346E+02
    123901.3873 1.09507028E+02
    124793.4524 1.06403757E+02
    125841.0576 1.02898092E+02
    125846.0446 1.02881745E+02
    125851.0320 1.02864365E+02
    125856.0198 1.02790689E+02
    125861.0080 1.01872375E+02
    125865.9966 9.87720096E+01
    125870.9856 9.69609574E+01
    125875.9749 9.87410909E+01
    125880.9647 1.01807932E+02
    125885.9549 1.02692790E+02
    125890.9454 1.02733725E+02
    125895.9364 1.02718444E+02
    125900.9278 1.02702130E+02
    127993.2846 9.61367387E+01
    129994.0580 9.03413470E+01
    132620.2005 8.33906298E+01
    136020.7185 7.53403114E+01
    139508.4292 6.80656711E+01
    141797.3652 6.37641598E+01
    141802.9845 6.37540135E+01
    141808.6043 6.37421064E+01
    141814.2245 6.36354201E+01
    141819.8452 6.23169901E+01
    141825.4663 5.95691346E+01
    141831.0879 5.86024908E+01
    141836.7099 5.95505554E+01
    141842.3324 6.22777492E+01
    141847.9553 6.35747838E+01
    141853.5787 6.36610732E+01
    141859.2025 6.36527177E+01
    141864.8267 6.36426048E+01
    143085.5684 6.14921329E+01
    146754.4291 5.55522733E+01
    150517.3632 5.01851372E+01
    152562.4708 4.75389573E+01
    155644.5409 4.38743335E+01
    159635.4265 3.96336586E+01
    162052.8163 3.73123882E+01
    162059.2383 3.73063864E+01
    162065.6609 3.72891926E+01
    162072.0840 3.67896680E+01
    162078.5075 3.48615378E+01
    162084.9316 3.37304536E+01
    162091.3562 3.34319410E+01
    162097.7813 3.37199033E+01
    162104.2070 3.48397402E+01
    162110.6331 3.67548177E+01
    162117.0597 3.72417480E+01
    162123.4869 3.72470506E+01
    162129.9145 3.72411851E+01
    163728.6426 3.58021668E+01
    164078.4765 3.54965788E+01
    164084.9788 3.54909286E+01
    164091.4816 3.54850847E+01
    164097.9850 3.54686523E+01
    164104.4889 3.52873101E+01
    164110.9933 3.45885924E+01
    164117.4982 3.40987009E+01
    164124.0036 3.45776884E+01
    164130.5095 3.52648989E+01
    164137.0160 3.54347952E+01
    164143.5230 3.54399221E+01
    164150.0305 3.54344749E+01
    164156.5385 3.54288343E+01
    167926.8129 3.23404553E+01
    168766.4329 3.16989782E+01
    168773.1210 3.16939190E+01
    168779.8097 3.16865092E+01
    168786.4989 3.15567999E+01
    168793.1886 3.03863899E+01
    168799.8788 2.91703667E+01
    168806.5696 2.88436722E+01
    168813.2608 2.91612457E+01
    168819.9527 3.03673444E+01
    168826.6450 3.15267336E+01
    168833.3379 3.16461744E+01
    168840.0313 3.16434945E+01
    168846.7253 3.16384688E+01
    172232.6287 2.92129072E+01
    176648.8499 2.63873282E+01
    176936.3567 2.62154536E+01
    180510.8285 2.41917167E+01
    185139.3113 2.18511011E+01
    186107.5312 2.13977211E+01
    186114.9065 2.13943109E+01
    186122.2824 2.13905751E+01
    186129.6589 2.13691812E+01
    186137.0360 2.10971996E+01
    186144.4137 2.03370470E+01
    186151.7919 1.99865346E+01
    186159.1708 2.03306752E+01
    186166.5502 2.10838386E+01
    186173.9302 2.13487707E+01
    186181.3108 2.13633270E+01
    186188.6919 2.13602500E+01
    186196.0737 2.13568480E+01
    189886.4731 1.97366043E+01
    190574.1119 1.94518540E+01
    190581.6643 1.94486232E+01
    190589.2172 1.94228250E+01
    190596.7707 1.88066539E+01
    190604.3249 1.77918981E+01
    190611.8796 1.73700452E+01
    190619.4349 1.72568231E+01
    190626.9908 1.73645995E+01
    190634.5474 1.77807534E+01
    190642.1045 1.87889311E+01
    190649.6622 1.93981002E+01
    190657.2206 1.94176552E+01
    190664.7795 1.94146920E+01
    194755.3570 1.78264221E+01
    199749.0841 1.61008479E+01
    203115.7156 1.50541265E+01
    203115.7156 1.50541265E+01
    207219.0633 1.38907639E+01
    207219.0633 1.38907639E+01
    217334.6796 1.14670508E+01
    223262.9833 1.02901444E+01
    223271.8311 1.02885010E+01
    223280.6795 1.02864180E+01
    223289.5287 1.02609614E+01
    223298.3786 9.98210804E+00
    223307.2292 9.58261313E+00
    223316.0805 9.47170252E+00
    223324.9324 9.57961022E+00
    223333.7851 9.97582022E+00
    223342.6385 1.02511583E+01
    223351.4926 1.02733005E+01
    223351.8261 1.02732554E+01
    223360.3474 1.02720923E+01
    223360.6774 1.02720309E+01
    223369.2029 1.02685711E+01
    223369.5294 1.02684388E+01
    223378.3821 1.01734777E+01
    223387.2355 9.70230727E+00
    223396.0896 9.40550618E+00
    223404.9444 9.32781105E+00
    223413.7999 9.40255567E+00
    223422.6561 9.69622197E+00
    223431.5130 1.01637986E+01
    223440.3706 1.02553455E+01
    223449.2290 1.02556615E+01
    223458.0880 1.02540365E+01
    228488.5903 9.37528302E+00
    238623.7458 7.87258983E+00
    238633.2023 7.87133364E+00
    238642.6596 7.87001212E+00
    238652.1176 7.86513069E+00
    238661.5764 7.80656537E+00
    238671.0359 7.60593467E+00
    238680.4961 7.48673101E+00
    238689.9572 7.60353822E+00
    238699.4189 7.80160163E+00
    238708.8814 7.85760594E+00
    238718.3447 7.85997233E+00
    238727.8087 7.85878375E+00
    238737.2735 7.85752996E+00
    240849.3033 7.58380147E+00
    254623.8759 6.06226650E+00
    270069.6062 4.78221503E+00
    277968.2425 4.25792568E+00
    277979.2582 4.25722761E+00
    277990.2748 4.25336158E+00
    278001.2922 4.15103392E+00
    278012.3106 3.95070833E+00
    278023.3298 3.86442241E+00
    278034.3499 3.84035286E+00
    278045.3708 3.86320747E+00
    278056.3926 3.94822632E+00
    278067.4153 4.14710619E+00
    278078.4389 4.24793469E+00
    278089.4634 4.25043525E+00
    278100.4887 4.24977479E+00
    287510.2561 3.71658837E+00
    288243.3443 3.67865110E+00
    288254.7672 3.67806329E+00
    288266.1910 3.67738711E+00
    288277.6157 3.67195349E+00
    288289.0414 3.60576037E+00
    288300.4679 3.47084822E+00
    288311.8953 3.42599184E+00
    288323.3237 3.46975862E+00
    288334.7529 3.60347768E+00
    288346.1831 3.66843917E+00
    288357.6141 3.67269195E+00
    288369.0461 3.67219413E+00
    288380.4790 3.67160810E+00
    298324.5027 3.20283180E+00
    298336.3251 3.20231824E+00
    298348.1484 3.20142799E+00
    298359.9727 3.18179856E+00
    298371.7980 3.05525326E+00
    298383.6241 2.96514244E+00
    298395.4512 2.94188812E+00
    298407.2793 2.96421044E+00
    298419.1083 3.05333252E+00
    298430.9382 3.17876184E+00
    298442.7690 3.19734026E+00
    298454.6008 3.19720759E+00
    298466.4336 3.19669902E+00
    307358.9932 2.84001555E+00
    330151.5405 2.12866249E+00
    356595.2576 1.56031117E+00
    387643.8622 1.11434689E+00
    424614.9104 7.71753007E-01
    469381.5923 5.15123857E-01
    524700.1509 3.28664875E-01
    594799.7580 1.98195054E-01
    686518.1466 1.11148271E-01
    811679.4863 5.65733445E-02
    992653.3174 2.51320439E-02
   1277483.9231 9.09440453E-03
   1791548.4107 2.33002367E-03
   2997925.1058 2.93698037E-04
