       187.3703 6.54126614E+02
       199.2100 1.01818593E+02
       212.6469 1.02263309E+01
       228.0275 6.40764915E-01
       245.8065 3.17843208E-02
       266.5925 6.69811289E-03
       291.2185 2.48933728E-02
       320.8572 2.25880339E-01
       357.2123 2.52283290E+00
       402.8588 2.99524033E+01
       461.8803 3.54726170E+02
       485.5945 8.02103722E+02
       511.8757 1.80246310E+03
       541.1644 4.02042649E+03
       574.0083 8.89055870E+03
       611.0964 1.94672255E+04
       653.3082 4.21512559E+04
       701.7844 9.01043419E+04
       758.0311 1.89755362E+05
       824.0796 3.92539465E+05
       828.9709 4.11571164E+05
       839.5249 4.55125417E+05
       839.8831 4.56664528E+05
       853.7673 5.19504241E+05
       859.4983 5.47294590E+05
       860.0664 5.50109727E+05
       860.7716 5.53619630E+05
       861.6620 5.58075512E+05
       862.8089 5.63854583E+05
       864.3215 5.71545210E+05
       864.6370 5.73159345E+05
       865.4227 5.77193583E+05
       866.3743 5.82108646E+05
       869.2605 5.97208399E+05
       869.5401 5.98686921E+05
       872.9357 6.16858167E+05
       873.5049 6.19944210E+05
       873.5127 6.19986323E+05
       874.2289 6.23885963E+05
       875.1333 6.28835775E+05
       876.2981 6.35254050E+05
       877.8343 6.43792880E+05
       879.9192 6.55516876E+05
       880.0929 6.56500878E+05
       882.8505 6.72266714E+05
       886.7999 6.95329111E+05
       887.1613 6.97467904E+05
       887.3861 6.98800633E+05
       888.1137 7.03127685E+05
       889.0324 7.08618999E+05
       890.2158 7.15737755E+05
       891.2978 7.22292580E+05
       891.7764 7.25205635E+05
       893.8740 7.38074928E+05
       893.8943 7.38200198E+05
       893.8985 7.38226079E+05
       894.4894 7.41881058E+05
       895.2228 7.46436353E+05
       896.1489 7.52216636E+05
       896.8722 7.56753671E+05
       897.3417 7.59708881E+05
       898.9148 7.69671628E+05
       900.6140 7.80538303E+05
       901.0497 7.83342638E+05
       901.1117 7.83742013E+05
       901.2515 7.84643603E+05
       901.3683 7.85397474E+05
       901.7073 7.87588019E+05
       902.4467 7.92380699E+05
       902.7365 7.94265049E+05
       903.3802 8.00186572E+05
       904.0514 8.06400885E+05
       904.5826 8.11347694E+05
       904.7621 8.13024597E+05
       905.2544 8.17639147E+05
       905.3601 8.18632990E+05
       906.1025 8.25639238E+05
       906.1684 8.26263888E+05
       907.0398 8.34555317E+05
       908.0936 8.44673551E+05
       908.2471 8.46155578E+05
       908.3206 8.46865677E+05
       908.4422 8.48042083E+05
       908.4658 8.48270124E+05
       909.0426 8.53867023E+05
       909.7880 8.61138887E+05
       909.8393 8.61640550E+05
       910.2935 8.66093456E+05
       910.7292 8.70373710E+05
       910.8952 8.72006752E+05
       911.3465 8.76445782E+05
       911.6421 8.79362595E+05
       911.9414 8.82311875E+05
       912.0002 8.82891393E+05
       912.1523 8.84392327E+05
       912.5851 8.88697600E+05
       912.7552 8.90530037E+05
       913.0846 8.95005524E+05
       913.5037 9.04361456E+05
       913.5401 9.05457304E+05
       913.6881 9.10529622E+05
       913.7998 9.15036172E+05
       914.0188 9.25987139E+05
       914.4373 9.55757584E+05
       914.4487 9.56742395E+05
       914.4866 9.60107912E+05
       914.6230 9.72560284E+05
       914.9549 1.00826893E+06
       915.0384 1.01710840E+06
       915.0911 1.02289736E+06
       915.1892 1.03338568E+06
       915.3729 1.04207358E+06
       915.3745 1.04214385E+06
       915.3833 1.04254850E+06
       915.4018 1.04337641E+06
       915.4237 1.04436073E+06
       915.5410 1.02849267E+06
       915.5597 1.01896592E+06
       915.6583 9.70028021E+05
       915.6658 9.62294410E+05
       915.7097 9.20213081E+05
       915.7169 9.13740656E+05
       915.7756 8.48690656E+05
       915.7942 8.41458499E+05
       915.7965 8.40441342E+05
       915.8049 8.36725323E+05
       915.8343 8.35521280E+05
       915.8414 8.35865777E+05
       915.8636 8.36803908E+05
       915.8929 8.49855928E+05
       915.9516 9.19004866E+05
       916.0103 9.80596001E+05
       916.0288 9.90990562E+05
       916.1277 1.02469411E+06
       916.1461 1.02425695E+06
       916.2452 9.64948635E+05
       916.2635 9.52399286E+05
       916.3104 8.84190748E+05
       916.3198 8.71820031E+05
       916.3222 8.68832524E+05
       916.3809 7.70313580E+05
       916.4102 7.48400234E+05
       916.4396 7.47921284E+05
       916.4690 7.52018432E+05
       916.4802 7.61745842E+05
       916.4983 7.77530357E+05
       916.5451 8.61901785E+05
       916.5570 8.86361156E+05
       916.6017 9.56518729E+05
       916.6158 9.81807255E+05
       916.7153 1.07798840E+06
       916.7333 1.09772648E+06
       916.7799 1.11562413E+06
       916.7888 1.11477632E+06
       916.8508 1.10801859E+06
       916.8973 1.08836188E+06
       917.0148 9.42984057E+05
       917.0735 8.24422295E+05
       917.0859 7.90242530E+05
       917.1323 6.90548382E+05
       917.1617 6.50943561E+05
       917.1859 6.48989944E+05
       917.1910 6.48567499E+05
       917.2204 6.52253852E+05
       917.2498 6.93566670E+05
       917.2583 7.09645142E+05
       917.2710 7.36036852E+05
       917.3086 8.34686060E+05
       917.3212 8.58899571E+05
       917.3674 9.69656660E+05
       917.4850 1.16797363E+06
       917.4932 1.17501538E+06
       917.5395 1.20440990E+06
       917.5758 1.22870308E+06
       917.6026 1.24742753E+06
       917.6569 1.24930921E+06
       917.7282 1.25134988E+06
       917.7921 1.19738180E+06
       917.8379 1.16277540E+06
       917.8458 1.15576168E+06
       917.9634 9.27115145E+05
       918.0091 8.03714309E+05
       918.0222 7.77823744E+05
       918.0734 6.37212077E+05
       918.0810 6.23215149E+05
       918.1104 5.67132065E+05
       918.1398 5.60695379E+05
       918.1693 5.67543794E+05
       918.1724 5.72892337E+05
       918.1987 6.24184101E+05
       918.2086 6.42756178E+05
       918.2575 7.81748004E+05
       918.2635 7.93512993E+05
       918.3164 9.38903962E+05
       918.4341 1.20535613E+06
       918.4792 1.26620872E+06
       918.5447 1.36866489E+06
       918.5518 1.38140556E+06
       918.6005 1.40690698E+06
       918.7144 1.47302815E+06
       918.7603 1.47115402E+06
       918.7874 1.47003013E+06
       918.9498 1.38694922E+06
       919.0164 1.26720464E+06
       919.0231 1.25718152E+06
       919.0675 1.19508560E+06
       919.1480 9.68724277E+05
       919.1852 9.07304740E+05
       919.2077 8.27873961E+05
       919.2441 7.42196570E+05
       919.3030 5.77592270E+05
       919.3325 5.06864745E+05
       919.3619 4.93393485E+05
       919.3914 5.07172999E+05
       919.4208 5.78334225E+05
       919.4496 6.37513914E+05
       919.4797 7.44746762E+05
       919.4949 7.76187011E+05
       919.5063 8.04402806E+05
       919.5387 9.14141495E+05
       919.5460 9.25504778E+05
       919.6184 1.08348447E+06
       919.6550 1.21760678E+06
       919.6565 1.22447512E+06
       919.7744 1.46864992E+06
       919.9614 1.68462051E+06
       919.9671 1.69332043E+06
       920.0103 1.76386705E+06
       920.0893 1.80258013E+06
       920.1538 1.80310607E+06
       920.2463 1.80348964E+06
       920.3250 1.77533811E+06
       920.3893 1.64483199E+06
       920.5607 1.42895701E+06
       920.6326 1.22960819E+06
       920.6787 1.14909802E+06
       920.7187 9.85221521E+05
       920.7966 8.26812110E+05
       920.8556 6.64700070E+05
       920.9083 5.39209296E+05
       920.9131 5.32351890E+05
       920.9146 5.30200970E+05
       920.9441 4.89333791E+05
       920.9736 4.74635934E+05
       920.9736 4.74635837E+05
       921.0031 4.89612844E+05
       921.0326 5.30814717E+05
       921.0916 6.66354611E+05
       921.1507 8.30341213E+05
       921.1916 8.99203820E+05
       921.2688 1.16238979E+06
       921.3310 1.28736980E+06
       921.3869 1.47056612E+06
       921.4429 1.54170512E+06
       921.6232 1.95457611E+06
       921.8025 2.15221147E+06
       921.8596 2.21979078E+06
       921.8609 2.21988583E+06
       922.0519 2.23182979E+06
       922.1388 2.23681325E+06
       922.2746 2.24150868E+06
       922.3328 2.16806929E+06
       922.5108 1.97346128E+06
       922.5126 1.96605084E+06
       922.7471 1.48462664E+06
       922.7730 1.38397119E+06
       922.8065 1.28835354E+06
       922.8080 1.28477615E+06
       922.8653 1.17389057E+06
       922.9835 8.28120984E+05
       923.0426 6.50676714E+05
       923.0880 5.20083035E+05
       923.1018 4.99576188E+05
       923.1314 4.52398704E+05
       923.1609 4.35008690E+05
       923.1905 4.52655435E+05
       923.2201 5.00147586E+05
       923.2464 5.44475566E+05
       923.2792 6.52192546E+05
       923.3384 8.31077534E+05
       923.3476 8.44017436E+05
       923.4555 1.17333481E+06
       923.4568 1.18198511E+06
       923.5752 1.50334229E+06
       923.7554 1.83728894E+06
       923.7626 1.85925751E+06
       923.8120 2.04883460E+06
       923.9579 2.25411084E+06
       924.0490 2.45078673E+06
       924.4003 2.73273309E+06
       924.5233 2.85392992E+06
       924.7062 2.86789785E+06
       924.7155 2.86850579E+06
       924.8734 2.87833688E+06
       924.9922 2.75988528E+06
       924.9982 2.75454277E+06
       925.1279 2.63599363E+06
       925.3470 2.48485165E+06
       925.5840 2.07982992E+06
       925.6721 1.78412393E+06
       925.8211 1.53811718E+06
       925.9397 1.21171928E+06
       925.9493 1.14549678E+06
       926.0583 8.43892278E+05
       926.1176 6.49136703E+05
       926.1770 4.78784287E+05
       926.2066 4.23305050E+05
       926.2363 4.02197485E+05
       926.2660 4.23546896E+05
       926.2957 4.79334600E+05
       926.3550 6.50639281E+05
       926.4144 8.46796069E+05
       926.5172 1.11580555E+06
       926.5331 1.21884522E+06
       926.6137 1.40045353E+06
       926.6519 1.55212930E+06
       926.8896 2.12212277E+06
       926.9024 2.13833926E+06
       926.9042 2.14070972E+06
       927.0170 2.31656085E+06
       927.0285 2.33872580E+06
       927.1274 2.58759993E+06
       927.1808 2.63204273E+06
       927.6033 3.24946740E+06
       927.7936 3.37388620E+06
       927.9645 3.51200883E+06
       928.0797 3.60265974E+06
       928.5291 3.63862277E+06
       928.5544 3.64049057E+06
       928.8144 3.65897028E+06
       928.9139 3.66485754E+06
       929.0340 3.56338779E+06
       929.3894 3.30631231E+06
       929.5149 3.02977757E+06
       929.8653 2.62748197E+06
       929.9902 2.33731901E+06
       930.1034 2.17290699E+06
       930.2920 1.67544193E+06
       930.3417 1.60921103E+06
       930.4609 1.26901450E+06
       930.5801 8.75148441E+05
       930.6397 6.58819401E+05
       930.6993 4.65475541E+05
       930.7291 3.99488012E+05
       930.7344 3.94295654E+05
       930.7521 3.78640546E+05
       930.7590 3.73276199E+05
       930.7888 3.99717669E+05
       930.8186 4.66014274E+05
       930.8782 6.60343996E+05
       930.9379 8.78124169E+05
       931.0459 1.18902996E+06
       931.0572 1.27602175E+06
       931.1766 1.62171231E+06
       931.4154 2.20170306E+06
       931.6543 2.68387365E+06
       931.6613 2.69010675E+06
       931.9087 2.97712271E+06
       932.1326 3.48879125E+06
       932.1910 3.54079211E+06
       932.3838 3.74806791E+06
       932.4252 3.80276939E+06
       932.6113 4.12526808E+06
       933.3898 4.68982735E+06
       933.5703 4.90525622E+06
       933.8350 4.99547101E+06
       934.0977 5.08809826E+06
       934.5212 5.07854875E+06
       934.5312 5.07827173E+06
       934.5982 5.06145932E+06
       934.6322 5.05298153E+06
       935.0540 4.95367676E+06
       935.6150 4.33486822E+06
       936.0123 4.08675441E+06
       936.2706 3.66956108E+06
       936.4590 3.47890537E+06
       936.4921 3.45062056E+06
       936.9725 2.66452217E+06
       937.2128 2.16739077E+06
       937.4533 1.54308489E+06
       937.5736 1.15429366E+06
       937.6939 6.84632852E+05
       937.7117 5.55090008E+05
       937.7541 4.60338942E+05
       937.8143 3.45733856E+05
       937.8745 4.60875801E+05
       937.9347 6.86217070E+05
       938.0551 1.15934682E+06
       938.1755 1.55289102E+06
       938.3132 1.79152382E+06
       938.3948 2.06980379E+06
       938.4165 2.18996167E+06
       938.4943 2.30584860E+06
       938.6576 2.70413276E+06
       938.7886 2.83931364E+06
       938.8737 2.94809980E+06
       939.1402 3.54305061E+06
       939.4942 4.00052587E+06
       939.6232 4.28669146E+06
       940.2646 4.96484245E+06
       940.5909 5.71845020E+06
       941.2372 6.41441570E+06
       941.5605 6.97281489E+06
       941.6208 7.00879790E+06
       942.1360 7.34789822E+06
       942.2904 7.44120152E+06
       942.4901 7.56414856E+06
       943.5058 8.33150096E+06
       944.0592 8.42981377E+06
       944.1423 8.35441272E+06
       944.5872 7.99532101E+06
       944.5883 7.99451653E+06
       945.4592 7.44117331E+06
       945.9902 7.14326290E+06
       946.2185 6.67321132E+06
       946.3846 6.41315583E+06
       946.8341 5.90827484E+06
       946.9586 5.80201166E+06
       947.4600 4.85439076E+06
       947.9291 4.44613840E+06
       948.2368 3.92219079E+06
       948.4150 3.73871281E+06
       948.9015 2.89772949E+06
       949.1449 2.36626160E+06
       949.2178 2.03958407E+06
       949.3885 1.69709192E+06
       949.3902 1.68457122E+06
       949.5103 1.27253731E+06
       949.5374 9.59841761E+05
       949.6322 7.31995538E+05
       949.6931 4.64927034E+05
       949.7540 3.19892100E+05
       949.8150 4.65469908E+05
       949.8760 7.33678086E+05
       949.9979 1.27799631E+06
       950.1199 1.70754892E+06
       950.3639 2.38955005E+06
       950.4812 2.58743648E+06
       950.6081 2.93683955E+06
       951.0968 3.81807608E+06
       951.5860 4.58162693E+06
       952.1475 5.17333182E+06
       952.5660 6.15758074E+06
       953.3541 7.45299482E+06
       953.5480 8.06681758E+06
       953.7332 8.26169649E+06
       954.1738 8.80939369E+06
       954.4088 9.16892190E+06
       955.5180 1.23167475E+07
       957.4962 1.57487450E+07
       957.5883 1.58241731E+07
       958.3729 1.64960148E+07
       959.1158 1.67896019E+07
       961.3819 1.76419147E+07
       961.4773 1.76738268E+07
       962.2640 1.75062150E+07
       963.0580 1.73290675E+07
       963.1670 1.71158505E+07
       963.8037 1.60251364E+07
       964.5940 1.49537319E+07
       965.4177 1.40719451E+07
       965.4917 1.37881740E+07
       965.5918 1.34302694E+07
       966.8770 1.06792722E+07
       967.7891 9.68965226E+06
       968.5720 8.11686321E+06
       968.8085 7.83241591E+06
       968.9791 7.65815511E+06
       969.5462 6.44647300E+06
       970.1721 5.82854068E+06
       970.7697 4.93788999E+06
       970.8724 4.65757520E+06
       971.3680 3.96435922E+06
       971.6675 3.38139314E+06
       971.9671 2.65615487E+06
       972.1170 2.20583595E+06
       972.2669 1.65644436E+06
       972.3419 1.30461822E+06
       972.4169 8.79940909E+05
       972.4544 6.63665833E+05
       972.4919 4.64569973E+05
       972.5106 3.73942258E+05
       972.5294 3.21790056E+05
       972.5388 3.07140008E+05
       972.5481 3.02879147E+05
       972.5575 3.07192435E+05
       972.5669 3.21900529E+05
       972.5856 3.74202920E+05
       972.6044 4.65051734E+05
       972.6419 6.64797619E+05
       972.6794 8.82019970E+05
       972.7545 1.30919125E+06
       972.8295 1.66406420E+06
       972.9797 2.22066641E+06
       973.1299 2.67957000E+06
       973.4304 3.42505453E+06
       973.6218 3.74904415E+06
       973.7311 4.03173527E+06
       974.1067 4.51536974E+06
       974.3331 5.06365121E+06
       974.9358 6.03210564E+06
       976.1435 8.12458473E+06
       977.3542 1.06976083E+07
       978.8631 1.36399518E+07
       979.7847 1.82600206E+07
       980.0733 1.90330376E+07
       980.3428 1.98482076E+07
       980.7211 2.11783925E+07
       981.5253 2.50966244E+07
       981.8899 2.76483930E+07
       982.2272 3.07075083E+07
       982.5407 3.18491956E+07
       983.8484 3.79007873E+07
       985.5732 5.14783009E+07
       986.2978 6.09719790E+07
       987.1490 7.80653828E+07
       987.9139 8.56539648E+07
       991.2050 1.40512448E+08
       991.3125 1.43310163E+08
       992.1204 1.64218787E+08
       993.6498 1.79690416E+08
       996.0449 1.86386323E+08
       998.8548 1.94640584E+08
      1002.2149 2.04018517E+08
      1002.5306 2.02351349E+08
      1003.6385 1.77481535E+08
      1008.2353 1.17058247E+08
      1012.5169 5.44637569E+07
      1014.0054 4.65341822E+07
      1016.4163 2.81116119E+07
      1016.9153 2.63631367E+07
      1019.1280 1.60677751E+07
      1019.8419 1.48713977E+07
      1021.3115 1.12358013E+07
      1022.7854 8.40296061E+06
      1023.5239 7.12753431E+06
      1024.2635 5.78818142E+06
      1024.6337 5.00361320E+06
      1025.0042 4.02796554E+06
      1025.1896 3.41303888E+06
      1025.3750 2.65225551E+06
      1025.4677 2.15669427E+06
      1025.5604 1.49486056E+06
      1025.6068 1.11052289E+06
      1025.6532 7.30804716E+05
      1025.6764 5.28763415E+05
      1025.6861 4.54460846E+05
      1025.6996 3.96775014E+05
      1025.7112 3.62239626E+05
      1025.7228 3.46902233E+05
      1025.7286 3.43006224E+05
      1025.7344 3.41896560E+05
      1025.7402 3.43039592E+05
      1025.7460 3.46969747E+05
      1025.7576 3.62380263E+05
      1025.7692 3.97006794E+05
      1025.7924 5.29280552E+05
      1025.8156 7.31804200E+05
      1025.8620 1.11281466E+06
      1025.9084 1.49892225E+06
      1026.0012 2.16504140E+06
      1026.0940 2.66548118E+06
      1026.2798 3.43775734E+06
      1026.4656 4.06598464E+06
      1026.8373 5.07224237E+06
      1027.2094 5.89196519E+06
      1027.9544 7.31519342E+06
      1028.7004 8.69521473E+06
      1030.1957 1.18206926E+07
      1031.6953 1.59144016E+07
      1033.7697 2.18325215E+07
      1034.7078 2.92641506E+07
      1037.7378 5.37349831E+07
      1040.2157 7.20818719E+07
      1043.8515 1.51774246E+08
      1045.2595 1.73164257E+08
      1050.0377 3.15610624E+08
      1053.4592 3.76935075E+08
      1055.9338 4.34986112E+08
      1062.6327 6.89411295E+08
      1067.3943 7.67154398E+08
      1072.0610 8.56315976E+08
      1075.5335 9.32343682E+08
      1079.5599 9.55206697E+08
      1093.3043 1.03523886E+09
      1099.5497 1.07553944E+09
      1102.2981 1.08772040E+09
      1103.2409 1.08551811E+09
      1112.6384 1.07000485E+09
      1127.7433 1.03148644E+09
      1130.4288 1.02483254E+09
      1136.7299 9.93587495E+08
      1154.9857 8.61505983E+08
      1156.6598 8.39340169E+08
      1161.8877 7.99752946E+08
      1174.8889 6.05505524E+08
      1186.3178 3.65215333E+08
      1188.1844 3.31104494E+08
      1191.2293 2.58158751E+08
      1194.9456 1.92761775E+08
      1201.7842 8.64337120E+07
      1205.2329 5.23179153E+07
      1208.7015 3.15725936E+07
      1210.4433 2.49402992E+07
      1212.1901 1.93698343E+07
      1213.0654 1.70826259E+07
      1213.9420 1.47944087E+07
      1214.3807 1.33383604E+07
      1214.8198 1.13763033E+07
      1215.0395 1.00313686E+07
      1215.2592 8.16179974E+06
      1215.3691 6.64557201E+06
      1215.4790 4.30257972E+06
      1215.5340 3.03907319E+06
      1215.5890 1.81158282E+06
      1215.6164 1.32789718E+06
      1215.6439 1.17679306E+06
      1215.6577 1.19014088E+06
      1215.6714 1.20818864E+06
      1215.6783 1.21311918E+06
      1215.6852 1.21494154E+06
      1215.6920 1.21321297E+06
      1215.6989 1.20837515E+06
      1215.7127 1.19050491E+06
      1215.7264 1.17732937E+06
      1215.7539 1.32896758E+06
      1215.7814 1.81367565E+06
      1215.8364 3.04404010E+06
      1215.8914 4.31174166E+06
      1216.0014 6.66500739E+06
      1216.1114 8.19173456E+06
      1216.3316 1.00868287E+07
      1216.5518 1.14652020E+07
      1216.7362 1.20856855E+07
      1216.9924 1.35125910E+07
      1217.4334 1.50542464E+07
      1218.3163 1.75598783E+07
      1219.2004 1.99745515E+07
      1220.9726 2.57625143E+07
      1222.7500 3.30343289E+07
      1226.3203 5.18679757E+07
      1229.9115 7.24002779E+07
      1237.1574 2.10256441E+08
      1244.4892 3.89170807E+08
      1247.9345 4.38394562E+08
      1258.9420 6.09708021E+08
      1259.4165 6.13943181E+08
      1274.7063 6.97686369E+08
      1279.9328 7.11614473E+08
      1306.4274 7.17850589E+08
      1312.7516 7.13702315E+08
      1339.7675 6.90247094E+08
      1346.4119 6.83227229E+08
      1380.9353 6.24765185E+08
      1411.8274 6.13747044E+08
      1416.3439 6.12762140E+08
      1452.6604 5.74649225E+08
      1489.9081 5.33914394E+08
      1492.0794 5.31632320E+08
      1528.1109 4.96129870E+08
      1567.2932 4.61148857E+08
      1607.4802 4.28792677E+08
      1648.6977 3.98853457E+08
      1690.9720 3.71093409E+08
      1734.3302 3.45346549E+08
      1778.8002 3.21452360E+08
      1824.4105 2.99263948E+08
      1871.1903 2.78647564E+08
      1919.1695 2.59481550E+08
      1968.3790 2.41655212E+08
      2018.8502 2.25067578E+08
      2070.6156 2.09626525E+08
      2123.7083 1.95247987E+08
      2178.1624 1.81854804E+08
      2234.0127 1.69376174E+08
      2291.2951 1.57699888E+08
      2350.0462 1.46865433E+08
      2410.3038 1.36764790E+08
      2472.1065 1.27347026E+08
      2535.4938 1.18565035E+08
      2600.5065 1.10375251E+08
      2667.1862 1.02737185E+08
      2735.5755 9.56135452E+07
      2805.7185 8.89695685E+07
      2877.6600 8.27729740E+07
      2951.4462 7.69937494E+07
      3027.1243 7.16039770E+07
      3104.7428 6.65776505E+07
      3184.3516 6.18906108E+07
      3266.0017 5.75203321E+07
      3321.7202 5.47525007E+07
      3330.6396 5.43297662E+07
      3341.7623 5.38099765E+07
      3349.7453 5.34418392E+07
      3355.8864 5.31547463E+07
      3374.2115 5.23130038E+07
      3398.6118 5.12255170E+07
      3411.7037 5.06570314E+07
      3420.8648 5.02652380E+07
      3432.1566 4.97889419E+07
      3432.2888 4.97834051E+07
      3435.6362 4.96436006E+07
      3446.7956 4.91712130E+07
      3465.6171 4.83908858E+07
      3480.1785 4.78007939E+07
      3490.6784 4.73823164E+07
      3506.6983 4.67549580E+07
      3510.3334 4.66144373E+07
      3516.1144 4.63922481E+07
      3523.7294 4.61021075E+07
      3525.1318 4.60477832E+07
      3527.8565 4.59425113E+07
      3542.7672 4.53732482E+07
      3556.2073 4.48697522E+07
      3562.1128 4.46513417E+07
      3565.7564 4.45173951E+07
      3575.1219 4.41760042E+07
      3577.6643 4.40840032E+07
      3587.8719 4.37176182E+07
      3592.7854 4.35429162E+07
      3607.1343 4.30388205E+07
      3612.4042 4.28559686E+07
      3614.0815 4.27979736E+07
      3615.3355 4.27647547E+07
      3616.8202 4.27254358E+07
      3623.2846 4.25546337E+07
      3625.0726 4.25074658E+07
      3628.8986 4.24066406E+07
      3633.1488 4.22948778E+07
      3638.5269 4.21538679E+07
      3642.9044 4.20392776E+07
      3644.2363 4.20044640E+07
      3655.0700 4.17220458E+07
      3659.5412 4.16059277E+07
      3664.1360 4.14869124E+07
      3669.3677 4.13513872E+07
      3670.5183 4.13216226E+07
      3672.8817 4.12603493E+07
      3674.4397 4.12199919E+07
      3675.3909 4.11952736E+07
      3681.6216 4.10335711E+07
      3682.7440 4.10044854E+07
      3686.3198 4.09119355E+07
      3690.5615 4.08027242E+07
      3690.6328 4.08008769E+07
      3693.0758 4.07374334E+07
      3695.0426 4.06864689E+07
      3696.2183 4.06559361E+07
      3697.1822 4.06308648E+07
      3699.8566 4.05610971E+07
      3702.9924 4.04796432E+07
      3703.2564 4.04727680E+07
      3706.6624 4.03837745E+07
      3706.7502 4.03814568E+07
      3708.3677 4.03151468E+07
      3708.5618 4.03071136E+07
      3709.7914 4.02559549E+07
      3710.0747 4.02440870E+07
      3710.6599 4.02193225E+07
      3710.9287 4.02078232E+07
      3711.7832 4.01714145E+07
      3712.2105 4.01536715E+07
      3712.6380 4.01363374E+07
      3712.8518 4.01273099E+07
      3713.0656 4.01177758E+07
      3713.2003 4.01130186E+07
      3713.2794 4.01101678E+07
      3713.4932 4.01019492E+07
      3713.9210 4.00847927E+07
      3714.3489 4.00680460E+07
      3715.2049 4.00354798E+07
      3715.3586 4.00296554E+07
      3716.0613 4.00026008E+07
      3716.6155 3.99810753E+07
      3717.2494 3.99558321E+07
      3717.3709 3.99509406E+07
      3717.7753 3.99344198E+07
      3718.3254 3.99117048E+07
      3719.4909 3.98624144E+07
      3720.0369 3.98392141E+07
      3720.8932 3.98021498E+07
      3721.7500 3.97655331E+07
      3722.1785 3.97479529E+07
      3722.1803 3.97478820E+07
      3722.6071 3.97308469E+07
      3722.8215 3.97216449E+07
      3722.9269 3.97166417E+07
      3723.0358 3.97114401E+07
      3723.2502 3.97050054E+07
      3723.4647 3.96975996E+07
      3723.8936 3.96814937E+07
      3724.2362 3.96694305E+07
      3724.3226 3.96662971E+07
      3725.1809 3.96365665E+07
      3725.6006 3.96222272E+07
      3726.0396 3.96064456E+07
      3726.3692 3.95943108E+07
      3726.8131 3.95779500E+07
      3727.0598 3.95688734E+07
      3727.6646 3.95464957E+07
      3727.7582 3.95430188E+07
      3729.0272 3.94946728E+07
      3729.4784 3.94764611E+07
      3730.7428 3.94244743E+07
      3730.9223 3.94166826E+07
      3731.0617 3.94104088E+07
      3732.4600 3.93450535E+07
      3732.9236 3.93226436E+07
      3733.2729 3.93055684E+07
      3733.3192 3.93033041E+07
      3733.8997 3.92755748E+07
      3734.1788 3.92622952E+07
      3734.6088 3.92432079E+07
      3735.0388 3.92262986E+07
      3735.2539 3.92168112E+07
      3735.4690 3.92056295E+07
      3735.6841 3.92012176E+07
      3735.8992 3.91951091E+07
      3736.3296 3.91808277E+07
      3736.3752 3.91795413E+07
      3736.7600 3.91685460E+07
      3737.6212 3.91467665E+07
      3737.9123 3.91397549E+07
      3738.4828 3.91241129E+07
      3740.2023 3.90744153E+07
      3740.2071 3.90742763E+07
      3741.3470 3.90391397E+07
      3741.9331 3.90184893E+07
      3743.2974 3.89676360E+07
      3744.2528 3.89323801E+07
      3744.5728 3.89201202E+07
      3744.7881 3.89111895E+07
      3745.3898 3.88828415E+07
      3746.5110 3.88285052E+07
      3748.2354 3.87376591E+07
      3748.8529 3.87039112E+07
      3749.0983 3.86902744E+07
      3749.4780 3.86698495E+07
      3749.9615 3.86439723E+07
      3750.2454 3.86310535E+07
      3750.3933 3.86243284E+07
      3750.8251 3.86084550E+07
      3751.0411 3.86019009E+07
      3751.2571 3.85956837E+07
      3751.4355 3.85905676E+07
      3751.4731 3.85892724E+07
      3751.6892 3.85821571E+07
      3752.1213 3.85706893E+07
      3752.5536 3.85630132E+07
      3753.4184 3.85546623E+07
      3753.9392 3.85506479E+07
      3754.1385 3.85488746E+07
      3754.2836 3.85475949E+07
      3755.7982 3.85308623E+07
      3756.0153 3.85284260E+07
      3757.7485 3.85012336E+07
      3757.9021 3.84980254E+07
      3758.3235 3.84869557E+07
      3761.2198 3.83873455E+07
      3761.7770 3.83661883E+07
      3762.7694 3.83177389E+07
      3764.2190 3.82477136E+07
      3764.6975 3.82248961E+07
      3765.2368 3.81975676E+07
      3766.9691 3.80901796E+07
      3768.1789 3.80068364E+07
      3768.7030 3.79711129E+07
      3769.5706 3.79100729E+07
      3770.4385 3.78527215E+07
      3770.8726 3.78295339E+07
      3771.3069 3.77808121E+07
      3771.5240 3.68853004E+07
      3771.6513 3.58673097E+07
      3771.6723 3.57080078E+07
      3771.7412 3.52022687E+07
      3771.9584 3.68744947E+07
      3772.1756 3.77596610E+07
      3772.6101 3.77885221E+07
      3773.0447 3.77918643E+07
      3773.9143 3.78094668E+07
      3774.7842 3.78306849E+07
      3776.5253 3.78699350E+07
      3776.7897 3.78739604E+07
      3778.2681 3.78971072E+07
      3778.2972 3.78972269E+07
      3778.5637 3.78983431E+07
      3778.6729 3.78959315E+07
      3781.2090 3.78393528E+07
      3781.4466 3.78331456E+07
      3781.7583 3.78248004E+07
      3785.1703 3.76997021E+07
      3785.2550 3.76966718E+07
      3785.5015 3.76857146E+07
      3788.9799 3.74114814E+07
      3790.9149 3.72036488E+07
      3792.2678 3.70611493E+07
      3792.4648 3.70395689E+07
      3792.7525 3.70017647E+07
      3794.2096 3.68118469E+07
      3794.9931 3.67034222E+07
      3795.9560 3.65578735E+07
      3796.5772 3.64636604E+07
      3796.8298 3.64255735E+07
      3797.7041 3.63007905E+07
      3798.1413 3.62459935E+07
      3798.5787 3.62036348E+07
      3798.7974 3.61900653E+07
      3799.0162 3.61832750E+07
      3799.2349 3.61844730E+07
      3799.3067 3.61870884E+07
      3799.4537 3.61920541E+07
      3799.8914 3.62220620E+07
      3800.3292 3.62645336E+07
      3801.2050 3.63647085E+07
      3801.7951 3.64371513E+07
      3802.0812 3.64703107E+07
      3803.8349 3.66734604E+07
      3805.5902 3.68651255E+07
      3806.7718 3.69710587E+07
      3806.9373 3.69860658E+07
      3808.8780 3.71646195E+07
      3808.9238 3.71671343E+07
      3809.1057 3.71765241E+07
      3812.6277 3.72508512E+07
      3813.4631 3.72394695E+07
      3815.8586 3.72051621E+07
      3819.4845 3.69064932E+07
      3819.6913 3.68898202E+07
      3822.8648 3.65608393E+07
      3825.4068 3.60990914E+07
      3826.3776 3.59281915E+07
      3826.7810 3.58313684E+07
      3827.7254 3.55976163E+07
      3829.8969 3.50783998E+07
      3831.6589 3.45982526E+07
      3833.4226 3.40997737E+07
      3834.3051 3.38521719E+07
      3835.1879 3.36159043E+07
      3835.6277 3.35086622E+07
      3835.6295 3.35082411E+07
      3835.6788 3.34982487E+07
      3836.0712 3.34189917E+07
      3836.2920 3.33870843E+07
      3836.5129 3.33729951E+07
      3836.7339 3.33888509E+07
      3836.8032 3.33994248E+07
      3836.9548 3.34211385E+07
      3837.3968 3.35099883E+07
      3837.8389 3.36175131E+07
      3838.7234 3.38543316E+07
      3839.6083 3.41037446E+07
      3841.0398 3.45111166E+07
      3841.3793 3.46089734E+07
      3843.1519 3.50959783E+07
      3845.3842 3.56406980E+07
      3846.7021 3.59779945E+07
      3848.4881 3.63298624E+07
      3849.4632 3.65284806E+07
      3850.2588 3.66940238E+07
      3850.8966 3.67720975E+07
      3855.4053 3.70991229E+07
      3856.5725 3.71846965E+07
      3857.3921 3.72452437E+07
      3864.5519 3.72409788E+07
      3864.7539 3.72324980E+07
      3865.0938 3.72182221E+07
      3872.2318 3.59812131E+07
      3876.2153 3.46315826E+07
      3878.9514 3.38111861E+07
      3879.3962 3.36811776E+07
      3881.8672 3.25830638E+07
      3882.9883 3.21309754E+07
      3884.3998 3.14075401E+07
      3884.4610 3.13776036E+07
      3885.8577 3.07221553E+07
      3886.5871 3.04005774E+07
      3888.3890 2.94993624E+07
      3890.1925 2.88910265E+07
      3891.9978 2.94766229E+07
      3893.4586 3.01840842E+07
      3893.8047 3.03607478E+07
      3894.8302 3.08078443E+07
      3897.4236 3.20801766E+07
      3899.2770 3.28477106E+07
      3901.0492 3.36722430E+07
      3907.5447 3.59905565E+07
      3907.8370 3.61105676E+07
      3908.3207 3.63131928E+07
      3909.9696 3.66514427E+07
      3913.9579 3.75440236E+07
      3915.6194 3.79505225E+07
      3922.8011 3.85411933E+07
      3923.4002 3.85918220E+07
      3924.3537 3.85982722E+07
      3930.2988 3.86323371E+07
      3939.3848 3.79948159E+07
      3945.0886 3.65645254E+07
      3945.2408 3.65278549E+07
      3945.7830 3.63988297E+07
      3947.4260 3.60222537E+07
      3952.5892 3.37110915E+07
      3955.5002 3.27144484E+07
      3955.8346 3.25114285E+07
      3959.5497 3.06436744E+07
      3963.6074 2.83556057E+07
      3965.6395 2.71407076E+07
      3967.6735 2.58645988E+07
      3968.6914 2.51872281E+07
      3969.0451 2.49219369E+07
      3969.7097 2.44579410E+07
      3970.2191 2.40614049E+07
      3970.7286 2.36389529E+07
      3970.9834 2.34290343E+07
      3971.2382 2.33012980E+07
      3971.4931 2.34229849E+07
      3971.7480 2.36267932E+07
      3972.2579 2.40368221E+07
      3972.4085 2.41472665E+07
      3972.7679 2.44206245E+07
      3973.7884 2.51240762E+07
      3974.3165 2.54491558E+07
      3974.8093 2.57751434E+07
      3975.0049 2.58781424E+07
      3976.8528 2.69981503E+07
      3978.8985 2.81621342E+07
      3982.9960 3.03658422E+07
      3985.8205 3.16671781E+07
      3987.1020 3.23949503E+07
      3995.3394 3.58056225E+07
      3999.2585 3.68127928E+07
      4003.6110 3.82040613E+07
      4004.3818 3.82889308E+07
      4005.3783 3.83916599E+07
      4007.5854 3.86250042E+07
      4013.5435 3.93192697E+07
      4020.2573 4.02334402E+07
      4023.9476 4.03068948E+07
      4036.5659 4.05606488E+07
      4036.8739 4.05669395E+07
      4037.0425 4.05590967E+07
      4053.3186 3.92760119E+07
      4067.5392 3.61772786E+07
      4069.8977 3.57895874E+07
      4071.0371 3.52750055E+07
      4072.8254 3.45507497E+07
      4076.4073 3.33557899E+07
      4078.2382 3.28450246E+07
      4083.7617 3.00708923E+07
      4086.6130 2.91530164E+07
      4090.8133 2.70351162E+07
      4095.0223 2.47138258E+07
      4097.1300 2.34570554E+07
      4097.3995 2.32329324E+07
      4098.9608 2.22280097E+07
      4099.2399 2.20881409E+07
      4100.2957 2.13206561E+07
      4101.3520 2.04329350E+07
      4101.8036 1.99838045E+07
      4101.8803 1.99139566E+07
      4102.4088 1.93640843E+07
      4102.6731 1.91921893E+07
      4102.9375 1.92125622E+07
      4103.2018 1.91869588E+07
      4103.4662 1.93536026E+07
      4103.9951 1.98924750E+07
      4104.5242 2.03998509E+07
      4105.5826 2.12628580E+07
      4105.6091 2.12785289E+07
      4106.6417 2.20040194E+07
      4108.7614 2.33166231E+07
      4110.8833 2.45122274E+07
      4114.7174 2.63897268E+07
      4115.1337 2.66984629E+07
      4119.3928 2.86694460E+07
      4127.9377 3.20598996E+07
      4131.6600 3.30035877E+07
      4136.5180 3.47347962E+07
      4137.1861 3.48190076E+07
      4153.7862 3.79573109E+07
      4167.1038 3.88295538E+07
      4171.1992 3.91587145E+07
      4176.5450 3.91780264E+07
      4176.8238 3.91789141E+07
      4199.4154 3.91912914E+07
      4206.4668 3.92015001E+07
      4206.9781 3.91908403E+07
      4208.2337 3.91640944E+07
      4208.9377 3.91490682E+07
      4216.8752 3.89785060E+07
      4220.2395 3.88439903E+07
      4234.3330 3.82867605E+07
      4242.3359 3.79751359E+07
      4249.9752 3.76498098E+07
      4252.2296 3.75545307E+07
      4257.7022 3.73252744E+07
      4266.1638 3.65055665E+07
      4275.4493 3.57058053E+07
      4278.4136 3.54686042E+07
      4299.3274 3.19979091E+07
      4306.3668 3.00906157E+07
      4309.8612 2.94053605E+07
      4314.8493 2.74340626E+07
      4315.9411 2.71270719E+07
      4320.4468 2.61164385E+07
      4325.7591 2.41646135E+07
      4331.0844 2.19709693E+07
      4333.7520 2.07619335E+07
      4336.4229 1.94357338E+07
      4337.7596 1.86926669E+07
      4339.0971 1.78310673E+07
      4339.7662 1.73081263E+07
      4340.4355 1.66561616E+07
      4340.7702 1.62439599E+07
      4341.1049 1.57380365E+07
      4341.2723 1.54407393E+07
      4341.4398 1.51091691E+07
      4341.5235 1.49363015E+07
      4341.6072 1.47764190E+07
      4341.6490 1.47138757E+07
      4341.6909 1.46717544E+07
      4341.7118 1.46605734E+07
      4341.7328 1.46556200E+07
      4341.7537 1.46602719E+07
      4341.7746 1.46711512E+07
      4341.8165 1.47126676E+07
      4341.8583 1.47746016E+07
      4341.9421 1.49332494E+07
      4342.0258 1.51048529E+07
      4342.1933 1.54338090E+07
      4342.3608 1.57283552E+07
      4342.6958 1.62285663E+07
      4343.0308 1.66348049E+07
      4343.7011 1.72741880E+07
      4344.3716 1.77838492E+07
      4345.7132 1.86174851E+07
      4347.0556 1.93308496E+07
      4347.6913 1.95291836E+07
      4348.8712 2.00315594E+07
      4349.7429 2.05926903E+07
      4352.4336 2.17311044E+07
      4357.8249 2.37660486E+07
      4363.2295 2.55389748E+07
      4374.0792 2.84241346E+07
      4384.9829 3.05721521E+07
      4392.1455 3.11645916E+07
      4404.8641 3.27274214E+07
      4406.9543 3.30877494E+07
      4409.7196 3.31751703E+07
      4425.4864 3.37875175E+07
      4429.1470 3.39484215E+07
      4474.2097 3.35823751E+07
      4506.8214 3.28752927E+07
      4520.1989 3.25844967E+07
      4538.9605 3.21296969E+07
      4552.9228 3.17931168E+07
      4571.4697 3.13525239E+07
      4590.8361 3.09011713E+07
      4615.0729 3.03118258E+07
      4655.3441 2.93487400E+07
      4678.0426 2.88211333E+07
      4714.0149 2.78467451E+07
      4722.9002 2.76163960E+07
      4725.9181 2.74880410E+07
      4768.6264 2.58943196E+07
      4774.7119 2.54789967E+07
      4791.8232 2.44917206E+07
      4815.2467 2.22902985E+07
      4827.0446 2.07111960E+07
      4838.9004 1.86855683E+07
      4844.8501 1.74668633E+07
      4850.8146 1.60766973E+07
      4853.8023 1.52960125E+07
      4856.7937 1.44197871E+07
      4858.2908 1.39132221E+07
      4859.7888 1.32991929E+07
      4860.5381 1.28996446E+07
      4861.2877 1.23400703E+07
      4861.6626 1.19283612E+07
      4862.0375 1.13359516E+07
      4862.2250 1.09494453E+07
      4862.4125 1.05391879E+07
      4862.5063 1.03658792E+07
      4862.6000 1.02497984E+07
      4862.6469 1.02181149E+07
      4862.6938 1.02021131E+07
      4862.7172 1.01986060E+07
      4862.7407 1.01974701E+07
      4862.7641 1.01983806E+07
      4862.7876 1.02016624E+07
      4862.8345 1.02172132E+07
      4862.8813 1.02484438E+07
      4862.9751 1.03636112E+07
      4863.0689 1.05359859E+07
      4863.2565 1.09442461E+07
      4863.4440 1.13285424E+07
      4863.8193 1.19162148E+07
      4864.1945 1.23229098E+07
      4864.9452 1.28719989E+07
      4865.6962 1.32606417E+07
      4867.1988 1.38519103E+07
      4868.7023 1.43345087E+07
      4871.7121 1.51593121E+07
      4874.7256 1.58840489E+07
      4880.7638 1.71487567E+07
      4886.8171 1.82239739E+07
      4897.1404 1.95010871E+07
      4898.9687 1.99111053E+07
      4911.1809 2.10913260E+07
      4925.1963 2.16816712E+07
      4935.7888 2.23738041E+07
      4960.6446 2.27930802E+07
      5011.1149 2.25770217E+07
      5022.7081 2.24301019E+07
      5062.6227 2.19259965E+07
      5151.4955 2.06785938E+07
      5156.1863 2.06145607E+07
      5168.8816 2.04424996E+07
      5279.6967 1.89803338E+07
      5283.5851 1.89313738E+07
      5419.0616 1.73118507E+07
      5516.2198 1.62547506E+07
      5558.0119 1.58269378E+07
      5669.2108 1.47505184E+07
      5700.5250 1.44648244E+07
      5774.9287 1.38087787E+07
      5846.6924 1.32141414E+07
      5869.3833 1.30317339E+07
      5996.6075 1.20687794E+07
      6084.2088 1.14561091E+07
      6150.3667 1.10167343E+07
      6197.6287 1.07143503E+07
      6308.0684 1.00284618E+07
      6315.3575 9.98513554E+06
      6375.9153 9.60347017E+06
      6437.6457 9.15619061E+06
      6468.9613 8.84596736E+06
      6469.8138 8.82964943E+06
      6500.5831 8.36330736E+06
      6516.5102 7.99057341E+06
      6532.5155 7.46459443E+06
      6540.5477 7.12024504E+06
      6548.5997 6.70255837E+06
      6552.6331 6.45669691E+06
      6556.6715 6.17074450E+06
      6558.6925 6.00011806E+06
      6560.7149 5.78691550E+06
      6561.7265 5.64306402E+06
      6562.7384 5.43080969E+06
      6563.2445 5.25985232E+06
      6563.7507 4.97241895E+06
      6564.0038 4.74848129E+06
      6564.2569 4.48665883E+06
      6564.3835 4.37310740E+06
      6564.5101 4.29263346E+06
      6564.5733 4.26705133E+06
      6564.6366 4.25160719E+06
      6564.6683 4.24775381E+06
      6564.6999 4.24642079E+06
      6564.7316 4.24764144E+06
      6564.7632 4.25138235E+06
      6564.8265 4.26660092E+06
      6564.8898 4.29195584E+06
      6565.0164 4.37196711E+06
      6565.1430 4.48503467E+06
      6565.3962 4.74579193E+06
      6565.6495 4.96853927E+06
      6566.1560 5.25340519E+06
      6566.6626 5.42172313E+06
      6567.6761 5.62856192E+06
      6568.6898 5.76686621E+06
      6570.7183 5.96862573E+06
      6572.7481 6.12736440E+06
      6576.8113 6.38828750E+06
      6580.8796 6.60751208E+06
      6589.0312 6.96727267E+06
      6597.2030 7.24789827E+06
      6613.6077 7.63202479E+06
      6630.0942 7.84963662E+06
      6635.7064 7.86764785E+06
      6663.3149 8.00473111E+06
      6696.8703 7.98572237E+06
      6765.0051 7.78700313E+06
      6805.8527 7.63659283E+06
      6834.5407 7.53207243E+06
      6977.9902 7.00237712E+06
      6980.3618 6.99387697E+06
      7127.5905 6.48802563E+06
      7159.3454 6.38503420E+06
      7342.9184 5.82638775E+06
      7446.8968 5.53649264E+06
      7531.1983 5.31541270E+06
      7724.3060 4.84844879E+06
      7796.1538 4.68754789E+06
      7922.3651 4.42174324E+06
      8021.9839 4.22457216E+06
      8071.7460 4.13047524E+06
      8125.5027 4.03193281E+06
      8134.2917 4.01770269E+06
      8147.3997 3.99658787E+06
      8197.9398 3.91640547E+06
      8214.5115 3.89053241E+06
      8261.4633 3.81829953E+06
      8276.7993 3.79505180E+06
      8319.9433 3.73054912E+06
      8328.1420 3.71842494E+06
      8333.8489 3.71001267E+06
      8342.9373 3.69621542E+06
      8343.0528 3.69604041E+06
      8392.6745 3.62180006E+06
      8394.8065 3.61865107E+06
      8410.3756 3.59575388E+06
      8444.4461 3.54627854E+06
      8450.0174 3.53826906E+06
      8459.8556 3.52417240E+06
      8462.5469 3.52032603E+06
      8462.7523 3.52003262E+06
      8475.4425 3.50190249E+06
      8478.7937 3.49713084E+06
      8496.0725 3.47265101E+06
      8496.8287 3.47158378E+06
      8513.4219 3.44825673E+06
      8522.1232 3.43609124E+06
      8528.1209 3.42772383E+06
      8530.8423 3.42393063E+06
      8531.3894 3.42316720E+06
      8535.2085 3.41783563E+06
      8539.5792 3.41174543E+06
      8541.7662 3.40870987E+06
      8542.2564 3.40803206E+06
      8543.2861 3.40660462E+06
      8543.9544 3.40567649E+06
      8545.0489 3.40416065E+06
      8546.1437 3.40264744E+06
      8546.6912 3.40189088E+06
      8547.2387 3.40110599E+06
      8547.5125 3.40067438E+06
      8547.5373 3.40063704E+06
      8547.7864 3.40025237E+06
      8548.0602 3.39989822E+06
      8548.3341 3.39956339E+06
      8548.7754 3.39896072E+06
      8548.8818 3.39881498E+06
      8549.4297 3.39803650E+06
      8550.5256 3.39647969E+06
      8551.6218 3.39492559E+06
      8553.8150 3.39182626E+06
      8556.0093 3.38873831E+06
      8560.4014 3.38258233E+06
      8562.6683 3.37940997E+06
      8564.7979 3.37642503E+06
      8566.2324 3.37441286E+06
      8573.6046 3.36405884E+06
      8574.9877 3.36211800E+06
      8582.4294 3.35165838E+06
      8583.7608 3.34978935E+06
      8584.2233 3.34913799E+06
      8588.1542 3.34359164E+06
      8592.5520 3.33739936E+06
      8594.7526 3.33432071E+06
      8595.0591 3.33389474E+06
      8596.9543 3.33125642E+06
      8597.4968 3.33050663E+06
      8598.0556 3.32973068E+06
      8599.1572 3.32820501E+06
      8599.7081 3.32744253E+06
      8600.1336 3.32681003E+06
      8600.2590 3.32662349E+06
      8600.5345 3.32613574E+06
      8600.8101 3.32568647E+06
      8601.0856 3.32537398E+06
      8601.3612 3.32509991E+06
      8601.9123 3.32439594E+06
      8602.4636 3.32363561E+06
      8603.5663 3.32211570E+06
      8604.6693 3.32059961E+06
      8606.8761 3.31758891E+06
      8609.0840 3.31459836E+06
      8612.2246 3.31037047E+06
      8613.5033 3.30864322E+06
      8615.0175 3.30659827E+06
      8617.9110 3.30266652E+06
      8617.9271 3.30264464E+06
      8626.7885 3.29059740E+06
      8632.6098 3.28268810E+06
      8635.6680 3.27850520E+06
      8641.4329 3.27061360E+06
      8647.1128 3.26279380E+06
      8650.2740 3.25841899E+06
      8652.9377 3.25471675E+06
      8653.4820 3.25395514E+06
      8653.6873 3.25366731E+06
      8654.7014 3.25224535E+06
      8659.1333 3.24603873E+06
      8661.3510 3.24296189E+06
      8663.5698 3.23993000E+06
      8663.7426 3.23969727E+06
      8664.6796 3.23842514E+06
      8665.7897 3.23692975E+06
      8666.3448 3.23618341E+06
      8666.9001 3.23540485E+06
      8667.1777 3.23497046E+06
      8667.4554 3.23455843E+06
      8667.7331 3.23422569E+06
      8668.0107 3.23391526E+06
      8668.5662 3.23320417E+06
      8669.1217 3.23246089E+06
      8670.2329 3.23097703E+06
      8671.3445 3.22950468E+06
      8671.3697 3.22947170E+06
      8673.5684 3.22659935E+06
      8675.7934 3.22373833E+06
      8680.2470 3.21806749E+06
      8682.2847 3.21547654E+06
      8684.7051 3.21235908E+06
      8689.7618 3.20581944E+06
      8693.6351 3.20082613E+06
      8699.9782 3.19259774E+06
      8702.5834 3.18916590E+06
      8707.3679 3.18282081E+06
      8717.7440 3.16912816E+06
      8720.5355 3.16538121E+06
      8722.7610 3.16237883E+06
      8726.6541 3.15705771E+06
      8731.5685 3.15024282E+06
      8735.5825 3.14464559E+06
      8738.5618 3.14045620E+06
      8740.0535 3.13835338E+06
      8743.6662 3.13328596E+06
      8744.5291 3.13207739E+06
      8746.7686 3.12899030E+06
      8749.0093 3.12598677E+06
      8750.1301 3.12453578E+06
      8751.2511 3.12310060E+06
      8751.8118 3.12216859E+06
      8752.3725 3.10794899E+06
      8752.6528 3.08338713E+06
      8752.9332 3.06805319E+06
      8753.2137 3.08269070E+06
      8753.4941 3.10654025E+06
      8754.0550 3.11933326E+06
      8754.6160 3.11884715E+06
      8755.7382 3.11744666E+06
      8756.8607 3.11606187E+06
      8758.0969 3.11459223E+06
      8759.1065 3.11335659E+06
      8761.3535 3.11068894E+06
      8762.8207 3.10897899E+06
      8765.8510 3.10545319E+06
      8766.7050 3.10446436E+06
      8770.3531 3.10058203E+06
      8774.8389 3.09575165E+06
      8775.2992 3.09525515E+06
      8779.3711 3.09085958E+06
      8788.4077 3.08093054E+06
      8793.7203 3.07497256E+06
      8799.1917 3.06856229E+06
      8801.4623 3.06589026E+06
      8806.5368 3.05978547E+06
      8811.4185 3.05382269E+06
      8811.6409 3.05355108E+06
      8817.1783 3.04643418E+06
      8824.7409 3.03675932E+06
      8829.6347 3.03044581E+06
      8837.1186 3.02034476E+06
      8838.6592 3.01827269E+06
      8847.7021 3.00572425E+06
      8852.2305 2.99937709E+06
      8856.7636 2.99313006E+06
      8859.0318 2.99011117E+06
      8861.3013 2.98726279E+06
      8861.3758 2.98717521E+06
      8862.4364 2.98591872E+06
      8863.5719 2.98464514E+06
      8864.1397 2.98402696E+06
      8864.7076 2.98341105E+06
      8864.9916 2.98310356E+06
      8865.2756 2.98279611E+06
      8865.5596 2.98248869E+06
      8865.8436 2.98218130E+06
      8866.4117 2.98156746E+06
      8866.9799 2.98095590E+06
      8868.1165 2.97976987E+06
      8869.2534 2.97865475E+06
      8871.5281 2.97660372E+06
      8872.4841 2.97581234E+06
      8873.8039 2.97464340E+06
      8878.3591 2.97081191E+06
      8882.9190 2.96706954E+06
      8885.5002 2.96490103E+06
      8885.5314 2.96487487E+06
      8891.9370 2.95947927E+06
      8892.0528 2.95938196E+06
      8898.3161 2.95383214E+06
      8901.2054 2.95126349E+06
      8908.4266 2.94440825E+06
      8919.5672 2.93278298E+06
      8938.0049 2.91256296E+06
      8938.9433 2.91149332E+06
      8944.6615 2.90478507E+06
      8960.8382 2.88363676E+06
      8962.8897 2.88097162E+06
      8973.1284 2.86613957E+06
      8975.1100 2.86327965E+06
      8981.1923 2.85434632E+06
      8989.5591 2.84096416E+06
      8990.3717 2.83967086E+06
      8991.4923 2.83780949E+06
      8999.5698 2.82453516E+06
      9004.1760 2.81709723E+06
      9008.7869 2.80978539E+06
      9010.4971 2.80722236E+06
      9011.0941 2.80628132E+06
      9012.5244 2.80422458E+06
      9013.4024 2.80294880E+06
      9014.5571 2.80143987E+06
      9015.7120 2.80008067E+06
      9016.2896 2.79742646E+06
      9016.8672 2.68820045E+06
      9017.1561 2.54505396E+06
      9017.4450 2.47891908E+06
      9017.7338 2.54451418E+06
      9018.0228 2.68704609E+06
      9018.6006 2.79499936E+06
      9019.1786 2.79643660E+06
      9020.3347 2.79536604E+06
      9021.4141 2.79450570E+06
      9021.4911 2.79444350E+06
      9023.8048 2.79290904E+06
      9026.1197 2.79168990E+06
      9030.7531 2.78963237E+06
      9035.3912 2.78767904E+06
      9044.6818 2.78395479E+06
      9045.3232 2.78365517E+06
      9049.2094 2.78184376E+06
      9053.9915 2.77961925E+06
      9072.6684 2.76847343E+06
      9083.2056 2.76068153E+06
      9088.2969 2.75606425E+06
      9091.4226 2.75320832E+06
      9115.4130 2.72825701E+06
      9120.0017 2.72350814E+06
      9129.1646 2.71146762E+06
      9147.3512 2.68627271E+06
      9149.7221 2.68301497E+06
      9152.1233 2.67963500E+06
      9157.0972 2.67264427E+06
      9165.3544 2.65790095E+06
      9167.2212 2.65458798E+06
      9175.7583 2.63917049E+06
      9194.4956 2.59892614E+06
      9203.8930 2.57645412E+06
      9204.0941 2.57595327E+06
      9205.3085 2.57293549E+06
      9213.3096 2.55331295E+06
      9218.0252 2.54229956E+06
      9222.0434 2.53317480E+06
      9222.7455 2.53159255E+06
      9225.1075 2.52665456E+06
      9227.4707 2.52235222E+06
      9228.6528 2.52053702E+06
      9229.8352 2.51905574E+06
      9230.4265 2.51848173E+06
      9231.0178 2.51796018E+06
      9231.3135 2.51770419E+06
      9231.6093 2.51744820E+06
      9231.9050 2.51719221E+06
      9232.2008 2.51693621E+06
      9232.7924 2.51643378E+06
      9233.3841 2.51598373E+06
      9234.5676 2.51541595E+06
      9235.7515 2.51518018E+06
      9238.1202 2.51537300E+06
      9240.4901 2.51618944E+06
      9244.2944 2.51811458E+06
      9245.2335 2.51857863E+06
      9249.9818 2.52115284E+06
      9259.4930 2.52725882E+06
      9269.0238 2.53252731E+06
      9275.4141 2.53426768E+06
      9281.7325 2.53608473E+06
      9288.1443 2.53741868E+06
      9307.3439 2.53449688E+06
      9322.6745 2.52676704E+06
      9323.4570 2.52636691E+06
      9345.9823 2.51487842E+06
      9349.1766 2.51245663E+06
      9366.8877 2.49469489E+06
      9384.9428 2.47669357E+06
      9417.6080 2.44000197E+06
      9435.2071 2.41243518E+06
      9452.2007 2.38641829E+06
      9458.5060 2.37232652E+06
      9463.8464 2.36064597E+06
      9483.4909 2.31853444E+06
      9487.0485 2.31120701E+06
      9487.1100 2.31102531E+06
      9504.5689 2.26187253E+06
      9522.1542 2.20505447E+06
      9530.9712 2.17552105E+06
      9539.8046 2.14755955E+06
      9544.0880 2.13642096E+06
      9544.2275 2.13605984E+06
      9548.6544 1.79746672E+06
      9553.0855 2.12942941E+06
      9557.5207 2.13428921E+06
      9566.4034 2.14872451E+06
      9575.3026 2.16439925E+06
      9583.4192 2.17664076E+06
      9593.1508 2.19244702E+06
      9611.0657 2.21202015E+06
      9647.0970 2.22726734E+06
      9649.9529 2.22680859E+06
      9666.8603 2.22425605E+06
      9683.3994 2.22203027E+06
      9701.0318 2.21267497E+06
      9708.7239 2.20862130E+06
      9736.3620 2.19403586E+06
      9756.8301 2.18105779E+06
      9814.6787 2.13359117E+06
      9831.3831 2.11499084E+06
      9879.1393 2.06107418E+06
      9894.2655 2.04472394E+06
      9934.5450 1.98253860E+06
      9949.7762 1.94663251E+06
      9957.3585 1.93021734E+06
      9975.1537 1.89496157E+06
      9983.9599 1.86809198E+06
      9995.5828 1.83664276E+06
     10016.0958 1.76390135E+06
     10026.3838 1.72146912E+06
     10036.6931 1.67578210E+06
     10041.8557 1.65254398E+06
     10047.0236 1.63057596E+06
     10049.6095 1.62113741E+06
     10052.1968 1.61734641E+06
     10054.7854 1.61831916E+06
     10057.3753 1.62490482E+06
     10062.5592 1.64103655E+06
     10067.7484 1.65825576E+06
     10078.1429 1.69137940E+06
     10088.5589 1.72061458E+06
     10109.4557 1.76554374E+06
     10130.4392 1.79460198E+06
     10141.3473 1.79998607E+06
     10172.6686 1.82163066E+06
     10204.8987 1.82196477E+06
     10215.2515 1.82265144E+06
     10265.8571 1.80389914E+06
     10301.4960 1.79120726E+06
     10389.2091 1.74284870E+06
     10427.3876 1.71974206E+06
     10466.5627 1.69523268E+06
     10471.4929 1.69217037E+06
     10569.1940 1.63293124E+06
     10594.0826 1.61788997E+06
     10679.4448 1.56149981E+06
     10734.9361 1.51546957E+06
     10755.5250 1.49969620E+06
     10766.1939 1.49173329E+06
     10810.0991 1.44335126E+06
     10823.8572 1.41930246E+06
     10854.3638 1.37651403E+06
     10876.6324 1.33205747E+06
     10898.9925 1.27689661E+06
     10910.2071 1.24380922E+06
     10921.4448 1.20550654E+06
     10927.0723 1.18367780E+06
     10932.7056 1.15954408E+06
     10935.5245 1.14650479E+06
     10938.3448 1.13351756E+06
     10939.7555 1.12718387E+06
     10941.1665 1.04702592E+06
     10942.5780 1.12619769E+06
     10943.9898 1.13153311E+06
     10946.8144 1.14248506E+06
     10949.6405 1.15343872E+06
     10955.2972 1.17327216E+06
     10960.9597 1.19065067E+06
     10972.3022 1.21967064E+06
     10983.6682 1.24303479E+06
     11006.4711 1.27767138E+06
     11010.1909 1.28054210E+06
     11029.3688 1.30048499E+06
     11075.4513 1.32203980E+06
     11121.9205 1.32400616E+06
     11148.6172 1.31711918E+06
     11216.0386 1.30133726E+06
     11292.5035 1.27343329E+06
     11311.7632 1.26651727E+06
     11328.3519 1.25986080E+06
     11508.1994 1.19000489E+06
     11571.5327 1.16580264E+06
     11582.0549 1.16183719E+06
     11668.1160 1.12992369E+06
     11711.5786 1.11417727E+06
     11879.0306 1.05565040E+06
     12028.8909 1.00644406E+06
     12140.6926 9.71160662E+05
     12183.6212 9.58037216E+05
     12217.7760 9.47730013E+05
     12412.6877 8.89433775E+05
     12496.0217 8.63540111E+05
     12512.4944 8.58591868E+05
     12602.4483 8.25751423E+05
     12613.9191 8.21903331E+05
     12665.2506 7.97371926E+05
     12717.0016 7.63057315E+05
     12743.0360 7.40085705E+05
     12769.1772 7.10931840E+05
     12782.2881 6.93359502E+05
     12795.4259 6.72741935E+05
     12802.0049 6.60473512E+05
     12808.5907 6.45203879E+05
     12811.8862 6.35502499E+05
     12815.1833 6.23214054E+05
     12816.4325 6.17189214E+05
     12816.8325 6.15464297E+05
     12818.4822 6.06301300E+05
     12819.3071 6.01286888E+05
     12820.1322 5.96475921E+05
     12820.5448 5.94618744E+05
     12820.9574 5.93406736E+05
     12821.1637 5.93167995E+05
     12821.3701 5.93053102E+05
     12821.4732 5.93031591E+05
     12821.5764 5.93015105E+05
     12821.6280 5.93006862E+05
     12821.6795 5.92998619E+05
     12821.7311 5.92990376E+05
     12821.7827 5.92982133E+05
     12821.8859 5.92965647E+05
     12821.9891 5.92954184E+05
     12822.1954 5.93003105E+05
     12822.4018 5.93175793E+05
     12822.8145 5.94254992E+05
     12823.2272 5.95978103E+05
     12824.0528 6.00516466E+05
     12824.8785 6.05253010E+05
     12826.5302 6.13847870E+05
     12828.1823 6.21017100E+05
     12831.4879 6.32118567E+05
     12834.7951 6.40606515E+05
     12841.4147 6.53388879E+05
     12848.0412 6.63104046E+05
     12861.3146 6.78433378E+05
     12874.6154 6.90500893E+05
     12901.2998 7.08104767E+05
     12928.0951 7.18997781E+05
     12982.0209 7.28190908E+05
     13036.3985 7.27163387E+05
     13145.0590 7.13021027E+05
     13146.5318 7.12845837E+05
     13258.5419 6.93117744E+05
     13482.1118 6.52077112E+05
     13488.3872 6.50965042E+05
     13726.3422 6.09414620E+05
     13827.8070 5.92600484E+05
     14182.3661 5.38141915E+05
     14228.3606 5.31533149E+05
     14546.0165 4.88570076E+05
     14768.4941 4.67908284E+05
     14918.9913 4.54912264E+05
     15301.5296 4.12617280E+05
     15693.8765 3.74225827E+05
     15701.2896 3.73543816E+05
     15701.9118 3.73486638E+05
     15702.5341 3.73428741E+05
     15703.1565 3.73331247E+05
     15703.7788 3.72591176E+05
     15704.4013 3.69301975E+05
     15705.0237 3.66340870E+05
     15705.6463 3.69189493E+05
     15706.2689 3.72363287E+05
     15706.8915 3.72988479E+05
     15707.5142 3.72971644E+05
     15708.1369 3.72915265E+05
     15708.7597 3.72858168E+05
     15881.1760 3.57468190E+05
     15881.8054 3.57413497E+05
     15882.4348 3.57356929E+05
     15883.0642 3.57197778E+05
     15883.6937 3.55393573E+05
     15884.3233 3.47517246E+05
     15884.9529 3.41003500E+05
     15885.5826 3.47412352E+05
     15886.2123 3.55176690E+05
     15886.8420 3.56870034E+05
     15887.4719 3.56919744E+05
     15888.1017 3.56867011E+05
     15888.7316 3.56812408E+05
     16096.2836 3.39380657E+05
     16109.9564 3.38268585E+05
     16110.5949 3.38216744E+05
     16111.2333 3.38159909E+05
     16111.8719 3.37830864E+05
     16112.5105 3.33288695E+05
     16113.1491 3.16054650E+05
     16113.7878 3.04593250E+05
     16114.4265 3.15961054E+05
     16115.0653 3.33086065E+05
     16115.7041 3.37520587E+05
     16116.3430 3.37745681E+05
     16116.9819 3.37698946E+05
     16117.6209 3.37647229E+05
     16407.8476 3.15149417E+05
     16408.4979 3.15101108E+05
     16409.1482 3.15039371E+05
     16409.7985 3.14250738E+05
     16410.4489 3.03347972E+05
     16411.0993 2.75339228E+05
     16411.7498 2.64214568E+05
     16412.4004 2.75259986E+05
     16413.0510 3.03166107E+05
     16413.7016 3.13962625E+05
     16414.3523 3.14653783E+05
     16415.0030 3.14619092E+05
     16415.6538 3.14570998E+05
     16509.0088 3.07756875E+05
     16571.7605 3.03273512E+05
     16807.1921 2.87133015E+05
     16807.8581 2.87088725E+05
     16808.5243 2.87009045E+05
     16809.1904 2.85053755E+05
     16809.8566 2.63779801E+05
     16810.5229 2.38766066E+05
     16811.1892 2.32910363E+05
     16811.8556 2.38697814E+05
     16812.5220 2.63625307E+05
     16813.1885 2.84792368E+05
     16813.8551 2.86656644E+05
     16814.5216 2.86648133E+05
     16815.1883 2.86604304E+05
     16932.3167 2.79000053E+05
     17068.7868 2.70446801E+05
     17362.8017 2.53098236E+05
     17363.4898 2.53058837E+05
     17364.1780 2.52933457E+05
     17364.8661 2.48536462E+05
     17365.5544 2.22025851E+05
     17366.2427 2.07264646E+05
     17366.4787 2.05558134E+05
     17366.9310 2.03148095E+05
     17367.6194 2.07205212E+05
     17368.3079 2.21897730E+05
     17368.9964 2.48310002E+05
     17369.6850 2.52622281E+05
     17370.3736 2.52669645E+05
     17371.0623 2.52631212E+05
     17596.5489 2.40288603E+05
     17811.7730 2.29137375E+05
     17872.8608 2.26089988E+05
     18157.9888 2.12256867E+05
     18174.8466 2.11424143E+05
     18175.5669 2.11387725E+05
     18176.2872 2.11183529E+05
     18177.0076 2.03903811E+05
     18177.7280 1.82655148E+05
     18178.4485 1.72423679E+05
     18179.1690 1.69149769E+05
     18179.8896 1.72374054E+05
     18180.6103 1.82549454E+05
     18181.3310 2.03712023E+05
     18182.0518 2.10900932E+05
     18182.7726 2.11033609E+05
     18183.4935 2.10999197E+05
     18268.4851 2.06898293E+05
     18303.9918 2.05222028E+05
     18452.3617 1.97421347E+05
     18527.4523 1.92588635E+05
     18603.1566 1.86099246E+05
     18641.2412 1.81688675E+05
     18679.4821 1.75978892E+05
     18698.6614 1.72394564E+05
     18717.8802 1.67983578E+05
     18727.5044 1.65191139E+05
     18736.9078 1.61505065E+05
     18737.1385 1.61448491E+05
     18741.9592 1.58865525E+05
     18746.7825 1.55150026E+05
     18749.1950 1.52538554E+05
     18751.6082 1.49093750E+05
     18752.8150 1.46829332E+05
     18754.0220 1.43964822E+05
     18754.6256 1.41902963E+05
     18755.2291 1.39306057E+05
     18755.5309 1.38128389E+05
     18755.8328 1.37303900E+05
     18755.9837 1.37107630E+05
     18756.1346 1.37005174E+05
     18756.2100 1.36981462E+05
     18756.2855 1.36972203E+05
     18756.3610 1.36977477E+05
     18756.4364 1.36997202E+05
     18756.5873 1.37091675E+05
     18756.7383 1.37279932E+05
     18757.0401 1.38088187E+05
     18757.3420 1.39249269E+05
     18757.9458 1.41811970E+05
     18758.5496 1.43838820E+05
     18759.7573 1.46632013E+05
     18760.9651 1.48823404E+05
     18763.3813 1.52118555E+05
     18765.7982 1.54576783E+05
     18770.6337 1.57979328E+05
     18775.4717 1.60243923E+05
     18785.1553 1.63337473E+05
     18794.8488 1.65467899E+05
     18814.2659 1.68520179E+05
     18833.7231 1.70705532E+05
     18872.7586 1.73521733E+05
     18911.9563 1.74948925E+05
     18990.8420 1.75342791E+05
     19070.3887 1.74038057E+05
     19217.3413 1.69991069E+05
     19231.4980 1.69615838E+05
     19395.3527 1.64500693E+05
     19446.3380 1.62870580E+05
     19447.1086 1.62844560E+05
     19447.8793 1.62553969E+05
     19448.6501 1.54017992E+05
     19449.4209 1.39547126E+05
     19450.1918 1.32058226E+05
     19450.9627 1.29632540E+05
     19451.7338 1.32020016E+05
     19452.5048 1.39466023E+05
     19453.2760 1.53881888E+05
     19454.0472 1.62358660E+05
     19454.8184 1.62599839E+05
     19455.5897 1.62576911E+05
     19710.0937 1.54747733E+05
     19731.5836 1.54107098E+05
     20079.6778 1.44043686E+05
     20215.4807 1.40328765E+05
     20733.8264 1.27195393E+05
     20814.0590 1.25300634E+05
     21265.4629 1.15274867E+05
     21604.1970 1.08400494E+05
     21656.1491 1.07391871E+05
     21657.0073 1.07373474E+05
     21657.8656 1.07043574E+05
     21658.7239 1.00085485E+05
     21659.5824 9.15208581E+04
     21660.4409 8.67453214E+04
     21661.2994 8.52650384E+04
     21662.1581 8.67200110E+04
     21663.0167 9.14672600E+04
     21663.8755 9.99965737E+04
     21664.7343 1.06911914E+05
     21665.5932 1.07207965E+05
     21666.4522 1.07193252E+05
     21810.7312 1.04460086E+05
     22369.9807 9.46504063E+04
     22568.4128 9.14486066E+04
     23024.3404 8.53918903E+04
     23614.7081 7.73455054E+04
     24220.2134 7.00535431E+04
     24841.2445 6.34456793E+04
     25478.1995 5.74581001E+04
     25637.2619 5.60740265E+04
     25638.2779 5.60653209E+04
     25639.2940 5.60564890E+04
     25640.3102 5.60407127E+04
     25641.3264 5.59126944E+04
     25642.3427 5.53502094E+04
     25643.3591 5.48582942E+04
     25644.3756 5.53331216E+04
     25645.3921 5.58780137E+04
     25646.4087 5.59885267E+04
     25647.4255 5.59868946E+04
     25648.4423 5.59783275E+04
     25649.4591 5.59696344E+04
     26120.3553 5.21198132E+04
     26121.3904 5.21117220E+04
     26122.4256 5.21033209E+04
     26123.4609 5.20779758E+04
     26124.4963 5.17838504E+04
     26125.5317 5.05586113E+04
     26126.5673 4.96125842E+04
     26127.6029 5.05431371E+04
     26128.6386 5.17517967E+04
     26129.6744 5.20294945E+04
     26130.7103 5.20386469E+04
     26131.4867 5.20328249E+04
     26131.7462 5.20308770E+04
     26132.7823 5.20227932E+04
     26252.5562 5.10986034E+04
     26253.5966 5.10889063E+04
     26254.6371 5.07914453E+04
     26255.6776 4.69119158E+04
     26256.7182 4.31440393E+04
     26257.7589 4.10786419E+04
     26258.7997 4.04944124E+04
     26259.8406 4.10664886E+04
     26260.8815 4.31184625E+04
     26261.9226 4.68699147E+04
     26262.9637 5.07286890E+04
     26264.0049 5.10095952E+04
     26265.0462 5.10034236E+04
     26745.0449 4.75087103E+04
     26746.1048 4.75013282E+04
     26747.1647 4.74931851E+04
     26748.2248 4.74436264E+04
     26749.2849 4.67719817E+04
     26750.3452 4.45031972E+04
     26751.4055 4.32049770E+04
     26752.4659 4.44897823E+04
     26753.5263 4.67431606E+04
     26754.5869 4.73994506E+04
     26755.6476 4.74342026E+04
     26756.7083 4.74275982E+04
     26757.7691 4.74202343E+04
     26801.5248 4.71175620E+04
     27488.7434 4.26644156E+04
     27576.2145 4.21358632E+04
     27577.3074 4.21293015E+04
     27578.4003 4.21209087E+04
     27579.4933 4.20139148E+04
     27580.5864 4.06388700E+04
     27581.6795 3.78206548E+04
     27582.7728 3.68717446E+04
     27583.8662 3.78093832E+04
     27584.9596 4.06140854E+04
     27586.0531 4.19747860E+04
     27587.1467 4.20685359E+04
     27588.2404 4.20638309E+04
     27589.3342 4.20572984E+04
     28193.5829 3.86302358E+04
     28723.2287 3.59086182E+04
     28724.3669 3.59030098E+04
     28725.5053 3.58932780E+04
     28726.6438 3.56681776E+04
     28727.7823 3.35791625E+04
     28728.9210 3.15175092E+04
     28730.0597 3.09345783E+04
     28731.1985 3.15081038E+04
     28732.3375 3.35589545E+04
     28733.4765 3.56350364E+04
     28734.6156 3.58486361E+04
     28735.7548 3.58471966E+04
     28736.8940 3.58416424E+04
     28916.4953 3.49758111E+04
     29657.9439 3.16655775E+04
     30384.9030 2.87916549E+04
     30386.1072 2.87871268E+04
     30387.3114 2.87745684E+04
     30388.5157 2.83770182E+04
     30389.7202 2.63574313E+04
     30390.9247 2.50270982E+04
     30392.1293 2.46033376E+04
     30393.3340 2.50196087E+04
     30394.5388 2.63416012E+04
     30395.7437 2.83507813E+04
     30396.9487 2.87387522E+04
     30398.1538 2.87423344E+04
     30399.3590 2.87379040E+04
     30418.4040 2.86672816E+04
     31198.3631 2.59516740E+04
     31998.3211 2.34922336E+04
     32498.5145 2.21015621E+04
     32962.1939 2.09639451E+04
     32963.5002 2.09607680E+04
     32964.8066 2.09446116E+04
     32966.1131 2.04185883E+04
     32967.4196 1.89539388E+04
     32968.7263 1.80466914E+04
     32970.0331 1.77569083E+04
     32971.3400 1.80412725E+04
     32972.6470 1.89425417E+04
     32973.9541 2.04003177E+04
     32975.2613 2.09198169E+04
     32976.5686 2.09297621E+04
     32977.8760 2.09267379E+04
     33155.0501 2.05119268E+04
     34005.1796 1.85642359E+04
     34877.1073 1.68007781E+04
     35771.3921 1.52042020E+04
     36688.6073 1.37587826E+04
     37396.8038 1.27586665E+04
     37398.2858 1.27565879E+04
     37399.7679 1.27402106E+04
     37401.2501 1.23021409E+04
     37402.7325 1.14434594E+04
     37404.2150 1.09141518E+04
     37405.6976 1.07544552E+04
     37407.1803 1.09108551E+04
     37408.6631 1.14365337E+04
     37410.1461 1.22908531E+04
     37411.6292 1.27242906E+04
     37413.1124 1.27366449E+04
     37414.5957 1.27347347E+04
     37629.3408 1.24502691E+04
     38594.1957 1.12657480E+04
     39066.3039 1.07374430E+04
     39067.8521 1.07357620E+04
     39069.4004 1.07340508E+04
     39070.9488 1.07306779E+04
     39072.4974 1.07006125E+04
     39074.0460 1.05709714E+04
     39075.5948 1.04622419E+04
     39077.1437 1.05676839E+04
     39078.6927 1.06939215E+04
     39080.2419 1.07206021E+04
     39081.7912 1.07206132E+04
     39083.3406 1.07189649E+04
     39084.8901 1.07172865E+04
     39583.7905 1.01935179E+04
     40199.2267 9.59058428E+03
     40200.8198 9.58908203E+03
     40202.4130 9.58751048E+03
     40204.0063 9.58215476E+03
     40205.5998 9.51774792E+03
     40207.1934 9.26655947E+03
     40208.7871 9.08967667E+03
     40210.3809 9.26370086E+03
     40211.9748 9.51180700E+03
     40213.5689 9.57315497E+03
     40215.1631 9.57550347E+03
     40216.7575 9.57407309E+03
     40218.3519 9.57257356E+03
     40513.2041 9.30019006E+03
     40514.8096 9.29811083E+03
     40516.4152 9.20398705E+03
     40518.0210 8.49572318E+03
     40519.6269 7.87369995E+03
     40521.2329 7.60547178E+03
     40522.8391 7.53624264E+03
     40524.4453 7.60316654E+03
     40526.0517 7.86892832E+03
     40527.6583 8.48797962E+03
     40529.2649 9.19255667E+03
     40530.8717 9.28355802E+03
     40532.4786 9.28272441E+03
     40598.7594 9.22297672E+03
     41639.7533 8.34451874E+03
     41698.1391 8.29840474E+03
     41699.7916 8.29710336E+03
     41701.4442 8.29564740E+03
     41703.0969 8.28580252E+03
     41704.7498 8.15523865E+03
     41706.4028 7.77447789E+03
     41708.0559 7.58960239E+03
     41709.7092 7.77210518E+03
     41711.3626 8.15017112E+03
     41713.0161 8.27801732E+03
     41714.6697 8.28525045E+03
     41716.3235 8.28410680E+03
     41717.9774 8.28280886E+03
     42707.4393 7.54944153E+03
     43754.2604 6.85970410E+03
     43755.9943 6.85862677E+03
     43757.7284 6.85722521E+03
     43759.4627 6.83849102E+03
     43761.1970 6.61846898E+03
     43762.9315 6.25266811E+03
     43764.6662 6.13456069E+03
     43766.4010 6.25076559E+03
     43768.1359 6.61439212E+03
     43769.8709 6.83206957E+03
     43771.6061 6.84862768E+03
     43773.3415 6.84787903E+03
     43775.0769 6.84680679E+03
     43802.5018 6.82986146E+03
     44234.0892 6.56992132E+03
     45127.7071 6.08191028E+03
     46284.8278 5.50153379E+03
     46526.8828 5.38899162E+03
     46528.7266 5.38808408E+03
     46530.5706 5.37679651E+03
     46532.4147 5.14835636E+03
     46534.2590 4.78962139E+03
     46536.1034 4.58987556E+03
     46537.9480 4.53480957E+03
     46539.7927 4.58847683E+03
     46541.6375 4.78670111E+03
     46543.4825 5.14361673E+03
     46545.3277 5.37005667E+03
     46547.1730 5.37962801E+03
     46549.0184 5.37884411E+03
     46714.1074 5.30391232E+03
     46715.9587 5.30307590E+03
     46717.8101 5.30161313E+03
     46719.6616 5.26809639E+03
     46721.5133 5.00504693E+03
     46723.3651 4.76027113E+03
     46725.2171 4.68399594E+03
     46727.0693 4.75881947E+03
     46728.9215 5.00198171E+03
     46730.7740 5.26315501E+03
     46732.6265 5.29495613E+03
     46734.4793 5.29475297E+03
     46736.3321 5.29392479E+03
     47471.6183 4.97636209E+03
     48688.8393 4.50116284E+03
     49937.2710 4.07119758E+03
     51217.7139 3.68254856E+03
     51274.5239 3.66640225E+03
     51276.5559 3.66582105E+03
     51278.5880 3.66431127E+03
     51280.6203 3.62006583E+03
     51282.6528 3.41572259E+03
     51284.6854 3.26249123E+03
     51286.7182 3.21454253E+03
     51288.7511 3.26149346E+03
     51290.7842 3.41362866E+03
     51292.8175 3.61668301E+03
     51294.8509 3.65970929E+03
     51296.8845 3.66006599E+03
     51298.9183 3.65949617E+03
     52530.9886 3.33089874E+03
     53877.9370 3.01272093E+03
     55259.4226 2.72484057E+03
     56676.3309 2.46438295E+03
     57101.1743 2.39240147E+03
     57103.4372 2.39202511E+03
     57105.7003 2.39163988E+03
     57107.9635 2.39076870E+03
     57110.2270 2.38216361E+03
     57112.4906 2.34622637E+03
     57114.7543 2.31779189E+03
     57117.0183 2.34549403E+03
     57119.2824 2.38066732E+03
     57121.5468 2.38851298E+03
     57123.8113 2.38863135E+03
     57126.0759 2.38826443E+03
     57128.3408 2.38788865E+03
     58129.5701 2.22874502E+03
     59068.2515 2.09288134E+03
     59070.5924 2.09254967E+03
     59072.9334 2.09120372E+03
     59075.2746 2.05134509E+03
     59077.6160 1.92920704E+03
     59079.9576 1.84691847E+03
     59082.2993 1.82271358E+03
     59084.6413 1.84635135E+03
     59086.9834 1.92802151E+03
     59089.3258 2.04944228E+03
     59091.6683 2.08860063E+03
     59094.0110 2.08929350E+03
     59096.3538 2.08897391E+03
     59554.4100 2.02653681E+03
     59556.7701 2.02622101E+03
     59559.1304 2.02588605E+03
     59561.4909 2.02450662E+03
     59563.8515 2.00723278E+03
     59566.2124 1.94589496E+03
     59568.5734 1.90770346E+03
     59570.9346 1.94529521E+03
     59573.2961 2.00598570E+03
     59575.6577 2.02261503E+03
     59578.0194 2.02336215E+03
     59580.3814 2.02306609E+03
     59582.7436 2.02275091E+03
     59620.0719 2.01777648E+03
     61148.7917 1.82469400E+03
     62716.7094 1.65003346E+03
     62904.3455 1.63055539E+03
     62906.8384 1.63029833E+03
     62909.3315 1.63000272E+03
     62911.8247 1.62762435E+03
     62914.3182 1.59711242E+03
     62916.8118 1.52318900E+03
     62919.3057 1.49281644E+03
     62921.7997 1.52271998E+03
     62924.2940 1.59611581E+03
     62926.7884 1.62608745E+03
     62929.2830 1.62794942E+03
     62931.7779 1.62773160E+03
     62934.2729 1.62747531E+03
     64324.8302 1.49204300E+03
     65974.1848 1.34913675E+03
     67665.8306 1.21987912E+03
     67703.9608 1.21714787E+03
     67706.6439 1.21695557E+03
     67709.3272 1.21669383E+03
     67712.0107 1.21276082E+03
     67714.6944 1.17164198E+03
     67717.3783 1.11546382E+03
     67720.0624 1.09773045E+03
     67722.7467 1.11512009E+03
     67725.4313 1.17091528E+03
     67728.1161 1.21161588E+03
     67730.8011 1.21515977E+03
     67733.4862 1.21503783E+03
     67736.1717 1.21484657E+03
     69400.8519 1.10297071E+03
     71180.3609 9.97235360E+02
     73005.4983 9.01608540E+02
     73121.6576 8.95918325E+02
     74581.1257 8.28648136E+02
     74584.0813 8.28499412E+02
     74587.0371 8.25278592E+02
     74589.9932 7.81016973E+02
     74592.9495 7.29923123E+02
     74595.9060 7.08541865E+02
     74598.8628 7.02977419E+02
     74598.8628 7.02977396E+02
     74601.8198 7.08322807E+02
     74604.7771 7.29472201E+02
     74607.7345 7.80292235E+02
     74610.6923 8.24243416E+02
     74613.6502 8.27197473E+02
     74616.6084 8.27085751E+02
     75007.3035 8.10056593E+02
     75010.2760 8.09924565E+02
     75013.2488 8.09078814E+02
     75016.2217 7.87178717E+02
     75019.1949 7.37809849E+02
     75022.1684 7.10025764E+02
     75025.1420 7.02516724E+02
     75028.1159 7.09806358E+02
     75031.0901 7.37353983E+02
     75034.0645 7.86443939E+02
     75037.0391 8.08058125E+02
     75040.0139 8.08646659E+02
     75042.9890 8.08523091E+02
     75063.3709 8.07648853E+02
     75066.3456 8.07520758E+02
     75069.3206 8.07288004E+02
     75072.2958 8.01836704E+02
     75075.2712 7.64907643E+02
     75078.2468 7.31748517E+02
     75081.2227 7.21636874E+02
     75084.1989 7.31522476E+02
     75087.1752 7.64433983E+02
     75090.1518 8.01080586E+02
     75093.1287 8.06268925E+02
     75096.1058 8.06246631E+02
     75099.0831 8.06119899E+02
     76511.6541 7.48438388E+02
     78473.4914 6.76608065E+02
     80485.6322 6.11653573E+02
     81529.6777 5.81014708E+02
     81532.9087 5.80922886E+02
     81536.1399 5.80828072E+02
     81539.3714 5.80569616E+02
     81542.6032 5.77744630E+02
     81545.8352 5.66557890E+02
     81549.0674 5.58411877E+02
     81552.2999 5.66380580E+02
     81555.5327 5.77380299E+02
     81558.7657 5.80019379E+02
     81561.9990 5.80094116E+02
     81565.2325 5.80005435E+02
     81568.4663 5.79913766E+02
     82549.3664 5.52918642E+02
     84666.0168 4.99809439E+02
     86624.5963 4.56223876E+02
     86628.0292 4.56151709E+02
     86631.4624 4.56073711E+02
     86634.8958 4.55678778E+02
     86638.3295 4.50637098E+02
     86641.7635 4.34902143E+02
     86645.1977 4.26525553E+02
     86648.6322 4.34766939E+02
     86652.0670 4.50353626E+02
     86655.5020 4.55246721E+02
     86658.9374 4.55497027E+02
     86662.3730 4.55430840E+02
     86665.8089 4.55358833E+02
     86836.9403 4.51788647E+02
     87580.0147 4.36684771E+02
     87583.4854 4.36615067E+02
     87586.9564 4.36432436E+02
     87590.4277 4.31263161E+02
     87593.8993 4.08758686E+02
     87597.3711 3.92401753E+02
     87600.8433 3.87692404E+02
     87604.3156 3.92280145E+02
     87607.7883 4.08505123E+02
     87611.2613 4.30857076E+02
     87614.7345 4.35880603E+02
     87618.2080 4.35924964E+02
     87621.6817 4.35856645E+02
     89063.5285 4.08370111E+02
     90273.6514 3.86952760E+02
     92097.3615 3.57405111E+02
     93898.0318 3.30810771E+02
     93901.7529 3.30758361E+02
     93905.4744 3.30695550E+02
     93909.1961 3.30074418E+02
     93912.9181 3.22567432E+02
     93916.6404 3.07996112E+02
     93920.3630 3.02871193E+02
     93924.0859 3.07900582E+02
     93927.8091 3.22365490E+02
     93931.5325 3.29761358E+02
     93935.2563 3.30277032E+02
     93938.9804 3.30235188E+02
     93942.7048 3.30182964E+02
     94458.8323 3.23036328E+02
     96880.8536 2.91964574E+02
     99364.9781 2.63874403E+02
    101912.7980 2.38480465E+02
    104525.9467 2.15524636E+02
    105010.2249 2.11577909E+02
    105014.3864 2.11544299E+02
    105018.5483 2.11495259E+02
    105022.7104 2.10643995E+02
    105026.8729 2.02954213E+02
    105031.0357 1.94289389E+02
    105035.1988 1.91698878E+02
    105039.3623 1.94229005E+02
    105043.5261 2.02827638E+02
    105047.6902 2.10444244E+02
    105051.8547 2.11227287E+02
    105056.0195 2.11209294E+02
    105060.1846 2.11175904E+02
    107206.0992 1.94773435E+02
    109954.9735 1.76015676E+02
    112774.3318 1.59104643E+02
    113060.3252 1.57500391E+02
    113064.8057 1.57474965E+02
    113069.2866 1.57370870E+02
    113073.7678 1.54392946E+02
    113078.2494 1.45612505E+02
    113082.7313 1.40584631E+02
    113087.2136 1.39242407E+02
    113091.6962 1.40540858E+02
    113096.1792 1.45521870E+02
    113100.6626 1.54247616E+02
    113105.1463 1.57171400E+02
    113109.6304 1.57225409E+02
    113114.1148 1.57200922E+02
    115367.6788 1.45268578E+02
    115372.2507 1.45245536E+02
    115376.8230 1.45221434E+02
    115381.3957 1.45139568E+02
    115385.9687 1.44171904E+02
    115390.5421 1.40644331E+02
    115395.1159 1.38357474E+02
    115399.6900 1.40600253E+02
    115404.2645 1.44080736E+02
    115408.8394 1.45001521E+02
    115413.4146 1.45037262E+02
    115417.9902 1.45015318E+02
    115422.5661 1.44992318E+02
    115665.9813 1.43775023E+02
    118631.7757 1.29919174E+02
    121673.6161 1.17395757E+02
    123689.9284 1.09918153E+02
    123694.8302 1.09899485E+02
    123699.7323 1.09674618E+02
    123704.6348 1.05250994E+02
    123709.5378 9.90170235E+01
    123714.4411 9.64361349E+01
    123719.3448 9.57494079E+01
    123724.2489 9.64060479E+01
    123729.1533 9.89553019E+01
    123734.0582 1.05152375E+02
    123738.9635 1.09535626E+02
    123743.8691 1.09725177E+02
    123748.7751 1.09708979E+02
    123842.4680 1.09376967E+02
    123847.3758 1.09359511E+02
    123852.2840 1.09324904E+02
    123857.1926 1.08464731E+02
    123862.1015 1.03489857E+02
    123867.0109 9.95581821E+01
    123871.9207 9.84468555E+01
    123876.8308 9.95271563E+01
    123881.7413 1.03425298E+02
    123886.6522 1.08361967E+02
    123891.5635 1.09186177E+02
    123896.4752 1.09186057E+02
    123901.3873 1.09168821E+02
    124793.4524 1.06076949E+02
    125841.0576 1.02584067E+02
    125846.0446 1.02567775E+02
    125851.0320 1.02549633E+02
    125856.0198 1.02431352E+02
    125861.0080 1.00927775E+02
    125865.9966 9.70222249E+01
    125870.9856 9.53229601E+01
    125875.9749 9.69919687E+01
    125880.9647 1.00864152E+02
    125885.9549 1.02333875E+02
    125890.9454 1.02419470E+02
    125895.9364 1.02405067E+02
    125900.9278 1.02388817E+02
    127993.2846 9.58471601E+01
    129994.0580 9.00724558E+01
    132620.2005 8.31501879E+01
    136020.7185 7.51273486E+01
    139508.4292 6.78770515E+01
    141797.3652 6.35896956E+01
    141802.9845 6.35795767E+01
    141808.6043 6.35666835E+01
    141814.2245 6.34064008E+01
    141819.8452 6.16587421E+01
    141825.4663 5.90643017E+01
    141831.0879 5.82727031E+01
    141836.7099 5.90458733E+01
    141842.3324 6.16200530E+01
    141847.9553 6.33460474E+01
    141853.5787 6.34859174E+01
    141859.2025 6.34786121E+01
    141864.8267 6.34685381E+01
    143085.5684 6.13250766E+01
    146754.4291 5.54043160E+01
    150517.3632 5.00540946E+01
    152562.4708 4.74161258E+01
    155644.5409 4.37643380E+01
    159635.4265 3.95362753E+01
    162052.8163 3.72217944E+01
    162059.2383 3.72158056E+01
    162065.6609 3.71978901E+01
    162072.0840 3.66840564E+01
    162078.5075 3.48047416E+01
    162084.9316 3.36931732E+01
    162091.3562 3.33979817E+01
    162097.7813 3.36826343E+01
    162104.2070 3.47829783E+01
    162110.6331 3.66493301E+01
    162117.0597 3.71505854E+01
    162123.4869 3.71566422E+01
    162129.9145 3.71507982E+01
    163728.6426 3.57159469E+01
    164078.4765 3.54112388E+01
    164084.9788 3.54056039E+01
    164091.4816 3.53995962E+01
    164097.9850 3.53733111E+01
    164104.4889 3.50470532E+01
    164110.9933 3.40006534E+01
    164117.4982 3.34274699E+01
    164124.0036 3.39899899E+01
    164130.5095 3.50248513E+01
    164137.0160 3.53395660E+01
    164143.5230 3.53545638E+01
    164150.0305 3.53493125E+01
    164156.5385 3.53436892E+01
    167926.8129 3.22641160E+01
    168766.4329 3.16244463E+01
    168773.1210 3.16193967E+01
    168779.8097 3.16111964E+01
    168786.4989 3.14435969E+01
    168793.1886 3.02047806E+01
    168799.8788 2.90997455E+01
    168806.5696 2.87928089E+01
    168813.2608 2.90906441E+01
    168819.9527 3.01858617E+01
    168826.6450 3.14136782E+01
    168833.3379 3.15709768E+01
    168840.0313 3.15691141E+01
    168846.7253 3.15641071E+01
    172232.6287 2.91453127E+01
    176648.8499 2.63274731E+01
    176936.3567 2.61560641E+01
    180510.8285 2.41383795E+01
    185139.3113 2.18038838E+01
    186107.5312 2.13516740E+01
    186114.9065 2.13482712E+01
    186122.2824 2.13443086E+01
    186129.6589 2.13102381E+01
    186137.0360 2.08971909E+01
    186144.4137 2.00703966E+01
    186151.7919 1.97856340E+01
    186159.1708 2.00641166E+01
    186166.5502 2.08840056E+01
    186173.9302 2.12898996E+01
    186181.3108 2.13171312E+01
    186188.6919 2.13142981E+01
    186196.0737 2.13109062E+01
    189886.4731 1.96948014E+01
    190574.1119 1.94107713E+01
    190581.6643 1.94075502E+01
    190589.2172 1.93821131E+01
    190596.7707 1.87775530E+01
    190604.3249 1.77737671E+01
    190611.8796 1.73525065E+01
    190619.4349 1.72363569E+01
    190626.9908 1.73470667E+01
    190634.5474 1.77626337E+01
    190642.1045 1.87598582E+01
    190649.6622 1.93574500E+01
    190657.2206 1.93766605E+01
    190664.7795 1.93737031E+01
    194755.3570 1.77894091E+01
    199749.0841 1.60680728E+01
    203115.7156 1.50238777E+01
    203115.7156 1.50238777E+01
    207219.0633 1.38635095E+01
    207219.0633 1.38635095E+01
    217334.6796 1.14453721E+01
    223262.9833 1.02710899E+01
    223271.8311 1.02694489E+01
    223280.6795 1.02671577E+01
    223289.5287 1.02309650E+01
    223298.3786 9.90074164E+00
    223307.2292 9.54568858E+00
    223316.0805 9.44832570E+00
    223324.9324 9.54269575E+00
    223333.7851 9.89451823E+00
    223342.6385 1.02212009E+01
    223351.4926 1.02540695E+01
    223351.8261 1.02540325E+01
    223360.3474 1.02530748E+01
    223360.6774 1.02530136E+01
    223369.2029 1.02492979E+01
    223369.5294 1.02491558E+01
    223378.3821 1.01452449E+01
    223387.2355 9.68286422E+00
    223396.0896 9.39474139E+00
    223404.9444 9.31819586E+00
    223413.7999 9.39179412E+00
    223422.6561 9.67679069E+00
    223431.5130 1.01356019E+01
    223440.3706 1.02360920E+01
    223449.2290 1.02366814E+01
    223458.0880 1.02350616E+01
    228488.5903 9.35822684E+00
    238623.7458 7.85880946E+00
    238633.2023 7.85755555E+00
    238642.6596 7.85617935E+00
    238652.1176 7.84817873E+00
    238661.5764 7.74797592E+00
    238671.0359 7.48550419E+00
    238680.4961 7.37259744E+00
    238689.9572 7.48315464E+00
    238699.4189 7.74306461E+00
    238708.8814 7.84067436E+00
    238718.3447 7.84616056E+00
    238727.8087 7.84503177E+00
    238737.2735 7.84378091E+00
    240849.3033 7.57061961E+00
    254623.8759 6.05215868E+00
    270069.6062 4.77460610E+00
    277968.2425 4.25129050E+00
    277979.2582 4.25059354E+00
    277990.2748 4.24670697E+00
    278001.2922 4.14497390E+00
    278012.3106 3.94679191E+00
    278023.3298 3.86026585E+00
    278034.3499 3.83529253E+00
    278045.3708 3.85905232E+00
    278056.3926 3.94431233E+00
    278067.4153 4.14105232E+00
    278078.4389 4.24129011E+00
    278089.4634 4.24381365E+00
    278100.4887 4.24315457E+00
    287510.2561 3.71093414E+00
    288243.3443 3.67306462E+00
    288254.7672 3.67247754E+00
    288266.1910 3.67174600E+00
    288277.6157 3.66334209E+00
    288289.0414 3.57311840E+00
    288300.4679 3.44698198E+00
    288311.8953 3.41153222E+00
    288323.3237 3.44589946E+00
    288334.7529 3.57086395E+00
    288346.1831 3.65983879E+00
    288357.6141 3.66705934E+00
    288369.0461 3.66661884E+00
    288380.4790 3.66603419E+00
    298324.5027 3.19809447E+00
    298336.3251 3.19758128E+00
    298348.1484 3.19660214E+00
    298359.9727 3.17329015E+00
    298371.7980 3.04667397E+00
    298383.6241 2.96141261E+00
    298395.4512 2.93868409E+00
    298407.2793 2.96048171E+00
    298419.1083 3.04475859E+00
    298430.9382 3.17026494E+00
    298442.7690 3.19252171E+00
    298454.6008 3.19247949E+00
    298466.4336 3.19197231E+00
    307358.9932 2.83590048E+00
    330151.5405 2.12572695E+00
    356595.2576 1.55826341E+00
    387643.8622 1.11295822E+00
    424614.9104 7.70840425E-01
    469381.5923 5.14546016E-01
    524700.1509 3.28314913E-01
    594799.7580 1.97994338E-01
    686518.1466 1.11040781E-01
    811679.4863 5.65208163E-02
    992653.3174 2.51095617E-02
   1277483.9231 9.08661401E-03
   1791548.4107 2.32814261E-03
   2997925.1058 2.93452149E-04
