   1    9.8252E-08  5.1164E-08  1.0415E+00  9.9223E+03  3.5645E+12  6.0846E-12
   2    1.3472E-07  8.8404E-08  1.0008E+00  1.0630E+04  4.5786E+12  7.7602E-12
   3    1.8422E-07  1.4105E-07  1.1267E+00  1.0808E+04  6.1573E+12  1.0437E-11
   4    2.5113E-07  2.2216E-07  1.2975E+00  1.0941E+04  8.2900E+12  1.4060E-11
   5    3.4116E-07  3.4904E-07  1.5210E+00  1.1048E+04  1.1148E+13  1.8923E-11
   6    4.6154E-07  5.4963E-07  1.8116E+00  1.1135E+04  1.4955E+13  2.5415E-11
   7    6.2130E-07  8.6906E-07  2.1872E+00  1.1206E+04  1.9988E+13  3.4021E-11
   8    8.3145E-07  1.3790E-06  2.6663E+00  1.1268E+04  2.6576E+13  4.5323E-11
   9    1.1051E-06  2.1906E-06  3.2649E+00  1.1328E+04  3.5094E+13  5.9992E-11
  10    1.4575E-06  3.4697E-06  3.9945E+00  1.1393E+04  4.5960E+13  7.8777E-11
  11    1.9061E-06  5.4576E-06  4.8682E+00  1.1464E+04  5.9647E+13  1.0253E-10
  12    2.4705E-06  8.4947E-06  5.8944E+00  1.1543E+04  7.6664E+13  1.3217E-10
  13    3.1725E-06  1.3048E-05  7.0771E+00  1.1630E+04  9.7565E+13  1.6870E-10
  14    4.0367E-06  1.9744E-05  8.4191E+00  1.1726E+04  1.2296E+14  2.1319E-10
  15    5.0906E-06  2.9414E-05  9.9340E+00  1.1827E+04  1.5352E+14  2.6691E-10
  16    6.3650E-06  4.3156E-05  1.1631E+01  1.1932E+04  1.9001E+14  3.3120E-10
  17    7.8953E-06  6.2398E-05  1.3517E+01  1.2041E+04  2.3328E+14  4.0759E-10
  18    9.7220E-06  8.8990E-05  1.5598E+01  1.2153E+04  2.8427E+14  4.9779E-10
  19    1.1892E-05  1.2533E-04  1.7897E+01  1.2268E+04  3.4410E+14  6.0383E-10
  20    1.4460E-05  1.7456E-04  2.0445E+01  1.2382E+04  4.1410E+14  7.2821E-10
  21    1.7489E-05  2.4077E-04  2.3269E+01  1.2496E+04  4.9576E+14  8.7367E-10
  22    2.1054E-05  3.2934E-04  2.6415E+01  1.2607E+04  5.9086E+14  1.0436E-09
  23    2.5242E-05  4.4735E-04  2.9946E+01  1.2715E+04  7.0148E+14  1.2419E-09
  24    3.0153E-05  6.0419E-04  3.3927E+01  1.2819E+04  8.3002E+14  1.4734E-09
  25    3.5906E-05  8.1232E-04  3.8424E+01  1.2919E+04  9.7924E+14  1.7436E-09
  26    4.2641E-05  1.0882E-03  4.3513E+01  1.3015E+04  1.1524E+15  2.0587E-09
  27    5.0519E-05  1.4537E-03  4.9259E+01  1.3107E+04  1.3531E+15  2.4264E-09
  28    5.9734E-05  1.9374E-03  5.5721E+01  1.3197E+04  1.5856E+15  2.8548E-09
  29    7.0509E-05  2.5767E-03  6.2953E+01  1.3288E+04  1.8547E+15  3.3536E-09
  30    8.3107E-05  3.4204E-03  7.0983E+01  1.3381E+04  2.1660E+15  3.9332E-09
  31    9.7840E-05  4.5314E-03  7.9836E+01  1.3480E+04  2.5259E+15  4.6058E-09
  32    1.1507E-04  5.9907E-03  8.9517E+01  1.3585E+04  2.9419E+15  5.3846E-09
  33    1.3524E-04  7.9018E-03  1.0001E+02  1.3700E+04  3.4225E+15  6.2849E-09
  34    1.5886E-04  1.0397E-02  1.1123E+02  1.3828E+04  3.9778E+15  7.3231E-09
  35    1.8656E-04  1.3642E-02  1.2314E+02  1.3970E+04  4.6199E+15  8.5182E-09
  36    2.1907E-04  1.7849E-02  1.3565E+02  1.4129E+04  5.3627E+15  9.8918E-09
  37    2.5731E-04  2.3286E-02  1.4872E+02  1.4307E+04  6.2227E+15  1.1470E-08
  38    3.0237E-04  3.0286E-02  1.6200E+02  1.4508E+04  7.2187E+15  1.3277E-08
  39    3.5561E-04  3.9267E-02  1.7534E+02  1.4736E+04  8.3734E+15  1.5347E-08
  40    4.1874E-04  5.0752E-02  1.8853E+02  1.4994E+04  9.7141E+15  1.7720E-08
  41    4.9389E-04  6.5399E-02  2.0129E+02  1.5284E+04  1.1273E+16  2.0445E-08
  42    5.8382E-04  8.4043E-02  2.1335E+02  1.5611E+04  1.3091E+16  2.3586E-08
  43    6.9208E-04  1.0774E-01  2.2452E+02  1.5979E+04  1.5216E+16  2.7220E-08
  44    8.2332E-04  1.3787E-01  2.3464E+02  1.6393E+04  1.7709E+16  3.1450E-08
  45    9.8371E-04  1.7624E-01  2.4369E+02  1.6858E+04  2.0650E+16  3.6409E-08
  46    1.1815E-03  2.2525E-01  2.5184E+02  1.7380E+04  2.4141E+16  4.2276E-08
  47    1.4280E-03  2.8826E-01  2.5944E+02  1.7963E+04  2.8318E+16  4.9284E-08
  48    1.7385E-03  3.6999E-01  2.6700E+02  1.8612E+04  3.3364E+16  5.7747E-08
  49    2.1340E-03  4.7720E-01  2.7516E+02  1.9335E+04  3.9517E+16  6.8075E-08
  50    2.6433E-03  6.1960E-01  2.8398E+02  2.0137E+04  4.7091E+16  8.0800E-08
  51    3.3065E-03  8.1172E-01  2.9539E+02  2.1033E+04  5.6491E+16  9.6608E-08
  52    4.1765E-03  1.0746E+00  3.0909E+02  2.2035E+04  6.8200E+16  1.1631E-07
  53    5.3215E-03  1.4379E+00  3.2535E+02  2.3163E+04  8.2761E+16  1.4083E-07
  54    6.8312E-03  1.9433E+00  3.4421E+02  2.4439E+04  1.0078E+17  1.7117E-07
  55    8.8186E-03  2.6486E+00  3.6557E+02  2.5888E+04  1.2291E+17  2.0844E-07
  56    1.1424E-02  3.6324E+00  3.8954E+02  2.7531E+04  1.4982E+17  2.5375E-07
  57    1.4823E-02  5.0011E+00  4.1590E+02  2.9385E+04  1.8220E+17  3.0831E-07
  58    1.9236E-02  6.8981E+00  4.4372E+02  3.1461E+04  2.2092E+17  3.7355E-07
  59    2.4966E-02  9.5170E+00  4.7050E+02  3.3767E+04  2.6720E+17  4.5155E-07
  60    3.2458E-02  1.3120E+01  4.9139E+02  3.6308E+04  3.2312E+17  5.4583E-07
  61    4.2444E-02  1.8066E+01  4.9913E+02  3.9092E+04  3.9247E+17  6.6278E-07
  62    5.6190E-02  2.4844E+01  4.8698E+02  4.2136E+04  4.8208E+17  8.1393E-07
  63    7.5940E-02  3.4130E+01  4.5346E+02  4.5461E+04  6.0390E+17  1.0195E-06
  64    1.0559E-01  4.6865E+01  4.0553E+02  4.9088E+04  7.7770E+17  1.3127E-06
  65    1.5162E-01  6.4354E+01  3.5437E+02  5.3034E+04  1.0337E+18  1.7448E-06
  66    2.2422E-01  8.8407E+01  3.0821E+02  5.7325E+04  1.4145E+18  2.3874E-06
  67    3.3866E-01  1.2150E+02  2.7008E+02  6.1991E+04  1.9758E+18  3.3349E-06
  68    5.1703E-01  1.6697E+02  2.3980E+02  6.7069E+04  2.7883E+18  4.7063E-06
  69    7.9061E-01  2.2934E+02  2.1613E+02  7.2599E+04  3.9392E+18  6.6493E-06
  70    1.2031E+00  3.1469E+02  1.9770E+02  7.8627E+04  5.5353E+18  9.3437E-06
