 RELATIVE CHANGES OF VECTOR PSI
  ITER  ID    TEMP        NE       POP     RAD      MAXIMUM   ilev   ifr

    1   70  1.34E-03  0.00E+00  0.00E+00  0.00E+00  1.34E-03    0    0
    1   69  5.98E-04  0.00E+00  0.00E+00  0.00E+00  5.98E-04    0    0
    1   68  3.11E-04  0.00E+00  0.00E+00  0.00E+00  3.11E-04    0    0
    1   67  3.98E-04  0.00E+00  0.00E+00  0.00E+00  3.98E-04    0    0
    1   66  8.03E-04  0.00E+00  0.00E+00  0.00E+00  8.03E-04    0    0
    1   65  1.45E-03  0.00E+00  0.00E+00  0.00E+00  1.45E-03    0    0
    1   64  2.26E-03  0.00E+00  0.00E+00  0.00E+00  2.26E-03    0    0
    1   63  3.27E-03  0.00E+00  0.00E+00  0.00E+00  3.27E-03    0    0
    1   62  4.59E-03  0.00E+00  0.00E+00  0.00E+00  4.59E-03    0    0
    1   61  6.24E-03  0.00E+00  0.00E+00  0.00E+00  6.24E-03    0    0
    1   60  8.11E-03  0.00E+00  0.00E+00  0.00E+00  8.11E-03    0    0
    1   59  1.02E-02  0.00E+00  0.00E+00  0.00E+00  1.02E-02    0    0
    1   58  1.26E-02  0.00E+00  0.00E+00  0.00E+00  1.26E-02    0    0
    1   57  1.53E-02  0.00E+00  0.00E+00  0.00E+00  1.53E-02    0    0
    1   56  1.85E-02  0.00E+00  0.00E+00  0.00E+00  1.85E-02    0    0
    1   55  2.18E-02  0.00E+00  0.00E+00  0.00E+00  2.18E-02    0    0
    1   54  2.49E-02  0.00E+00  0.00E+00  0.00E+00  2.49E-02    0    0
    1   53  2.72E-02  0.00E+00  0.00E+00  0.00E+00  2.72E-02    0    0
    1   52  2.81E-02  0.00E+00  0.00E+00  0.00E+00  2.81E-02    0    0
    1   51  2.68E-02  0.00E+00  0.00E+00  0.00E+00  2.68E-02    0    0
    1   50  2.31E-02  0.00E+00  0.00E+00  0.00E+00  2.31E-02    0    0
    1   49  1.71E-02  0.00E+00  0.00E+00  0.00E+00  1.71E-02    0    0
    1   48  9.08E-03  0.00E+00  0.00E+00  0.00E+00  9.08E-03    0    0
    1   47 -7.59E-04  0.00E+00  0.00E+00  0.00E+00 -7.59E-04    0    0
    1   46 -1.23E-02  0.00E+00  0.00E+00  0.00E+00 -1.23E-02    0    0
    1   45 -2.54E-02  0.00E+00  0.00E+00  0.00E+00 -2.54E-02    0    0
    1   44 -4.03E-02  0.00E+00  0.00E+00  0.00E+00 -4.03E-02    0    0
    1   43 -5.69E-02  0.00E+00  0.00E+00  0.00E+00 -5.69E-02    0    0
    1   42 -7.51E-02  0.00E+00  0.00E+00  0.00E+00 -7.51E-02    0    0
    1   41 -9.48E-02  0.00E+00  0.00E+00  0.00E+00 -9.48E-02    0    0
    1   40 -1.15E-01  0.00E+00  0.00E+00  0.00E+00 -1.15E-01    0    0
    1   39 -1.35E-01  0.00E+00  0.00E+00  0.00E+00 -1.35E-01    0    0
    1   38 -1.53E-01  0.00E+00  0.00E+00  0.00E+00 -1.53E-01    0    0
    1   37 -1.65E-01  0.00E+00  0.00E+00  0.00E+00 -1.65E-01    0    0
    1   36 -1.72E-01  0.00E+00  0.00E+00  0.00E+00 -1.72E-01    0    0
    1   35 -1.71E-01  0.00E+00  0.00E+00  0.00E+00 -1.71E-01    0    0
    1   34 -1.65E-01  0.00E+00  0.00E+00  0.00E+00 -1.65E-01    0    0
    1   33 -1.59E-01  0.00E+00  0.00E+00  0.00E+00 -1.59E-01    0    0
    1   32 -1.53E-01  0.00E+00  0.00E+00  0.00E+00 -1.53E-01    0    0
    1   31 -1.51E-01  0.00E+00  0.00E+00  0.00E+00 -1.51E-01    0    0
    1   30 -1.53E-01  0.00E+00  0.00E+00  0.00E+00 -1.53E-01    0    0
    1   29 -1.60E-01  0.00E+00  0.00E+00  0.00E+00 -1.60E-01    0    0
    1   28 -1.70E-01  0.00E+00  0.00E+00  0.00E+00 -1.70E-01    0    0
    1   27 -1.84E-01  0.00E+00  0.00E+00  0.00E+00 -1.84E-01    0    0
    1   26 -2.00E-01  0.00E+00  0.00E+00  0.00E+00 -2.00E-01    0    0
    1   25 -2.17E-01  0.00E+00  0.00E+00  0.00E+00 -2.17E-01    0    0
    1   24 -2.34E-01  0.00E+00  0.00E+00  0.00E+00 -2.34E-01    0    0
    1   23 -2.49E-01  0.00E+00  0.00E+00  0.00E+00 -2.49E-01    0    0
    1   22 -2.63E-01  0.00E+00  0.00E+00  0.00E+00 -2.63E-01    0    0
    1   21 -2.75E-01  0.00E+00  0.00E+00  0.00E+00 -2.75E-01    0    0
    1   20 -2.85E-01  0.00E+00  0.00E+00  0.00E+00 -2.85E-01    0    0
    1   19 -2.91E-01  0.00E+00  0.00E+00  0.00E+00 -2.91E-01    0    0
    1   18 -2.93E-01  0.00E+00  0.00E+00  0.00E+00 -2.93E-01    0    0
    1   17 -2.90E-01  0.00E+00  0.00E+00  0.00E+00 -2.90E-01    0    0
    1   16 -2.83E-01  0.00E+00  0.00E+00  0.00E+00 -2.83E-01    0    0
    1   15 -2.78E-01  0.00E+00  0.00E+00  0.00E+00 -2.78E-01    0    0
    1   14 -2.75E-01  0.00E+00  0.00E+00  0.00E+00 -2.75E-01    0    0
    1   13 -2.69E-01  0.00E+00  0.00E+00  0.00E+00 -2.69E-01    0    0
    1   12 -2.70E-01  0.00E+00  0.00E+00  0.00E+00 -2.70E-01    0    0
    1   11 -2.90E-01  0.00E+00  0.00E+00  0.00E+00 -2.90E-01    0    0
    1   10 -3.40E-01  0.00E+00  0.00E+00  0.00E+00 -3.40E-01    0    0
    1    9 -4.19E-01  0.00E+00  0.00E+00  0.00E+00 -4.19E-01    0    0
    1    8 -5.20E-01  0.00E+00  0.00E+00  0.00E+00 -5.20E-01    0    0
    1    7 -6.24E-01  0.00E+00  0.00E+00  0.00E+00 -6.24E-01    0    0
    1    6 -7.12E-01  0.00E+00  0.00E+00  0.00E+00 -7.12E-01    0    0
    1    5 -7.75E-01  0.00E+00  0.00E+00  0.00E+00 -7.75E-01    0    0
    1    4 -8.16E-01  0.00E+00  0.00E+00  0.00E+00 -8.16E-01    0    0
    1    3 -8.40E-01  0.00E+00  0.00E+00  0.00E+00 -8.40E-01    0    0
    1    2 -8.54E-01  0.00E+00  0.00E+00  0.00E+00 -8.54E-01    0    0
    1    1 -8.62E-01  0.00E+00  0.00E+00  0.00E+00 -8.62E-01    0    0
    2   70 -1.79E-05  0.00E+00  0.00E+00  0.00E+00 -1.79E-05    0    0
    2   69 -9.94E-06  0.00E+00  0.00E+00  0.00E+00 -9.94E-06    0    0
    2   68 -1.17E-05  0.00E+00  0.00E+00  0.00E+00 -1.17E-05    0    0
    2   67 -2.01E-05  0.00E+00  0.00E+00  0.00E+00 -2.01E-05    0    0
    2   66 -3.59E-05  0.00E+00  0.00E+00  0.00E+00 -3.59E-05    0    0
    2   65 -6.29E-05  0.00E+00  0.00E+00  0.00E+00 -6.29E-05    0    0
    2   64 -1.07E-04  0.00E+00  0.00E+00  0.00E+00 -1.07E-04    0    0
    2   63 -1.73E-04  0.00E+00  0.00E+00  0.00E+00 -1.73E-04    0    0
    2   62 -2.60E-04  0.00E+00  0.00E+00  0.00E+00 -2.60E-04    0    0
    2   61 -3.58E-04  0.00E+00  0.00E+00  0.00E+00 -3.58E-04    0    0
    2   60 -4.53E-04  0.00E+00  0.00E+00  0.00E+00 -4.53E-04    0    0
    2   59 -5.41E-04  0.00E+00  0.00E+00  0.00E+00 -5.41E-04    0    0
    2   58 -6.06E-04  0.00E+00  0.00E+00  0.00E+00 -6.06E-04    0    0
    2   57 -6.25E-04  0.00E+00  0.00E+00  0.00E+00 -6.25E-04    0    0
    2   56 -5.71E-04  0.00E+00  0.00E+00  0.00E+00 -5.71E-04    0    0
    2   55 -4.26E-04  0.00E+00  0.00E+00  0.00E+00 -4.26E-04    0    0
    2   54 -1.91E-04  0.00E+00  0.00E+00  0.00E+00 -1.91E-04    0    0
    2   53  1.13E-04  0.00E+00  0.00E+00  0.00E+00  1.13E-04    0    0
    2   52  4.49E-04  0.00E+00  0.00E+00  0.00E+00  4.49E-04    0    0
    2   51  7.60E-04  0.00E+00  0.00E+00  0.00E+00  7.60E-04    0    0
    2   50  9.61E-04  0.00E+00  0.00E+00  0.00E+00  9.61E-04    0    0
    2   49  9.33E-04  0.00E+00  0.00E+00  0.00E+00  9.33E-04    0    0
    2   48  5.88E-04  0.00E+00  0.00E+00  0.00E+00  5.88E-04    0    0
    2   47  3.83E-06  0.00E+00  0.00E+00  0.00E+00  3.83E-06    0    0
    2   46 -5.53E-04  0.00E+00  0.00E+00  0.00E+00 -5.53E-04    0    0
    2   45 -6.51E-04  0.00E+00  0.00E+00  0.00E+00 -6.51E-04    0    0
    2   44  2.46E-04  0.00E+00  0.00E+00  0.00E+00  2.46E-04    0    0
    2   43  2.66E-03  0.00E+00  0.00E+00  0.00E+00  2.66E-03    0    0
    2   42  6.95E-03  0.00E+00  0.00E+00  0.00E+00  6.95E-03    0    0
    2   41  1.31E-02  0.00E+00  0.00E+00  0.00E+00  1.31E-02    0    0
    2   40  2.09E-02  0.00E+00  0.00E+00  0.00E+00  2.09E-02    0    0
    2   39  2.91E-02  0.00E+00  0.00E+00  0.00E+00  2.91E-02    0    0
    2   38  3.61E-02  0.00E+00  0.00E+00  0.00E+00  3.61E-02    0    0
    2   37  3.91E-02  0.00E+00  0.00E+00  0.00E+00  3.91E-02    0    0
    2   36  3.61E-02  0.00E+00  0.00E+00  0.00E+00  3.61E-02    0    0
    2   35  2.60E-02  0.00E+00  0.00E+00  0.00E+00  2.60E-02    0    0
    2   34  1.08E-02  0.00E+00  0.00E+00  0.00E+00  1.08E-02    0    0
    2   33 -6.10E-03  0.00E+00  0.00E+00  0.00E+00 -6.10E-03    0    0
    2   32 -2.07E-02  0.00E+00  0.00E+00  0.00E+00 -2.07E-02    0    0
    2   31 -2.99E-02  0.00E+00  0.00E+00  0.00E+00 -2.99E-02    0    0
    2   30 -3.35E-02  0.00E+00  0.00E+00  0.00E+00 -3.35E-02    0    0
    2   29 -3.25E-02  0.00E+00  0.00E+00  0.00E+00 -3.25E-02    0    0
    2   28 -2.80E-02  0.00E+00  0.00E+00  0.00E+00 -2.80E-02    0    0
    2   27 -2.04E-02  0.00E+00  0.00E+00  0.00E+00 -2.04E-02    0    0
    2   26 -1.07E-02  0.00E+00  0.00E+00  0.00E+00 -1.07E-02    0    0
    2   25 -1.57E-02  0.00E+00  0.00E+00  0.00E+00 -1.57E-02    0    0
    2   24 -2.18E-02  0.00E+00  0.00E+00  0.00E+00 -2.18E-02    0    0
    2   23 -2.82E-02  0.00E+00  0.00E+00  0.00E+00 -2.82E-02    0    0
    2   22 -3.54E-02  0.00E+00  0.00E+00  0.00E+00 -3.54E-02    0    0
    2   21 -4.36E-02  0.00E+00  0.00E+00  0.00E+00 -4.36E-02    0    0
    2   20 -5.31E-02  0.00E+00  0.00E+00  0.00E+00 -5.31E-02    0    0
    2   19 -6.40E-02  0.00E+00  0.00E+00  0.00E+00 -6.40E-02    0    0
    2   18 -7.60E-02  0.00E+00  0.00E+00  0.00E+00 -7.60E-02    0    0
    2   17 -8.82E-02  0.00E+00  0.00E+00  0.00E+00 -8.82E-02    0    0
    2   16 -1.00E-01  0.00E+00  0.00E+00  0.00E+00 -1.00E-01    0    0
    2   15 -1.12E-01  0.00E+00  0.00E+00  0.00E+00 -1.12E-01    0    0
    2   14 -1.22E-01  0.00E+00  0.00E+00  0.00E+00 -1.22E-01    0    0
    2   13 -1.29E-01  0.00E+00  0.00E+00  0.00E+00 -1.29E-01    0    0
    2   12 -1.33E-01  0.00E+00  0.00E+00  0.00E+00 -1.33E-01    0    0
    2   11 -1.35E-01  0.00E+00  0.00E+00  0.00E+00 -1.35E-01    0    0
    2   10 -1.34E-01  0.00E+00  0.00E+00  0.00E+00 -1.34E-01    0    0
    2    9 -1.34E-01  0.00E+00  0.00E+00  0.00E+00 -1.34E-01    0    0
    2    8 -1.34E-01  0.00E+00  0.00E+00  0.00E+00 -1.34E-01    0    0
    2    7 -1.39E-01  0.00E+00  0.00E+00  0.00E+00 -1.39E-01    0    0
    2    6 -1.57E-01  0.00E+00  0.00E+00  0.00E+00 -1.57E-01    0    0
    2    5 -1.96E-01  0.00E+00  0.00E+00  0.00E+00 -1.96E-01    0    0
    2    4 -2.57E-01  0.00E+00  0.00E+00  0.00E+00 -2.57E-01    0    0
    2    3 -3.37E-01  0.00E+00  0.00E+00  0.00E+00 -3.37E-01    0    0
    2    2 -4.22E-01  0.00E+00  0.00E+00  0.00E+00 -4.22E-01    0    0
    2    1 -4.95E-01  0.00E+00  0.00E+00  0.00E+00 -4.95E-01    0    0
    3   70  2.33E-07  0.00E+00  0.00E+00  0.00E+00  2.33E-07    0    0
    3   69  3.10E-07  0.00E+00  0.00E+00  0.00E+00  3.10E-07    0    0
    3   68  5.17E-07  0.00E+00  0.00E+00  0.00E+00  5.17E-07    0    0
    3   67  9.01E-07  0.00E+00  0.00E+00  0.00E+00  9.01E-07    0    0
    3   66  1.54E-06  0.00E+00  0.00E+00  0.00E+00  1.54E-06    0    0
    3   65  2.52E-06  0.00E+00  0.00E+00  0.00E+00  2.52E-06    0    0
    3   64  3.84E-06  0.00E+00  0.00E+00  0.00E+00  3.84E-06    0    0
    3   63  5.28E-06  0.00E+00  0.00E+00  0.00E+00  5.28E-06    0    0
    3   62  5.83E-06  0.00E+00  0.00E+00  0.00E+00  5.83E-06    0    0
    3   61  3.95E-06  0.00E+00  0.00E+00  0.00E+00  3.95E-06    0    0
    3   60 -1.71E-06  0.00E+00  0.00E+00  0.00E+00 -1.71E-06    0    0
    3   59 -1.23E-05  0.00E+00  0.00E+00  0.00E+00 -1.23E-05    0    0
    3   58 -2.75E-05  0.00E+00  0.00E+00  0.00E+00 -2.75E-05    0    0
    3   57 -4.37E-05  0.00E+00  0.00E+00  0.00E+00 -4.37E-05    0    0
    3   56 -5.54E-05  0.00E+00  0.00E+00  0.00E+00 -5.54E-05    0    0
    3   55 -5.76E-05  0.00E+00  0.00E+00  0.00E+00 -5.76E-05    0    0
    3   54 -4.86E-05  0.00E+00  0.00E+00  0.00E+00 -4.86E-05    0    0
    3   53 -3.16E-05  0.00E+00  0.00E+00  0.00E+00 -3.16E-05    0    0
    3   52 -1.25E-05  0.00E+00  0.00E+00  0.00E+00 -1.25E-05    0    0
    3   51 -1.10E-06  0.00E+00  0.00E+00  0.00E+00 -1.10E-06    0    0
    3   50 -1.27E-05  0.00E+00  0.00E+00  0.00E+00 -1.27E-05    0    0
    3   49 -7.24E-05  0.00E+00  0.00E+00  0.00E+00 -7.24E-05    0    0
    3   48 -2.00E-04  0.00E+00  0.00E+00  0.00E+00 -2.00E-04    0    0
    3   47 -3.80E-04  0.00E+00  0.00E+00  0.00E+00 -3.80E-04    0    0
    3   46 -5.60E-04  0.00E+00  0.00E+00  0.00E+00 -5.60E-04    0    0
    3   45 -6.65E-04  0.00E+00  0.00E+00  0.00E+00 -6.65E-04    0    0
    3   44 -6.23E-04  0.00E+00  0.00E+00  0.00E+00 -6.23E-04    0    0
    3   43 -3.82E-04  0.00E+00  0.00E+00  0.00E+00 -3.82E-04    0    0
    3   42  1.00E-04  0.00E+00  0.00E+00  0.00E+00  1.00E-04    0    0
    3   41  8.68E-04  0.00E+00  0.00E+00  0.00E+00  8.68E-04    0    0
    3   40  1.95E-03  0.00E+00  0.00E+00  0.00E+00  1.95E-03    0    0
    3   39  3.24E-03  0.00E+00  0.00E+00  0.00E+00  3.24E-03    0    0
    3   38  4.41E-03  0.00E+00  0.00E+00  0.00E+00  4.41E-03    0    0
    3   37  4.98E-03  0.00E+00  0.00E+00  0.00E+00  4.98E-03    0    0
    3   36  4.73E-03  0.00E+00  0.00E+00  0.00E+00  4.73E-03    0    0
    3   35  3.60E-03  0.00E+00  0.00E+00  0.00E+00  3.60E-03    0    0
    3   34  2.83E-03  0.00E+00  0.00E+00  0.00E+00  2.83E-03    0    0
    3   33  3.18E-03  0.00E+00  0.00E+00  0.00E+00  3.18E-03    0    0
    3   32  3.85E-03  0.00E+00  0.00E+00  0.00E+00  3.85E-03    0    0
    3   31  3.67E-03  0.00E+00  0.00E+00  0.00E+00  3.67E-03    0    0
    3   30  3.11E-03  0.00E+00  0.00E+00  0.00E+00  3.11E-03    0    0
    3   29  3.18E-03  0.00E+00  0.00E+00  0.00E+00  3.18E-03    0    0
    3   28  4.34E-03  0.00E+00  0.00E+00  0.00E+00  4.34E-03    0    0
    3   27  6.34E-03  0.00E+00  0.00E+00  0.00E+00  6.34E-03    0    0
    3   26  8.69E-03  0.00E+00  0.00E+00  0.00E+00  8.69E-03    0    0
    3   25  6.58E-03  0.00E+00  0.00E+00  0.00E+00  6.58E-03    0    0
    3   24  4.57E-03  0.00E+00  0.00E+00  0.00E+00  4.57E-03    0    0
    3   23  2.52E-03  0.00E+00  0.00E+00  0.00E+00  2.52E-03    0    0
    3   22  7.47E-04  0.00E+00  0.00E+00  0.00E+00  7.47E-04    0    0
    3   21 -3.47E-04  0.00E+00  0.00E+00  0.00E+00 -3.47E-04    0    0
    3   20 -4.90E-04  0.00E+00  0.00E+00  0.00E+00 -4.90E-04    0    0
    3   19  5.45E-04  0.00E+00  0.00E+00  0.00E+00  5.45E-04    0    0
    3   18  2.82E-03  0.00E+00  0.00E+00  0.00E+00  2.82E-03    0    0
    3   17  5.59E-03  0.00E+00  0.00E+00  0.00E+00  5.59E-03    0    0
    3   16  8.54E-03  0.00E+00  0.00E+00  0.00E+00  8.54E-03    0    0
    3   15  1.18E-02  0.00E+00  0.00E+00  0.00E+00  1.18E-02    0    0
    3   14  1.46E-02  0.00E+00  0.00E+00  0.00E+00  1.46E-02    0    0
    3   13  1.48E-02  0.00E+00  0.00E+00  0.00E+00  1.48E-02    0    0
    3   12  1.19E-02  0.00E+00  0.00E+00  0.00E+00  1.19E-02    0    0
    3   11  7.78E-03  0.00E+00  0.00E+00  0.00E+00  7.78E-03    0    0
    3   10  1.95E-03  0.00E+00  0.00E+00  0.00E+00  1.95E-03    0    0
    3    9 -4.57E-03  0.00E+00  0.00E+00  0.00E+00 -4.57E-03    0    0
    3    8 -1.09E-02  0.00E+00  0.00E+00  0.00E+00 -1.09E-02    0    0
    3    7 -1.28E-02  0.00E+00  0.00E+00  0.00E+00 -1.28E-02    0    0
    3    6 -1.80E-03  0.00E+00  0.00E+00  0.00E+00 -1.80E-03    0    0
    3    5  3.04E-02  0.00E+00  0.00E+00  0.00E+00  3.04E-02    0    0
    3    4  2.53E-02  0.00E+00  0.00E+00  0.00E+00  2.53E-02    0    0
    3    3  1.03E-02  0.00E+00  0.00E+00  0.00E+00  1.03E-02    0    0
    3    2 -1.18E-02  0.00E+00  0.00E+00  0.00E+00 -1.18E-02    0    0
    3    1 -1.01E-01  0.00E+00  0.00E+00  0.00E+00 -1.01E-01    0    0
    4   70 -5.83E-09  0.00E+00  0.00E+00  0.00E+00 -5.83E-09    0    0
    4   69 -9.27E-09  0.00E+00  0.00E+00  0.00E+00 -9.27E-09    0    0
    4   68 -1.49E-08  0.00E+00  0.00E+00  0.00E+00 -1.49E-08    0    0
    4   67 -2.24E-08  0.00E+00  0.00E+00  0.00E+00 -2.24E-08    0    0
    4   66 -2.91E-08  0.00E+00  0.00E+00  0.00E+00 -2.91E-08    0    0
    4   65 -2.62E-08  0.00E+00  0.00E+00  0.00E+00 -2.62E-08    0    0
    4   64  5.59E-09  0.00E+00  0.00E+00  0.00E+00  5.59E-09    0    0
    4   63  1.06E-07  0.00E+00  0.00E+00  0.00E+00  1.06E-07    0    0
    4   62  3.36E-07  0.00E+00  0.00E+00  0.00E+00  3.36E-07    0    0
    4   61  6.94E-07  0.00E+00  0.00E+00  0.00E+00  6.94E-07    0    0
    4   60  1.01E-06  0.00E+00  0.00E+00  0.00E+00  1.01E-06    0    0
    4   59  8.96E-07  0.00E+00  0.00E+00  0.00E+00  8.96E-07    0    0
    4   58 -4.53E-08  0.00E+00  0.00E+00  0.00E+00 -4.53E-08    0    0
    4   57 -1.68E-06  0.00E+00  0.00E+00  0.00E+00 -1.68E-06    0    0
    4   56 -3.20E-06  0.00E+00  0.00E+00  0.00E+00 -3.20E-06    0    0
    4   55 -3.57E-06  0.00E+00  0.00E+00  0.00E+00 -3.57E-06    0    0
    4   54 -2.24E-06  0.00E+00  0.00E+00  0.00E+00 -2.24E-06    0    0
    4   53  4.48E-07  0.00E+00  0.00E+00  0.00E+00  4.48E-07    0    0
    4   52  3.54E-06  0.00E+00  0.00E+00  0.00E+00  3.54E-06    0    0
    4   51  5.41E-06  0.00E+00  0.00E+00  0.00E+00  5.41E-06    0    0
    4   50  3.14E-06  0.00E+00  0.00E+00  0.00E+00  3.14E-06    0    0
    4   49 -8.39E-06  0.00E+00  0.00E+00  0.00E+00 -8.39E-06    0    0
    4   48 -3.32E-05  0.00E+00  0.00E+00  0.00E+00 -3.32E-05    0    0
    4   47 -6.85E-05  0.00E+00  0.00E+00  0.00E+00 -6.85E-05    0    0
    4   46 -1.04E-04  0.00E+00  0.00E+00  0.00E+00 -1.04E-04    0    0
    4   45 -1.26E-04  0.00E+00  0.00E+00  0.00E+00 -1.26E-04    0    0
    4   44 -1.26E-04  0.00E+00  0.00E+00  0.00E+00 -1.26E-04    0    0
    4   43 -1.02E-04  0.00E+00  0.00E+00  0.00E+00 -1.02E-04    0    0
    4   42 -5.52E-05  0.00E+00  0.00E+00  0.00E+00 -5.52E-05    0    0
    4   41  8.03E-06  0.00E+00  0.00E+00  0.00E+00  8.03E-06    0    0
    4   40  8.34E-05  0.00E+00  0.00E+00  0.00E+00  8.34E-05    0    0
    4   39  1.64E-04  0.00E+00  0.00E+00  0.00E+00  1.64E-04    0    0
    4   38  2.36E-04  0.00E+00  0.00E+00  0.00E+00  2.36E-04    0    0
    4   37  2.74E-04  0.00E+00  0.00E+00  0.00E+00  2.74E-04    0    0
    4   36  2.68E-04  0.00E+00  0.00E+00  0.00E+00  2.68E-04    0    0
    4   35  2.15E-04  0.00E+00  0.00E+00  0.00E+00  2.15E-04    0    0
    4   34  1.79E-04  0.00E+00  0.00E+00  0.00E+00  1.79E-04    0    0
    4   33  1.92E-04  0.00E+00  0.00E+00  0.00E+00  1.92E-04    0    0
    4   32  2.20E-04  0.00E+00  0.00E+00  0.00E+00  2.20E-04    0    0
    4   31  2.16E-04  0.00E+00  0.00E+00  0.00E+00  2.16E-04    0    0
    4   30  1.96E-04  0.00E+00  0.00E+00  0.00E+00  1.96E-04    0    0
    4   29  1.98E-04  0.00E+00  0.00E+00  0.00E+00  1.98E-04    0    0
    4   28  2.32E-04  0.00E+00  0.00E+00  0.00E+00  2.32E-04    0    0
    4   27  2.79E-04  0.00E+00  0.00E+00  0.00E+00  2.79E-04    0    0
    4   26  4.31E-04  0.00E+00  0.00E+00  0.00E+00  4.31E-04    0    0
    4   25  3.50E-04  0.00E+00  0.00E+00  0.00E+00  3.50E-04    0    0
    4   24  3.27E-04  0.00E+00  0.00E+00  0.00E+00  3.27E-04    0    0
    4   23  2.03E-04  0.00E+00  0.00E+00  0.00E+00  2.03E-04    0    0
    4   22 -3.33E-06  0.00E+00  0.00E+00  0.00E+00 -3.33E-06    0    0
    4   21 -1.89E-04  0.00E+00  0.00E+00  0.00E+00 -1.89E-04    0    0
    4   20 -2.58E-04  0.00E+00  0.00E+00  0.00E+00 -2.58E-04    0    0
    4   19 -1.39E-04  0.00E+00  0.00E+00  0.00E+00 -1.39E-04    0    0
    4   18  1.94E-04  0.00E+00  0.00E+00  0.00E+00  1.94E-04    0    0
    4   17  6.25E-04  0.00E+00  0.00E+00  0.00E+00  6.25E-04    0    0
    4   16  1.08E-03  0.00E+00  0.00E+00  0.00E+00  1.08E-03    0    0
    4   15  1.56E-03  0.00E+00  0.00E+00  0.00E+00  1.56E-03    0    0
    4   14  1.94E-03  0.00E+00  0.00E+00  0.00E+00  1.94E-03    0    0
    4   13  1.89E-03  0.00E+00  0.00E+00  0.00E+00  1.89E-03    0    0
    4   12  1.52E-03  0.00E+00  0.00E+00  0.00E+00  1.52E-03    0    0
    4   11  1.30E-03  0.00E+00  0.00E+00  0.00E+00  1.30E-03    0    0
    4   10  1.38E-03  0.00E+00  0.00E+00  0.00E+00  1.38E-03    0    0
    4    9  1.77E-03  0.00E+00  0.00E+00  0.00E+00  1.77E-03    0    0
    4    8  1.96E-03  0.00E+00  0.00E+00  0.00E+00  1.96E-03    0    0
    4    7  2.11E-03  0.00E+00  0.00E+00  0.00E+00  2.11E-03    0    0
    4    6  4.08E-03  0.00E+00  0.00E+00  0.00E+00  4.08E-03    0    0
    4    5  8.63E-03  0.00E+00  0.00E+00  0.00E+00  8.63E-03    0    0
    4    4  7.34E-03  0.00E+00  0.00E+00  0.00E+00  7.34E-03    0    0
    4    3  8.61E-03  0.00E+00  0.00E+00  0.00E+00  8.61E-03    0    0
    4    2  1.33E-02  0.00E+00  0.00E+00  0.00E+00  1.33E-02    0    0
    4    1  4.10E-02  0.00E+00  0.00E+00  0.00E+00  4.10E-02    0    0
    5   70  1.11E-10  0.00E+00  0.00E+00  0.00E+00  1.11E-10    0    0
    5   69  1.58E-10  0.00E+00  0.00E+00  0.00E+00  1.58E-10    0    0
    5   68  2.00E-10  0.00E+00  0.00E+00  0.00E+00  2.00E-10    0    0
    5   67  1.83E-10  0.00E+00  0.00E+00  0.00E+00  1.83E-10    0    0
    5   66  1.77E-11  0.00E+00  0.00E+00  0.00E+00  1.77E-11    0    0
    5   65 -3.17E-10  0.00E+00  0.00E+00  0.00E+00 -3.17E-10    0    0
    5   64 -5.19E-10  0.00E+00  0.00E+00  0.00E+00 -5.19E-10    0    0
    5   63  5.70E-10  0.00E+00  0.00E+00  0.00E+00  5.70E-10    0    0
    5   62  8.27E-09  0.00E+00  0.00E+00  0.00E+00  8.27E-09    0    0
    5   61  3.80E-08  0.00E+00  0.00E+00  0.00E+00  3.80E-08    0    0
    5   60  1.03E-07  0.00E+00  0.00E+00  0.00E+00  1.03E-07    0    0
    5   59  1.70E-07  0.00E+00  0.00E+00  0.00E+00  1.70E-07    0    0
    5   58  1.61E-07  0.00E+00  0.00E+00  0.00E+00  1.61E-07    0    0
    5   57  4.18E-08  0.00E+00  0.00E+00  0.00E+00  4.18E-08    0    0
    5   56 -8.53E-08  0.00E+00  0.00E+00  0.00E+00 -8.53E-08    0    0
    5   55 -1.98E-08  0.00E+00  0.00E+00  0.00E+00 -1.98E-08    0    0
    5   54  3.86E-07  0.00E+00  0.00E+00  0.00E+00  3.86E-07    0    0
    5   53  1.12E-06  0.00E+00  0.00E+00  0.00E+00  1.12E-06    0    0
    5   52  2.06E-06  0.00E+00  0.00E+00  0.00E+00  2.06E-06    0    0
    5   51  2.95E-06  0.00E+00  0.00E+00  0.00E+00  2.95E-06    0    0
    5   50  3.28E-06  0.00E+00  0.00E+00  0.00E+00  3.28E-06    0    0
    5   49  2.03E-06  0.00E+00  0.00E+00  0.00E+00  2.03E-06    0    0
    5   48 -1.61E-06  0.00E+00  0.00E+00  0.00E+00 -1.61E-06    0    0
    5   47 -7.09E-06  0.00E+00  0.00E+00  0.00E+00 -7.09E-06    0    0
    5   46 -1.25E-05  0.00E+00  0.00E+00  0.00E+00 -1.25E-05    0    0
    5   45 -1.57E-05  0.00E+00  0.00E+00  0.00E+00 -1.57E-05    0    0
    5   44 -1.56E-05  0.00E+00  0.00E+00  0.00E+00 -1.56E-05    0    0
    5   43 -1.25E-05  0.00E+00  0.00E+00  0.00E+00 -1.25E-05    0    0
    5   42 -7.48E-06  0.00E+00  0.00E+00  0.00E+00 -7.48E-06    0    0
    5   41 -1.95E-06  0.00E+00  0.00E+00  0.00E+00 -1.95E-06    0    0
    5   40  3.24E-06  0.00E+00  0.00E+00  0.00E+00  3.24E-06    0    0
    5   39  7.67E-06  0.00E+00  0.00E+00  0.00E+00  7.67E-06    0    0
    5   38  1.10E-05  0.00E+00  0.00E+00  0.00E+00  1.10E-05    0    0
    5   37  1.28E-05  0.00E+00  0.00E+00  0.00E+00  1.28E-05    0    0
    5   36  1.27E-05  0.00E+00  0.00E+00  0.00E+00  1.27E-05    0    0
    5   35  1.09E-05  0.00E+00  0.00E+00  0.00E+00  1.09E-05    0    0
    5   34  9.50E-06  0.00E+00  0.00E+00  0.00E+00  9.50E-06    0    0
    5   33  1.00E-05  0.00E+00  0.00E+00  0.00E+00  1.00E-05    0    0
    5   32  1.12E-05  0.00E+00  0.00E+00  0.00E+00  1.12E-05    0    0
    5   31  1.10E-05  0.00E+00  0.00E+00  0.00E+00  1.10E-05    0    0
    5   30  9.87E-06  0.00E+00  0.00E+00  0.00E+00  9.87E-06    0    0
    5   29  9.24E-06  0.00E+00  0.00E+00  0.00E+00  9.24E-06    0    0
    5   28  9.76E-06  0.00E+00  0.00E+00  0.00E+00  9.76E-06    0    0
    5   27  9.20E-06  0.00E+00  0.00E+00  0.00E+00  9.20E-06    0    0
    5   26  2.67E-05  0.00E+00  0.00E+00  0.00E+00  2.67E-05    0    0
    5   25  1.59E-05  0.00E+00  0.00E+00  0.00E+00  1.59E-05    0    0
    5   24  2.14E-05  0.00E+00  0.00E+00  0.00E+00  2.14E-05    0    0
    5   23  9.31E-06  0.00E+00  0.00E+00  0.00E+00  9.31E-06    0    0
    5   22 -2.32E-05  0.00E+00  0.00E+00  0.00E+00 -2.32E-05    0    0
    5   21 -6.01E-05  0.00E+00  0.00E+00  0.00E+00 -6.01E-05    0    0
    5   20 -8.12E-05  0.00E+00  0.00E+00  0.00E+00 -8.12E-05    0    0
    5   19 -7.00E-05  0.00E+00  0.00E+00  0.00E+00 -7.00E-05    0    0
    5   18 -2.33E-05  0.00E+00  0.00E+00  0.00E+00 -2.33E-05    0    0
    5   17  3.66E-05  0.00E+00  0.00E+00  0.00E+00  3.66E-05    0    0
    5   16  9.11E-05  0.00E+00  0.00E+00  0.00E+00  9.11E-05    0    0
    5   15  1.33E-04  0.00E+00  0.00E+00  0.00E+00  1.33E-04    0    0
    5   14  1.60E-04  0.00E+00  0.00E+00  0.00E+00  1.60E-04    0    0
    5   13  1.55E-04  0.00E+00  0.00E+00  0.00E+00  1.55E-04    0    0
    5   12  1.29E-04  0.00E+00  0.00E+00  0.00E+00  1.29E-04    0    0
    5   11  1.07E-04  0.00E+00  0.00E+00  0.00E+00  1.07E-04    0    0
    5   10  9.28E-05  0.00E+00  0.00E+00  0.00E+00  9.28E-05    0    0
    5    9  7.70E-05  0.00E+00  0.00E+00  0.00E+00  7.70E-05    0    0
    5    8  1.39E-05  0.00E+00  0.00E+00  0.00E+00  1.39E-05    0    0
    5    7 -1.02E-04  0.00E+00  0.00E+00  0.00E+00 -1.02E-04    0    0
    5    6 -7.26E-05  0.00E+00  0.00E+00  0.00E+00 -7.26E-05    0    0
    5    5  2.01E-04  0.00E+00  0.00E+00  0.00E+00  2.01E-04    0    0
    5    4 -4.66E-04  0.00E+00  0.00E+00  0.00E+00 -4.66E-04    0    0
    5    3 -1.22E-03  0.00E+00  0.00E+00  0.00E+00 -1.22E-03    0    0
    5    2 -2.35E-03  0.00E+00  0.00E+00  0.00E+00 -2.35E-03    0    0
    5    1  9.48E-03  0.00E+00  0.00E+00  0.00E+00  9.48E-03    0    0
    6   70 -8.75E-12  0.00E+00  0.00E+00  0.00E+00 -8.75E-12    0    0
    6   69 -1.47E-11  0.00E+00  0.00E+00  0.00E+00 -1.47E-11    0    0
    6   68 -2.66E-11  0.00E+00  0.00E+00  0.00E+00 -2.66E-11    0    0
    6   67 -5.28E-11  0.00E+00  0.00E+00  0.00E+00 -5.28E-11    0    0
    6   66 -1.15E-10  0.00E+00  0.00E+00  0.00E+00 -1.15E-10    0    0
    6   65 -2.62E-10  0.00E+00  0.00E+00  0.00E+00 -2.62E-10    0    0
    6   64 -5.91E-10  0.00E+00  0.00E+00  0.00E+00 -5.91E-10    0    0
    6   63 -1.28E-09  0.00E+00  0.00E+00  0.00E+00 -1.28E-09    0    0
    6   62 -2.63E-09  0.00E+00  0.00E+00  0.00E+00 -2.63E-09    0    0
    6   61 -3.89E-09  0.00E+00  0.00E+00  0.00E+00 -3.89E-09    0    0
    6   60 -1.68E-09  0.00E+00  0.00E+00  0.00E+00 -1.68E-09    0    0
    6   59  4.14E-09  0.00E+00  0.00E+00  0.00E+00  4.14E-09    0    0
    6   58  2.37E-09  0.00E+00  0.00E+00  0.00E+00  2.37E-09    0    0
    6   57 -1.84E-08  0.00E+00  0.00E+00  0.00E+00 -1.84E-08    0    0
    6   56 -4.70E-08  0.00E+00  0.00E+00  0.00E+00 -4.70E-08    0    0
    6   55 -4.67E-08  0.00E+00  0.00E+00  0.00E+00 -4.67E-08    0    0
    6   54  1.69E-08  0.00E+00  0.00E+00  0.00E+00  1.69E-08    0    0
    6   53  1.52E-07  0.00E+00  0.00E+00  0.00E+00  1.52E-07    0    0
    6   52  3.45E-07  0.00E+00  0.00E+00  0.00E+00  3.45E-07    0    0
    6   51  5.67E-07  0.00E+00  0.00E+00  0.00E+00  5.67E-07    0    0
    6   50  7.28E-07  0.00E+00  0.00E+00  0.00E+00  7.28E-07    0    0
    6   49  6.39E-07  0.00E+00  0.00E+00  0.00E+00  6.39E-07    0    0
    6   48  1.40E-07  0.00E+00  0.00E+00  0.00E+00  1.40E-07    0    0
    6   47 -6.68E-07  0.00E+00  0.00E+00  0.00E+00 -6.68E-07    0    0
    6   46 -1.44E-06  0.00E+00  0.00E+00  0.00E+00 -1.44E-06    0    0
    6   45 -1.86E-06  0.00E+00  0.00E+00  0.00E+00 -1.86E-06    0    0
    6   44 -1.80E-06  0.00E+00  0.00E+00  0.00E+00 -1.80E-06    0    0
    6   43 -1.38E-06  0.00E+00  0.00E+00  0.00E+00 -1.38E-06    0    0
    6   42 -8.20E-07  0.00E+00  0.00E+00  0.00E+00 -8.20E-07    0    0
    6   41 -2.93E-07  0.00E+00  0.00E+00  0.00E+00 -2.93E-07    0    0
    6   40  1.14E-07  0.00E+00  0.00E+00  0.00E+00  1.14E-07    0    0
    6   39  3.91E-07  0.00E+00  0.00E+00  0.00E+00  3.91E-07    0    0
    6   38  5.62E-07  0.00E+00  0.00E+00  0.00E+00  5.62E-07    0    0
    6   37  6.42E-07  0.00E+00  0.00E+00  0.00E+00  6.42E-07    0    0
    6   36  6.40E-07  0.00E+00  0.00E+00  0.00E+00  6.40E-07    0    0
    6   35  5.69E-07  0.00E+00  0.00E+00  0.00E+00  5.69E-07    0    0
    6   34  5.10E-07  0.00E+00  0.00E+00  0.00E+00  5.10E-07    0    0
    6   33  5.25E-07  0.00E+00  0.00E+00  0.00E+00  5.25E-07    0    0
    6   32  5.72E-07  0.00E+00  0.00E+00  0.00E+00  5.72E-07    0    0
    6   31  5.65E-07  0.00E+00  0.00E+00  0.00E+00  5.65E-07    0    0
    6   30  5.19E-07  0.00E+00  0.00E+00  0.00E+00  5.19E-07    0    0
    6   29  4.85E-07  0.00E+00  0.00E+00  0.00E+00  4.85E-07    0    0
    6   28  4.98E-07  0.00E+00  0.00E+00  0.00E+00  4.98E-07    0    0
    6   27  6.91E-08  0.00E+00  0.00E+00  0.00E+00  6.91E-08    0    0
    6   26  2.37E-06  0.00E+00  0.00E+00  0.00E+00  2.37E-06    0    0
    6   25  8.57E-07  0.00E+00  0.00E+00  0.00E+00  8.57E-07    0    0
    6   24  2.99E-06  0.00E+00  0.00E+00  0.00E+00  2.99E-06    0    0
    6   23  2.36E-06  0.00E+00  0.00E+00  0.00E+00  2.36E-06    0    0
    6   22 -2.44E-06  0.00E+00  0.00E+00  0.00E+00 -2.44E-06    0    0
    6   21 -8.97E-06  0.00E+00  0.00E+00  0.00E+00 -8.97E-06    0    0
    6   20 -1.33E-05  0.00E+00  0.00E+00  0.00E+00 -1.33E-05    0    0
    6   19 -1.17E-05  0.00E+00  0.00E+00  0.00E+00 -1.17E-05    0    0
    6   18 -4.07E-06  0.00E+00  0.00E+00  0.00E+00 -4.07E-06    0    0
    6   17  5.25E-06  0.00E+00  0.00E+00  0.00E+00  5.25E-06    0    0
    6   16  1.25E-05  0.00E+00  0.00E+00  0.00E+00  1.25E-05    0    0
    6   15  1.66E-05  0.00E+00  0.00E+00  0.00E+00  1.66E-05    0    0
    6   14  1.85E-05  0.00E+00  0.00E+00  0.00E+00  1.85E-05    0    0
    6   13  1.85E-05  0.00E+00  0.00E+00  0.00E+00  1.85E-05    0    0
    6   12  1.74E-05  0.00E+00  0.00E+00  0.00E+00  1.74E-05    0    0
    6   11  1.67E-05  0.00E+00  0.00E+00  0.00E+00  1.67E-05    0    0
    6   10  1.65E-05  0.00E+00  0.00E+00  0.00E+00  1.65E-05    0    0
    6    9  1.66E-05  0.00E+00  0.00E+00  0.00E+00  1.66E-05    0    0
    6    8  1.37E-05  0.00E+00  0.00E+00  0.00E+00  1.37E-05    0    0
    6    7  4.42E-06  0.00E+00  0.00E+00  0.00E+00  4.42E-06    0    0
    6    6  9.02E-06  0.00E+00  0.00E+00  0.00E+00  9.02E-06    0    0
    6    5  4.80E-05  0.00E+00  0.00E+00  0.00E+00  4.80E-05    0    0
    6    4 -3.71E-05  0.00E+00  0.00E+00  0.00E+00 -3.71E-05    0    0
    6    3 -1.67E-04  0.00E+00  0.00E+00  0.00E+00 -1.67E-04    0    0
    6    2 -4.55E-04  0.00E+00  0.00E+00  0.00E+00 -4.55E-04    0    0
    6    1  1.40E-03  0.00E+00  0.00E+00  0.00E+00  1.40E-03    0    0
    7   70  8.96E-14  0.00E+00  0.00E+00  0.00E+00  8.96E-14    0    0
    7   69  1.83E-13  0.00E+00  0.00E+00  0.00E+00  1.83E-13    0    0
    7   68  3.25E-13  0.00E+00  0.00E+00  0.00E+00  3.25E-13    0    0
    7   67  4.03E-13  0.00E+00  0.00E+00  0.00E+00  4.03E-13    0    0
    7   66 -2.45E-13  0.00E+00  0.00E+00  0.00E+00 -2.45E-13    0    0
    7   65 -4.15E-12  0.00E+00  0.00E+00  0.00E+00 -4.15E-12    0    0
    7   64 -1.82E-11  0.00E+00  0.00E+00  0.00E+00 -1.82E-11    0    0
    7   63 -5.82E-11  0.00E+00  0.00E+00  0.00E+00 -5.82E-11    0    0
    7   62 -1.81E-10  0.00E+00  0.00E+00  0.00E+00 -1.81E-10    0    0
    7   61 -4.72E-10  0.00E+00  0.00E+00  0.00E+00 -4.72E-10    0    0
    7   60 -6.44E-10  0.00E+00  0.00E+00  0.00E+00 -6.44E-10    0    0
    7   59 -3.18E-10  0.00E+00  0.00E+00  0.00E+00 -3.18E-10    0    0
    7   58 -9.35E-10  0.00E+00  0.00E+00  0.00E+00 -9.35E-10    0    0
    7   57 -5.20E-09  0.00E+00  0.00E+00  0.00E+00 -5.20E-09    0    0
    7   56 -1.25E-08  0.00E+00  0.00E+00  0.00E+00 -1.25E-08    0    0
    7   55 -1.66E-08  0.00E+00  0.00E+00  0.00E+00 -1.66E-08    0    0
    7   54 -1.01E-08  0.00E+00  0.00E+00  0.00E+00 -1.01E-08    0    0
    7   53  9.81E-09  0.00E+00  0.00E+00  0.00E+00  9.81E-09    0    0
    7   52  4.30E-08  0.00E+00  0.00E+00  0.00E+00  4.30E-08    0    0
    7   51  8.61E-08  0.00E+00  0.00E+00  0.00E+00  8.61E-08    0    0
    7   50  1.25E-07  0.00E+00  0.00E+00  0.00E+00  1.25E-07    0    0
    7   49  1.26E-07  0.00E+00  0.00E+00  0.00E+00  1.26E-07    0    0
    7   48  5.81E-08  0.00E+00  0.00E+00  0.00E+00  5.81E-08    0    0
    7   47 -6.01E-08  0.00E+00  0.00E+00  0.00E+00 -6.01E-08    0    0
    7   46 -1.70E-07  0.00E+00  0.00E+00  0.00E+00 -1.70E-07    0    0
    7   45 -2.23E-07  0.00E+00  0.00E+00  0.00E+00 -2.23E-07    0    0
    7   44 -2.09E-07  0.00E+00  0.00E+00  0.00E+00 -2.09E-07    0    0
    7   43 -1.54E-07  0.00E+00  0.00E+00  0.00E+00 -1.54E-07    0    0
    7   42 -8.95E-08  0.00E+00  0.00E+00  0.00E+00 -8.95E-08    0    0
    7   41 -3.57E-08  0.00E+00  0.00E+00  0.00E+00 -3.57E-08    0    0
    7   40  6.76E-10  0.00E+00  0.00E+00  0.00E+00  6.76E-10    0    0
    7   39  2.18E-08  0.00E+00  0.00E+00  0.00E+00  2.18E-08    0    0
    7   38  3.26E-08  0.00E+00  0.00E+00  0.00E+00  3.26E-08    0    0
    7   37  3.66E-08  0.00E+00  0.00E+00  0.00E+00  3.66E-08    0    0
    7   36  3.61E-08  0.00E+00  0.00E+00  0.00E+00  3.61E-08    0    0
    7   35  3.25E-08  0.00E+00  0.00E+00  0.00E+00  3.25E-08    0    0
    7   34  2.91E-08  0.00E+00  0.00E+00  0.00E+00  2.91E-08    0    0
    7   33  2.87E-08  0.00E+00  0.00E+00  0.00E+00  2.87E-08    0    0
    7   32  2.98E-08  0.00E+00  0.00E+00  0.00E+00  2.98E-08    0    0
    7   31  2.91E-08  0.00E+00  0.00E+00  0.00E+00  2.91E-08    0    0
    7   30  2.69E-08  0.00E+00  0.00E+00  0.00E+00  2.69E-08    0    0
    7   29  2.56E-08  0.00E+00  0.00E+00  0.00E+00  2.56E-08    0    0
    7   28  3.03E-08  0.00E+00  0.00E+00  0.00E+00  3.03E-08    0    0
    7   27 -5.80E-08  0.00E+00  0.00E+00  0.00E+00 -5.80E-08    0    0
    7   26  2.40E-07  0.00E+00  0.00E+00  0.00E+00  2.40E-07    0    0
    7   25 -2.04E-08  0.00E+00  0.00E+00  0.00E+00 -2.04E-08    0    0
    7   24  4.56E-07  0.00E+00  0.00E+00  0.00E+00  4.56E-07    0    0
    7   23  5.32E-07  0.00E+00  0.00E+00  0.00E+00  5.32E-07    0    0
    7   22 -1.81E-07  0.00E+00  0.00E+00  0.00E+00 -1.81E-07    0    0
    7   21 -1.34E-06  0.00E+00  0.00E+00  0.00E+00 -1.34E-06    0    0
    7   20 -2.17E-06  0.00E+00  0.00E+00  0.00E+00 -2.17E-06    0    0
    7   19 -1.93E-06  0.00E+00  0.00E+00  0.00E+00 -1.93E-06    0    0
    7   18 -6.53E-07  0.00E+00  0.00E+00  0.00E+00 -6.53E-07    0    0
    7   17  8.05E-07  0.00E+00  0.00E+00  0.00E+00  8.05E-07    0    0
    7   16  1.77E-06  0.00E+00  0.00E+00  0.00E+00  1.77E-06    0    0
    7   15  2.17E-06  0.00E+00  0.00E+00  0.00E+00  2.17E-06    0    0
    7   14  2.27E-06  0.00E+00  0.00E+00  0.00E+00  2.27E-06    0    0
    7   13  2.24E-06  0.00E+00  0.00E+00  0.00E+00  2.24E-06    0    0
    7   12  2.17E-06  0.00E+00  0.00E+00  0.00E+00  2.17E-06    0    0
    7   11  2.13E-06  0.00E+00  0.00E+00  0.00E+00  2.13E-06    0    0
    7   10  2.10E-06  0.00E+00  0.00E+00  0.00E+00  2.10E-06    0    0
    7    9  2.06E-06  0.00E+00  0.00E+00  0.00E+00  2.06E-06    0    0
    7    8  1.85E-06  0.00E+00  0.00E+00  0.00E+00  1.85E-06    0    0
    7    7  8.93E-07  0.00E+00  0.00E+00  0.00E+00  8.93E-07    0    0
    7    6  1.21E-06  0.00E+00  0.00E+00  0.00E+00  1.21E-06    0    0
    7    5  6.07E-06  0.00E+00  0.00E+00  0.00E+00  6.07E-06    0    0
    7    4 -5.65E-06  0.00E+00  0.00E+00  0.00E+00 -5.65E-06    0    0
    7    3 -2.83E-05  0.00E+00  0.00E+00  0.00E+00 -2.83E-05    0    0
    7    2 -9.33E-05  0.00E+00  0.00E+00  0.00E+00 -9.33E-05    0    0
    7    1  1.21E-04  0.00E+00  0.00E+00  0.00E+00  1.21E-04    0    0
    8   70  1.45E-16  0.00E+00  0.00E+00  0.00E+00  1.45E-16    0    0
    8   69  4.58E-15  0.00E+00  0.00E+00  0.00E+00  4.58E-15    0    0
    8   68  1.85E-14  0.00E+00  0.00E+00  0.00E+00  1.85E-14    0    0
    8   67  5.69E-14  0.00E+00  0.00E+00  0.00E+00  5.69E-14    0    0
    8   66  1.46E-13  0.00E+00  0.00E+00  0.00E+00  1.46E-13    0    0
    8   65  2.99E-13  0.00E+00  0.00E+00  0.00E+00  2.99E-13    0    0
    8   64  4.29E-13  0.00E+00  0.00E+00  0.00E+00  4.29E-13    0    0
    8   63  4.28E-13  0.00E+00  0.00E+00  0.00E+00  4.28E-13    0    0
    8   62 -1.66E-12  0.00E+00  0.00E+00  0.00E+00 -1.66E-12    0    0
    8   61 -2.02E-11  0.00E+00  0.00E+00  0.00E+00 -2.02E-11    0    0
    8   60 -4.13E-11  0.00E+00  0.00E+00  0.00E+00 -4.13E-11    0    0
    8   59  1.36E-11  0.00E+00  0.00E+00  0.00E+00  1.36E-11    0    0
    8   58 -3.04E-11  0.00E+00  0.00E+00  0.00E+00 -3.04E-11    0    0
    8   57 -7.39E-10  0.00E+00  0.00E+00  0.00E+00 -7.39E-10    0    0
    8   56 -2.27E-09  0.00E+00  0.00E+00  0.00E+00 -2.27E-09    0    0
    8   55 -3.65E-09  0.00E+00  0.00E+00  0.00E+00 -3.65E-09    0    0
    8   54 -3.45E-09  0.00E+00  0.00E+00  0.00E+00 -3.45E-09    0    0
    8   53 -9.07E-10  0.00E+00  0.00E+00  0.00E+00 -9.07E-10    0    0
    8   52  4.22E-09  0.00E+00  0.00E+00  0.00E+00  4.22E-09    0    0
    8   51  1.18E-08  0.00E+00  0.00E+00  0.00E+00  1.18E-08    0    0
    8   50  1.96E-08  0.00E+00  0.00E+00  0.00E+00  1.96E-08    0    0
    8   49  2.16E-08  0.00E+00  0.00E+00  0.00E+00  2.16E-08    0    0
    8   48  1.24E-08  0.00E+00  0.00E+00  0.00E+00  1.24E-08    0    0
    8   47 -4.99E-09  0.00E+00  0.00E+00  0.00E+00 -4.99E-09    0    0
    8   46 -2.07E-08  0.00E+00  0.00E+00  0.00E+00 -2.07E-08    0    0
    8   45 -2.74E-08  0.00E+00  0.00E+00  0.00E+00 -2.74E-08    0    0
    8   44 -2.51E-08  0.00E+00  0.00E+00  0.00E+00 -2.51E-08    0    0
    8   43 -1.79E-08  0.00E+00  0.00E+00  0.00E+00 -1.79E-08    0    0
    8   42 -1.03E-08  0.00E+00  0.00E+00  0.00E+00 -1.03E-08    0    0
    8   41 -4.44E-09  0.00E+00  0.00E+00  0.00E+00 -4.44E-09    0    0
    8   40 -7.96E-10  0.00E+00  0.00E+00  0.00E+00 -7.96E-10    0    0
    8   39  1.16E-09  0.00E+00  0.00E+00  0.00E+00  1.16E-09    0    0
    8   38  2.07E-09  0.00E+00  0.00E+00  0.00E+00  2.07E-09    0    0
    8   37  2.37E-09  0.00E+00  0.00E+00  0.00E+00  2.37E-09    0    0
    8   36  2.32E-09  0.00E+00  0.00E+00  0.00E+00  2.32E-09    0    0
    8   35  2.09E-09  0.00E+00  0.00E+00  0.00E+00  2.09E-09    0    0
    8   34  1.84E-09  0.00E+00  0.00E+00  0.00E+00  1.84E-09    0    0
    8   33  1.70E-09  0.00E+00  0.00E+00  0.00E+00  1.70E-09    0    0
    8   32  1.66E-09  0.00E+00  0.00E+00  0.00E+00  1.66E-09    0    0
    8   31  1.57E-09  0.00E+00  0.00E+00  0.00E+00  1.57E-09    0    0
    8   30  1.44E-09  0.00E+00  0.00E+00  0.00E+00  1.44E-09    0    0
    8   29  1.45E-09  0.00E+00  0.00E+00  0.00E+00  1.45E-09    0    0
    8   28  2.97E-09  0.00E+00  0.00E+00  0.00E+00  2.97E-09    0    0
    8   27 -1.13E-08  0.00E+00  0.00E+00  0.00E+00 -1.13E-08    0    0
    8   26  2.82E-08  0.00E+00  0.00E+00  0.00E+00  2.82E-08    0    0
    8   25 -2.05E-08  0.00E+00  0.00E+00  0.00E+00 -2.05E-08    0    0
    8   24  7.12E-08  0.00E+00  0.00E+00  0.00E+00  7.12E-08    0    0
    8   23  1.10E-07  0.00E+00  0.00E+00  0.00E+00  1.10E-07    0    0
    8   22  4.79E-09  0.00E+00  0.00E+00  0.00E+00  4.79E-09    0    0
    8   21 -2.00E-07  0.00E+00  0.00E+00  0.00E+00 -2.00E-07    0    0
    8   20 -3.55E-07  0.00E+00  0.00E+00  0.00E+00 -3.55E-07    0    0
    8   19 -3.15E-07  0.00E+00  0.00E+00  0.00E+00 -3.15E-07    0    0
    8   18 -9.54E-08  0.00E+00  0.00E+00  0.00E+00 -9.54E-08    0    0
    8   17  1.37E-07  0.00E+00  0.00E+00  0.00E+00  1.37E-07    0    0
    8   16  2.73E-07  0.00E+00  0.00E+00  0.00E+00  2.73E-07    0    0
    8   15  3.16E-07  0.00E+00  0.00E+00  0.00E+00  3.16E-07    0    0
    8   14  3.16E-07  0.00E+00  0.00E+00  0.00E+00  3.16E-07    0    0
    8   13  3.08E-07  0.00E+00  0.00E+00  0.00E+00  3.08E-07    0    0
    8   12  3.01E-07  0.00E+00  0.00E+00  0.00E+00  3.01E-07    0    0
    8   11  3.02E-07  0.00E+00  0.00E+00  0.00E+00  3.02E-07    0    0
    8   10  3.08E-07  0.00E+00  0.00E+00  0.00E+00  3.08E-07    0    0
    8    9  3.20E-07  0.00E+00  0.00E+00  0.00E+00  3.20E-07    0    0
    8    8  3.45E-07  0.00E+00  0.00E+00  0.00E+00  3.45E-07    0    0
    8    7  3.37E-07  0.00E+00  0.00E+00  0.00E+00  3.37E-07    0    0
    8    6  5.19E-07  0.00E+00  0.00E+00  0.00E+00  5.19E-07    0    0
    8    5  1.43E-06  0.00E+00  0.00E+00  0.00E+00  1.43E-06    0    0
    8    4  3.88E-07  0.00E+00  0.00E+00  0.00E+00  3.88E-07    0    0
    8    3 -2.31E-06  0.00E+00  0.00E+00  0.00E+00 -2.31E-06    0    0
    8    2 -1.38E-05  0.00E+00  0.00E+00  0.00E+00 -1.38E-05    0    0
    8    1  1.25E-05  0.00E+00  0.00E+00  0.00E+00  1.25E-05    0    0
