   70   20
   1.000780E-07   1.373477E-07   1.883213E-07   2.579407E-07   3.528490E-07   4.819119E-07
   6.568508E-07   8.929761E-07   1.209987E-06   1.632775E-06   2.192135E-06   2.925302E-06
   3.876242E-06   5.095741E-06   6.641407E-06   8.577809E-06   1.097717E-05   1.392024E-05
   1.749771E-05   2.181233E-05   2.698163E-05   3.314100E-05   4.044736E-05   4.908394E-05
   5.926475E-05   7.123953E-05   8.530065E-05   1.017908E-04   1.211123E-04   1.437390E-04
   1.702314E-04   2.012503E-04   2.375772E-04   2.801418E-04   3.300548E-04   3.886516E-04
   4.575518E-04   5.387448E-04   6.346859E-04   7.484319E-04   8.838473E-04   1.045883E-03
   1.240966E-03   1.477553E-03   1.766943E-03   2.124376E-03   2.570543E-03   3.133753E-03
   3.852848E-03   4.780990E-03   5.991529E-03   7.582079E-03   9.679502E-03   1.244838E-02
   1.609593E-02   2.087877E-02   2.711457E-02   3.520685E-02   4.569795E-02   5.938415E-02
   7.755191E-02   1.024247E-01   1.379378E-01   1.909442E-01   2.728749E-01   4.017687E-01
   6.046882E-01   9.208239E-01   1.405699E+00   2.136740E+00
   9.821027E+03   1.164191E+12   1.972892E-12   5.484178E+09   1.280967E+05
   3.094062E+04   2.518775E+04   2.741574E+04   3.243938E+04   3.922260E+04
   4.743891E+04   5.695598E+04   6.770990E+04   7.966435E+04   9.279377E+04
   1.070746E+05   1.224786E+05   1.389665E+05   4.257968E+06   1.164175E+12
   1.036711E+04   1.515328E+12   2.562116E-12   3.674987E+09   1.619425E+05
   4.399501E+04   3.731916E+04   4.140118E+04   4.949683E+04   6.022116E+04
   7.313130E+04   8.804570E+04   1.048753E+05   1.235674E+05   1.440822E+05
   1.663788E+05   1.904044E+05   2.160812E+05   5.865397E+06   1.515314E+12
   1.056564E+04   2.038752E+12   3.446975E-12   4.857301E+09   2.652551E+05
   7.498233E+04   6.449495E+04   7.201142E+04   8.639403E+04   1.053342E+05
   1.280897E+05   1.543544E+05   1.839756E+05   2.168594E+05   2.529287E+05
   2.920973E+05   3.342454E+05   3.791900E+05   8.950242E+06   2.038731E+12
   1.071859E+04   2.752424E+12   4.654347E-12   7.001287E+09   4.486044E+05
   1.306212E+05   1.135219E+05   1.273613E+05   1.531971E+05   1.870753E+05
   2.277189E+05   2.745978E+05   3.274422E+05   3.860777E+05   4.503476E+05
   5.200605E+05   5.949362E+05   6.745308E+05   1.377443E+07   2.752393E+12
   1.084833E+04   3.719652E+12   6.291729E-12   1.053048E+10   7.699859E+05
   2.297487E+05   2.013892E+05   2.268372E+05   2.734391E+05   3.343393E+05
   4.073141E+05   4.914327E+05   5.862099E+05   6.913106E+05   8.064049E+05
   9.310557E+05   1.064591E+06   1.205914E+06   2.121022E+07   3.719604E+12
   1.096143E+04   5.026801E+12   8.506227E-12   1.629616E+10   1.333546E+06
   4.062858E+05   3.587428E+05   4.054409E+05   4.896315E+05   5.993393E+05
   7.306644E+05   8.819569E+05   1.052329E+06   1.241118E+06   1.447608E+06
   1.670776E+06   1.908983E+06   2.159483E+06   3.256437E+07   5.026725E+12
   1.105958E+04   6.788924E+12   1.149445E-11   2.581118E+10   2.324588E+06
   7.209021E+05   6.405087E+05   7.259678E+05   8.780830E+05   1.075829E+06
   1.312326E+06   1.584629E+06   1.891083E+06   2.230344E+06   2.600807E+06
   3.000040E+06   3.423995E+06   3.865710E+06   4.973220E+07   6.788803E+12
   1.114179E+04   9.157871E+12   1.551713E-11   4.180685E+10   4.074523E+06
   1.282204E+06   1.145060E+06   1.300914E+06   1.575518E+06   1.931796E+06
   2.357561E+06   2.847503E+06   3.398484E+06   4.007696E+06   4.671466E+06
   5.383921E+06   6.134952E+06   6.906735E+06   7.539608E+07   9.157675E+12
   1.121056E+04   1.232662E+13   2.090737E-11   6.880245E+10   7.157027E+06
   2.279574E+06   2.044367E+06   2.327165E+06   2.821368E+06   3.461520E+06
   4.225983E+06   5.105129E+06   6.092889E+06   7.183252E+06   8.367681E+06
   9.631852E+06   1.095034E+07   1.227728E+07   1.130839E+08   1.232631E+13
   1.127276E+04   1.653136E+13   2.807491E-11   1.135519E+11   1.252050E+07
   4.031138E+06   3.628877E+06   4.138074E+06   5.021563E+06   6.164287E+06
   7.527953E+06   9.095051E+06   1.085367E+07   1.279072E+07   1.488619E+07
   1.710504E+07   1.938333E+07   2.160338E+07   1.669794E+08   1.653085E+13
   1.133692E+04   2.205232E+13   3.750767E-11   1.850892E+11   2.165769E+07
   7.050120E+06   6.371082E+06   7.277992E+06   8.840304E+06   1.085799E+07
   1.326389E+07   1.602622E+07   1.912136E+07   2.252058E+07   2.617696E+07
   3.000525E+07   3.384582E+07   3.740106E+07   2.413909E+08   2.205150E+13
   1.140894E+04   2.921725E+13   4.977754E-11   2.947554E+11   3.683949E+07
   1.213942E+07   1.101715E+07   1.261026E+07   1.533341E+07   1.884440E+07
   2.302704E+07   2.782389E+07   3.318790E+07   3.905591E+07   4.531881E+07
   5.177156E+07   5.802198E+07   6.333786E+07   3.399574E+08   2.921596E+13
   1.149134E+04   3.840300E+13   6.554317E-11   4.561958E+11   6.141953E+07
   2.051979E+07   1.871273E+07   2.146636E+07   2.613306E+07   3.213848E+07
   3.928488E+07   4.746903E+07   5.659703E+07   6.653097E+07   7.702045E+07
   8.758085E+07   9.727206E+07   1.043663E+08   4.645657E+08   3.840102E+13
   1.158433E+04   5.003416E+13   8.554732E-11   6.852170E+11   1.002046E+08
   3.399404E+07   3.116688E+07   3.584165E+07   4.369113E+07   5.377108E+07
   6.575051E+07   7.944518E+07   9.466806E+07   1.111215E+08   1.282410E+08
   1.449069E+08   1.589401E+08   1.664958E+08   6.141596E+08   5.003117E+13
   1.168599E+04   6.458511E+13   1.106223E-10   1.000914E+12   1.599766E+08
   5.517212E+07   5.087578E+07   5.866234E+07   7.161087E+07   8.820091E+07
   1.078874E+08   1.303434E+08   1.551984E+08   1.818198E+08   2.089614E+08
   2.341073E+08   2.524196E+08   2.559938E+08   7.840852E+08   6.458069E+13
   1.179433E+04   8.257656E+13   1.416838E-10   1.425475E+12   2.500472E+08
   8.773381E+07   8.139090E+07   9.410890E+07   1.150510E+08   1.418179E+08
   1.735257E+08   2.095969E+08   2.493048E+08   2.913280E+08   3.329809E+08
   3.687928E+08   3.885900E+08   3.777653E+08   9.661298E+08   8.257015E+13
   1.190863E+04   1.045718E+14   1.797201E-10   1.981601E+12   3.827431E+08
   1.367094E+08   1.276194E+08   1.479857E+08   1.811919E+08   2.235264E+08
   2.735756E+08   3.303258E+08   3.923673E+08   4.569969E+08   5.185787E+08
   5.656704E+08   5.782750E+08   5.331476E+08   1.149672E+09   1.045627E+14
   1.202871E+04   1.311814E+14   2.257981E-10   2.691173E+12   5.740111E+08
   2.088287E+08   1.962002E+08   2.281849E+08   2.798215E+08   3.454773E+08
   4.229211E+08   5.103836E+08   6.051701E+08   7.018696E+08   7.889976E+08
   8.436783E+08   8.297924E+08   7.181761E+08   1.324032E+09   1.311687E+14
   1.215320E+04   1.630873E+14   2.811124E-10   3.580652E+12   8.447205E+08
   3.131039E+08   2.960960E+08   3.454009E+08   4.242273E+08   5.241760E+08
   6.417623E+08   7.739188E+08   9.155722E+08   1.056133E+09   1.172923E+09
   1.222521E+09   1.146354E+09   9.237092E+08   1.481167E+09   1.630698E+14
   1.227998E+04   2.010660E+14   3.470339E-10   4.686179E+12   1.222451E+09
   4.616277E+08   4.394032E+08   5.141056E+08   6.324124E+08   7.819886E+08
   9.574355E+08   1.153468E+09   1.360681E+09   1.558808E+09   1.704536E+09
   1.720233E+09   1.523941E+09   1.137471E+09   1.616906E+09   2.010422E+14
   1.240676E+04   2.460116E+14   4.251550E-10   6.057977E+12   1.743861E+09
   6.706449E+08   6.424406E+08   7.538614E+08   9.287329E+08   1.149168E+09
   1.406847E+09   1.692719E+09   1.989600E+09   2.259558E+09   2.422750E+09
   2.349809E+09   1.950675E+09   1.347120E+09   1.730663E+09   2.459797E+14
   1.253074E+04   2.989748E+14   5.173766E-10   7.772265E+12   2.458799E+09
   9.622638E+08   9.274438E+08   1.091339E+09   1.346396E+09   1.666929E+09
   2.040150E+09   2.450641E+09   2.867434E+09   3.221045E+09   3.369833E+09
   3.116025E+09   2.408759E+09   1.543131E+09   1.824546E+09   2.989324E+14
   1.264965E+04   3.611835E+14   6.259479E-10   9.934904E+12   3.434772E+09
   1.366498E+09   1.324638E+09   1.562813E+09   1.930568E+09   2.391275E+09
   2.925288E+09   3.506460E+09   4.079689E+09   4.520411E+09   4.587837E+09
   4.012248E+09   2.877660E+09   1.719862E+09   1.901861E+09   3.611273E+14
   1.276145E+04   4.340870E+14   7.535665E-10   1.269583E+13   4.764218E+09
   1.924394E+09   1.875358E+09   2.217888E+09   2.742983E+09   3.398652E+09
   4.154662E+09   4.966845E+09   5.738293E+09   6.250594E+09   6.113933E+09
   5.019694E+09   3.338252E+09   1.875485E+09   1.966284E+09   4.340131E+14
   1.286720E+04   5.193037E+14   9.032261E-10   1.621183E+13   6.565445E+09
   2.689648E+09   2.634057E+09   3.122104E+09   3.865298E+09   4.790095E+09
   5.849865E+09   6.970317E+09   7.983023E+09   8.514240E+09   7.969180E+09
   6.105719E+09   3.773971E+09   2.010043E+09   2.020409E+09   5.192070E+14
   1.296656E+04   6.187517E+14   1.078545E-09   2.071044E+13   8.999775E+09
   3.735342E+09   3.674829E+09   4.364627E+09   5.408531E+09   6.702703E+09
   8.175010E+09   9.700987E+09   1.099135E+10   1.142361E+10   1.015580E+10
   7.231980E+09   4.174767E+09   2.125677E+09   2.066872E+09   6.186254E+14
   1.306071E+04   7.346085E+14   1.283634E-09   2.645113E+13   1.227618E+10
   5.157662E+09   5.095697E+09   6.063666E+09   7.519929E+09   9.318003E+09
   1.134597E+10   1.339618E+10   1.497801E+10   1.508669E+10   1.264732E+10
   8.357396E+09   4.535207E+09   2.224795E+09   2.107398E+09   7.344443E+14
   1.315175E+04   8.693479E+14   1.523145E-09   3.371812E+13   1.666187E+10
   7.082012E+09   7.025277E+09   8.374734E+09   1.039331E+10   1.287446E+10
   1.564404E+10   1.835729E+10   2.019385E+10   1.959136E+10   1.538632E+10
   9.443907E+09   4.853539E+09   2.309613E+09   2.143004E+09   8.691352E+14
   1.324215E+04   1.025793E+15   1.802343E-09   4.281054E+13   2.249524E+10
   9.670801E+09   9.631356E+09   1.150131E+10   1.428244E+10   1.768348E+10
   2.143296E+10   2.496153E+10   2.691968E+10   2.498650E+10   1.828867E+10
   1.046088E+10   5.130548E+09   2.381988E+09   2.174217E+09   1.025519E+15
   1.333390E+04   1.207222E+15   2.127320E-09   5.406131E+13   3.020885E+10
   1.313560E+10   1.313389E+10   1.571080E+10   1.952089E+10   2.415315E+10
   2.918360E+10   3.367789E+10   3.545718E+10   3.126679E+10   2.125601E+10
   1.138817E+10   5.368932E+09   2.443585E+09   2.201426E+09   1.206870E+15
   1.343023E+04   1.417344E+15   2.504745E-09   6.771645E+13   4.032666E+10
   1.774297E+10   1.781340E+10   2.134601E+10   2.653678E+10   3.280533E+10
   3.948886E+10   4.506513E+10   4.609379E+10   3.834803E+10   2.418222E+10
   1.221239E+10   5.570925E+09   2.495226E+09   2.224395E+09   1.416894E+15
   1.353461E+04   1.660389E+15   2.941962E-09   8.389890E+13   5.347714E+10
   2.382678E+10   2.402601E+10   2.884441E+10   3.587718E+10   4.430384E+10
   5.308829E+10   5.977196E+10   5.906545E+10   4.606254E+10   2.696755E+10
   1.292653E+10   5.738437E+09   2.537276E+09   2.242645E+09   1.659817E+15
   1.364924E+04   1.941315E+15   3.447458E-09   1.026825E+14   7.043724E+10
   3.181287E+10   3.223045E+10   3.877184E+10   4.824974E+10   5.950245E+10
   7.091099E+10   7.854408E+10   7.452523E+10   5.417929E+10   2.953409E+10
   1.353081E+10   5.874015E+09   2.570250E+09   2.255978E+09   1.940592E+15
   1.377627E+04   2.265880E+15   4.030840E-09   1.240036E+14   9.214303E+10
   4.223668E+10   4.301113E+10   5.185277E+10   6.456095E+10   7.948699E+10
   9.410358E+10   1.021971E+11   9.248721E+10   6.242063E+10   3.182610E+10
   1.402866E+10   5.979823E+09   2.594474E+09   2.264157E+09   2.264971E+15
   1.391833E+04   2.640723E+15   4.702777E-09   1.475476E+14   1.196860E+11
   5.575954E+10   5.710209E+10   6.900318E+10   8.595766E+10   1.056189E+11
   1.240484E+11   1.315591E+11   1.127686E+11   7.048624E+10   3.380664E+10
   1.442400E+10   6.057136E+09   2.609930E+09   2.266759E+09   2.639586E+15
   1.407864E+04   3.073497E+15   5.475087E-09   1.726686E+14   1.543027E+11
   7.318660E+10   7.541524E+10   9.136984E+10   1.138765E+11   1.395844E+11
   1.623719E+11   1.673822E+11   1.349509E+11   7.808251E+10   3.545386E+10
   1.472011E+10   6.106384E+09   2.616310E+09   2.263207E+09   3.072083E+15
   1.425816E+04   3.573488E+15   6.362605E-09   1.988734E+14   1.975617E+11
   9.555821E+10   9.913781E+10   1.204498E+11   1.501892E+11   1.835506E+11
   2.110478E+11   2.103288E+11   1.584479E+11   8.498499E+10   3.677184E+10
   1.492508E+10   6.129693E+09   2.614096E+09   2.253665E+09   3.571736E+15
   1.446313E+04   4.150837E+15   7.379647E-09   2.245081E+14   2.508692E+11
   1.240131E+11   1.296311E+11   1.579893E+11   1.970851E+11   2.400009E+11
   2.721071E+11   2.605701E+11   1.823548E+11   9.095951E+10   3.774677E+10
   1.503578E+10   6.124585E+09   2.601891E+09   2.236772E+09   4.148678E+15
   1.469455E+04   4.818417E+15   8.546568E-09   2.487659E+14   3.162088E+11
   1.600854E+11   1.687227E+11   2.063294E+11   2.574844E+11   3.121822E+11
   3.479829E+11   3.180144E+11   2.057921E+11   9.590408E+10   3.840005E+10
   1.506031E+10   6.093172E+09   2.580302E+09   2.212900E+09   4.815766E+15
   1.495510E+04   5.591329E+15   9.887040E-09   2.705793E+14   3.957474E+11
   2.056236E+11   2.186703E+11   2.683871E+11   3.350165E+11   4.040114E+11
   4.411799E+11   3.819362E+11   2.278308E+11   9.975716E+10   3.874881E+10
   1.500331E+10   6.036249E+09   2.549425E+09   2.182020E+09   5.588086E+15
   1.524827E+04   6.487739E+15   1.142987E-08   2.888581E+14   4.919119E+11
   2.628875E+11   2.822967E+11   3.478369E+11   4.342327E+11   5.202196E+11
   5.541281E+11   4.509004E+11   2.476083E+11   1.025003E+11   3.880954E+10
   1.486824E+10   5.954262E+09   2.509249E+09   2.144033E+09   6.483783E+15
   1.557816E+04   7.529866E+15   1.321091E-08   3.026494E+14   6.074685E+11
   3.346681E+11   3.631638E+11   4.493468E+11   5.608770E+11   6.665003E+11
   6.889333E+11   5.227538E+11   2.644111E+11   1.041503E+11   3.859863E+10
   1.465817E+10   5.847613E+09   2.459776E+09   2.098863E+09   7.525051E+15
   1.594904E+04   8.745536E+15   1.527616E-08   3.113853E+14   7.457714E+11
   4.245137E+11   4.658715E+11   5.789713E+11   7.223323E+11   8.497559E+11
   8.471008E+11   5.947717E+11   2.777425E+11   1.047561E+11   3.813484E+10
   1.437702E+10   5.717148E+09   2.401220E+09   2.046619E+09   8.739685E+15
   1.636582E+04   1.017001E+16   1.768475E-08   3.148632E+14   9.109610E+11
   5.369938E+11   5.964326E+11   7.446532E+11   9.281688E+11   1.078288E+12
   1.029071E+12   6.638472E+11   2.873201E+11   1.043846E+11   3.743711E+10
   1.402891E+10   5.563889E+09   2.333888E+09   1.987485E+09   1.016291E+16
   1.683350E+04   1.184933E+16   2.051491E-08   3.134409E+14   1.108636E+12
   6.782651E+11   7.630041E+11   9.571724E+11   1.191178E+12   1.362240E+12
   1.233871E+12   7.268729E+11   2.930892E+11   1.031232E+11   3.652788E+10
   1.361948E+10   5.389539E+09   2.258381E+09   1.921896E+09   1.184071E+16
   1.735653E+04   1.384463E+16   2.387145E-08   3.081070E+14   1.346933E+12
   8.569881E+11   9.770637E+11   1.231658E+12   1.528973E+12   1.714163E+12
   1.458769E+12   7.811370E+11   2.952096E+11   1.010810E+11   3.543547E+10
   1.315681E+10   5.196818E+09   2.175742E+09   1.850647E+09   1.383416E+16
   1.793996E+04   1.623667E+16   2.789257E-08   3.000345E+14   1.637275E+12
   1.085326E+12   1.254811E+12   1.589422E+12   1.965766E+12   2.148896E+12
   1.698494E+12   8.244565E+11   2.939606E+11   9.836790E+10   3.418772E+10
   1.264907E+10   4.988552E+09   2.087063E+09   1.774588E+09   1.622392E+16
   1.858990E+04   1.913218E+16   3.276022E-08   2.903689E+14   1.995573E+12
   1.380466E+12   1.619301E+12   2.060711E+12   2.534822E+12   2.682862E+12
   1.944640E+12   8.553074E+11   2.896853E+11   9.508703E+10   3.281034E+10
   1.210390E+10   4.767412E+09   1.993389E+09   1.694532E+09   1.911660E+16
   1.931325E+04   2.267186E+16   3.871351E-08   2.801819E+14   2.444049E+12
   1.766883E+12   2.103611E+12   2.688744E+12   3.281630E+12   3.332107E+12
   2.185553E+12   8.729308E+11   2.827673E+11   9.133673E+10   3.132806E+10
   1.152884E+10   4.536074E+09   1.895773E+09   1.611312E+09   2.265271E+16
   2.011796E+04   2.703857E+16   4.606233E-08   2.703265E+14   3.013060E+12
   2.279151E+12   2.754947E+12   3.534817E+12   4.266795E+12   4.107616E+12
   2.406776E+12   8.772901E+11   2.735956E+11   8.720667E+10   2.976343E+10
   1.093084E+10   4.297024E+09   1.795198E+09   1.525715E+09   2.701489E+16
   2.101510E+04   3.246840E+16   5.520556E-08   2.612054E+14   3.742529E+12
   2.965318E+12   3.639852E+12   4.684599E+12   5.567498E+12   5.007217E+12
   2.592363E+12   8.688703E+11   2.625048E+11   8.276351E+10   2.813191E+10
   1.031443E+10   4.051835E+09   1.692279E+09   1.438226E+09   3.243893E+16
   2.201857E+04   3.924514E+16   6.662169E-08   2.527020E+14   4.680067E+12
   3.888020E+12   4.846935E+12   6.250542E+12   7.269976E+12   6.001969E+12
   2.726757E+12   8.485084E+11   2.497715E+11   7.805541E+10   2.644367E+10
   9.682375E+09   3.801421E+09   1.587360E+09   1.349117E+09   3.920827E+16
   2.314634E+04   4.769014E+16   8.085164E-08   2.441686E+14   5.875749E+12
   5.122865E+12   6.486302E+12   8.368899E+12   9.450351E+12   7.025088E+12
   2.797891E+12   8.173000E+11   2.356162E+11   7.311355E+10   2.470384E+10
   9.035717E+09   3.546044E+09   1.480521E+09   1.258444E+09   4.764388E+16
   2.442136E+04   5.815940E+16   9.849440E-08   2.347170E+14   7.376424E+12
   6.755456E+12   8.686987E+12   1.119218E+13   1.214547E+13   7.975460E+12
   2.800323E+12   7.766085E+11   2.202385E+11   6.796346E+10   2.291607E+10
   8.375029E+09   3.285788E+09   1.371768E+09   1.166201E+09   5.810141E+16
   2.586755E+04   7.102495E+16   1.201765E-07   2.237425E+14   9.219451E+12
   8.874985E+12   1.158866E+13   1.487127E+13   1.531367E+13   8.739854E+12
   2.736802E+12   7.282460E+11   2.039157E+11   6.265698E+10   2.109335E+10
   7.704338E+09   3.022100E+09   1.261676E+09   1.072857E+09   7.095264E+16
   2.750626E+04   8.666725E+16   1.465395E-07   2.112404E+14   1.143134E+13
   1.156952E+13   1.533380E+13   1.953481E+13   1.880636E+13   9.229162E+12
   2.617503E+12   6.744781E+11   1.870370E+11   5.728335E+10   1.926162E+10
   7.032454E+09   2.758301E+09   1.151600E+09   9.795388E+08   8.657784E+16
   2.935450E+04   1.054879E+17   1.782620E-07   1.978021E+14   1.403422E+13
   1.492772E+13   2.006687E+13   2.527365E+13   2.237175E+13   9.406830E+12
   2.457170E+12   6.177996E+11   1.700667E+11   5.195844E+10   1.745628E+10
   6.371698E+09   2.499104E+09   1.043478E+09   8.878653E+08   1.053786E+17
   3.142489E+04   1.279639E+17   2.161500E-07   1.844110E+14   1.706412E+13
   1.905514E+13   2.595239E+13   3.214390E+13   2.570392E+13   9.293259E+12
   2.271673E+12   5.606124E+11   1.534725E+11   4.680333E+10   1.571500E+10
   5.735324E+09   2.249603E+09   9.394128E+08   7.996004E+08   1.278317E+17
   3.372634E+04   1.547720E+17   2.613472E-07   1.722418E+14   2.060739E+13
   2.411750E+13   3.323035E+13   4.020341E+13   2.852404E+13   8.948668E+12
   2.075399E+12   5.049719E+11   1.376630E+11   4.192558E+10   1.407156E+10
   5.135261E+09   2.014401E+09   8.413088E+08   7.163476E+08   1.546137E+17
   3.626582E+04   1.870455E+17   3.157672E-07   1.625813E+14   2.486801E+13
   3.043437E+13   4.234127E+13   4.959714E+13   3.065708E+13   8.448756E+12
   1.879843E+12   4.524444E+11   1.229493E+11   3.740710E+10   1.255170E+10
   4.580623E+09   1.797022E+09   7.506265E+08   6.393428E+08   1.868568E+17
   3.905201E+04   2.268401E+17   3.828797E-07   1.568835E+14   3.028492E+13
   3.865834E+13   5.416681E+13   6.068357E+13   3.205979E+13   7.864510E+12
   1.693118E+12   4.040509E+11   1.095251E+11   3.329774E+10   1.117093E+10
   4.076885E+09   1.599582E+09   6.682453E+08   5.693346E+08   2.266142E+17
   4.210001E+04   2.778992E+17   4.690022E-07   1.570012E+14   3.773910E+13
   5.010676E+13   7.046128E+13   7.414960E+13   3.278581E+13   7.251028E+12
   1.520120E+12   3.603001E+11   9.747080E+10   2.961575E+10   9.934582E+09
   3.625878E+09   1.422785E+09   5.944586E+08   5.065763E+08   2.776248E+17
   4.543082E+04   3.468176E+17   5.852627E-07   1.657210E+14   4.894501E+13
   6.739521E+13   9.461941E+13   9.098563E+13   3.291924E+13   6.645702E+12
   1.363344E+12   3.213410E+11   8.678905E+10   2.635792E+10   8.841102E+09
   3.226979E+09   1.266382E+09   5.291637E+08   4.509835E+08   3.464744E+17
   4.906395E+04   4.445667E+17   7.501747E-07   1.875939E+14   6.717833E+13
   9.562533E+13   1.329314E+14   1.120073E+14   3.251951E+13   6.071140E+12
   1.223708E+12   2.871067E+11   7.743816E+10   2.350923E+10   7.885187E+09
   2.878229E+09   1.129606E+09   4.720407E+08   4.022827E+08   4.441189E+17
   5.301626E+04   5.880283E+17   9.922251E-07   2.298913E+14   9.851155E+13
   1.444328E+14   1.961413E+14   1.365542E+14   3.160737E+13   5.537133E+12
   1.100613E+12   2.572750E+11   6.931670E+10   2.103752E+10   7.055918E+09
   2.575634E+09   1.010889E+09   4.224352E+08   3.599099E+08   5.874142E+17
   5.731102E+04   8.010396E+17   1.351640E-06   3.036630E+14   1.537430E+14
   2.311832E+14   3.001004E+14   1.610625E+14   3.020834E+13   5.043185E+12
   9.919548E+11   2.312232E+11   6.224679E+10   1.888788E+10   6.334797E+09
   2.312435E+09   9.075780E+08   3.792370E+08   3.229059E+08   8.001572E+17
   6.198038E+04   1.115003E+18   1.881411E-06   4.250953E+14   2.512689E+14
   3.855256E+14   4.625365E+14   1.799667E+14   2.840917E+13   4.584529E+12
   8.950187E+11   2.082082E+11   5.601945E+10   1.699603E+10   5.700170E+09
   2.080714E+09   8.165596E+08   3.411408E+08   2.901402E+08   1.113690E+18
   6.706072E+04   1.569598E+18   2.648510E-06   6.171323E+14   4.211097E+14
   6.550433E+14   6.919712E+14   1.893285E+14   2.635074E+13   4.157040E+12
   8.074549E+11   1.875861E+11   5.045320E+10   1.530602E+10   5.133152E+09
   1.873552E+09   7.351076E+08   3.070016E+08   2.606152E+08   1.567610E+18
   7.259186E+04   2.213901E+18   3.735761E-06   9.111082E+14   7.101196E+14
   1.110556E+15   9.705975E+14   1.890468E+14   2.417530E+13   3.758271E+12
   7.275856E+11   1.688888E+11   4.541515E+10   1.377675E+10   4.619834E+09
   1.685842E+09   6.612057E+08   2.759702E+08   2.335865E+08   2.210892E+18
   7.862048E+04   3.107647E+18   5.243996E-06   1.348036E+15   1.188063E+15
   1.847396E+15   1.247915E+15   1.815770E+14   2.199025E+13   3.386666E+12
   6.542716E+11   1.517957E+11   4.081388E+10   1.237985E+10   4.150610E+09
   1.514051E+09   5.934567E+08   2.474563E+08   2.085374E+08   3.103157E+18
