   1    9.3272E-08  9.1985E-08  1.9724E+00  1.0070E+04  1.0464E+13  1.8134E-11
   2    1.2759E-07  1.5719E-07  1.8276E+00  1.0863E+04  1.3385E+13  2.2801E-11
   3    1.7326E-07  2.4804E-07  2.1511E+00  1.1014E+04  1.7920E+13  3.0549E-11
   4    2.3352E-07  3.9084E-07  2.5877E+00  1.1118E+04  2.3908E+13  4.0822E-11
   5    3.1229E-07  6.1688E-07  3.1522E+00  1.1198E+04  3.1708E+13  5.4262E-11
   6    4.1412E-07  9.7422E-07  3.8658E+00  1.1264E+04  4.1739E+13  7.1636E-11
   7    5.4428E-07  1.5351E-06  4.7534E+00  1.1322E+04  5.4480E+13  9.3833E-11
   8    7.0869E-07  2.4056E-06  5.8346E+00  1.1378E+04  7.0443E+13  1.2183E-10
   9    9.1401E-07  3.7355E-06  7.1209E+00  1.1437E+04  9.0180E+13  1.5666E-10
  10    1.1677E-06  5.7299E-06  8.6049E+00  1.1504E+04  1.1426E+14  1.9941E-10
  11    1.4779E-06  8.6621E-06  1.0296E+01  1.1581E+04  1.4334E+14  2.5129E-10
  12    1.8542E-06  1.2896E-05  1.2210E+01  1.1662E+04  1.7817E+14  3.1374E-10
  13    2.3071E-06  1.8913E-05  1.4361E+01  1.1749E+04  2.1956E+14  3.8831E-10
  14    2.8487E-06  2.7340E-05  1.6759E+01  1.1840E+04  2.6845E+14  4.7677E-10
  15    3.4931E-06  3.9000E-05  1.9427E+01  1.1934E+04  3.2592E+14  5.8117E-10
  16    4.2567E-06  5.4962E-05  2.2384E+01  1.2030E+04  3.9319E+14  7.0388E-10
  17    5.1583E-06  7.6613E-05  2.5643E+01  1.2129E+04  4.7168E+14  8.4754E-10
  18    6.2202E-06  1.0573E-04  2.9206E+01  1.2232E+04  5.6298E+14  1.0150E-09
  19    7.4681E-06  1.4463E-04  3.3126E+01  1.2337E+04  6.6902E+14  1.2102E-09
  20    8.9322E-06  1.9629E-04  3.7447E+01  1.2444E+04  7.9200E+14  1.4372E-09
  21    1.0648E-05  2.6464E-04  4.2231E+01  1.2551E+04  9.3452E+14  1.7013E-09
  22    1.2656E-05  3.5479E-04  4.7554E+01  1.2656E+04  1.0996E+15  2.0086E-09
  23    1.5005E-05  4.7350E-04  5.3509E+01  1.2759E+04  1.2907E+15  2.3666E-09
  24    1.7752E-05  6.2964E-04  6.0176E+01  1.2859E+04  1.5118E+15  2.7835E-09
  25    2.0963E-05  8.3484E-04  6.7655E+01  1.2956E+04  1.7676E+15  3.2692E-09
  26    2.4714E-05  1.1044E-03  7.6055E+01  1.3051E+04  2.0634E+15  3.8353E-09
  27    2.9097E-05  1.4585E-03  8.5495E+01  1.3144E+04  2.4053E+15  4.4952E-09
  28    3.4218E-05  1.9233E-03  9.6067E+01  1.3236E+04  2.8003E+15  5.2640E-09
  29    4.0202E-05  2.5334E-03  1.0785E+02  1.3329E+04  3.2566E+15  6.1587E-09
  30    4.7194E-05  3.3331E-03  1.2089E+02  1.3425E+04  3.7835E+15  7.1988E-09
  31    5.5369E-05  4.3801E-03  1.3523E+02  1.3526E+04  4.3921E+15  8.4059E-09
  32    6.4933E-05  5.7485E-03  1.5095E+02  1.3633E+04  5.0954E+15  9.8048E-09
  33    7.6127E-05  7.5341E-03  1.6808E+02  1.3749E+04  5.9084E+15  1.1423E-08
  34    8.9240E-05  9.8598E-03  1.8662E+02  1.3877E+04  6.8490E+15  1.3290E-08
  35    1.0462E-04  1.2883E-02  2.0655E+02  1.4017E+04  7.9383E+15  1.5441E-08
  36    1.2268E-04  1.6805E-02  2.2780E+02  1.4174E+04  9.2014E+15  1.7914E-08
  37    1.4393E-04  2.1885E-02  2.5036E+02  1.4349E+04  1.0668E+16  2.0752E-08
  38    1.6899E-04  2.8452E-02  2.7374E+02  1.4548E+04  1.2373E+16  2.3998E-08
  39    1.9862E-04  3.6920E-02  2.9785E+02  1.4772E+04  1.4360E+16  2.7713E-08
  40    2.3378E-04  4.7826E-02  3.2244E+02  1.5026E+04  1.6678E+16  3.1965E-08
  41    2.7567E-04  6.1849E-02  3.4709E+02  1.5311E+04  1.9387E+16  3.6840E-08
  42    3.2581E-04  7.9861E-02  3.7131E+02  1.5634E+04  2.2558E+16  4.2440E-08
  43    3.8618E-04  1.0298E-01  3.9456E+02  1.6000E+04  2.6279E+16  4.8897E-08
  44    4.5933E-04  1.3264E-01  4.1638E+02  1.6412E+04  3.0656E+16  5.6381E-08
  45    5.4864E-04  1.7072E-01  4.3643E+02  1.6878E+04  3.5823E+16  6.5119E-08
  46    6.5862E-04  2.1973E-01  4.5483E+02  1.7400E+04  4.1955E+16  7.5413E-08
  47    7.9533E-04  2.8309E-01  4.7210E+02  1.7984E+04  4.9280E+16  8.7665E-08
  48    9.6702E-04  3.6560E-01  4.8904E+02  1.8635E+04  5.8098E+16  1.0240E-07
  49    1.1849E-03  4.7410E-01  5.0679E+02  1.9358E+04  6.8808E+16  1.2032E-07
  50    1.4645E-03  6.1827E-01  5.2473E+02  2.0161E+04  8.1933E+16  1.4230E-07
  51    1.8273E-03  8.1284E-01  5.4775E+02  2.1056E+04  9.8168E+16  1.6954E-07
  52    2.3021E-03  1.0792E+00  5.7448E+02  2.2058E+04  1.1833E+17  2.0341E-07
  53    2.9253E-03  1.4470E+00  6.0556E+02  2.3185E+04  1.4333E+17  2.4543E-07
  54    3.7456E-03  1.9582E+00  6.4099E+02  2.4462E+04  1.7423E+17  2.9738E-07
  55    4.8244E-03  2.6712E+00  6.8076E+02  2.5914E+04  2.1211E+17  3.6109E-07
  56    6.2382E-03  3.6648E+00  7.2480E+02  2.7561E+04  2.5814E+17  4.3853E-07
  57    8.0826E-03  5.0457E+00  7.7262E+02  2.9420E+04  3.1358E+17  5.3182E-07
  58    1.0480E-02  6.9575E+00  8.2200E+02  3.1502E+04  3.7997E+17  6.4359E-07
  59    1.3600E-02  9.5938E+00  8.6814E+02  3.3812E+04  4.5959E+17  7.7772E-07
  60    1.7694E-02  1.3216E+01  9.0164E+02  3.6355E+04  5.5629E+17  9.4069E-07
  61    2.3175E-02  1.8180E+01  9.0945E+02  3.9137E+04  6.7698E+17  1.1442E-06
  62    3.0766E-02  2.4971E+01  8.8003E+02  4.2175E+04  8.3410E+17  1.4093E-06
  63    4.1745E-02  3.4266E+01  8.1299E+02  4.5494E+04  1.0493E+18  1.7725E-06
  64    5.8330E-02  4.7001E+01  7.2277E+02  4.9113E+04  1.3583E+18  2.2940E-06
  65    8.4194E-02  6.4488E+01  6.2948E+02  5.3052E+04  1.8152E+18  3.0653E-06
  66    1.2509E-01  8.8540E+01  5.4674E+02  5.7337E+04  2.4955E+18  4.2142E-06
  67    1.8962E-01  1.2163E+02  4.7891E+02  6.1999E+04  3.4985E+18  5.9081E-06
  68    2.9022E-01  1.6711E+02  4.2520E+02  6.7076E+04  4.9496E+18  8.3589E-06
  69    4.4453E-01  2.2948E+02  3.8321E+02  7.2604E+04  7.0042E+18  1.1830E-05
  70    6.7720E-01  3.1484E+02  3.5047E+02  7.8631E+04  9.8528E+18  1.6642E-05
