       187.3703 2.66520402E+02
       199.2100 3.63181000E+01
       212.6469 3.14626494E+00
       228.0275 1.72382735E-01
       245.8065 8.85550697E-03
       266.5925 3.44051307E-03
       291.2185 1.83751560E-02
       320.8572 1.86379897E-01
       357.2123 2.21101472E+00
       402.8588 2.73371177E+01
       461.8803 3.33209974E+02
       485.5945 7.59161927E+02
       511.8757 1.71733135E+03
       541.1644 3.85274492E+03
       574.0083 8.56220251E+03
       611.0964 1.88274215E+04
       653.3082 4.09100725E+04
       701.7844 8.77084086E+04
       758.0311 1.85165362E+05
       824.0796 3.83861595E+05
       828.9709 4.02527472E+05
       839.5249 4.45251757E+05
       839.8831 4.46761718E+05
       853.7673 5.08421184E+05
       859.4983 5.35695499E+05
       860.0664 5.38458556E+05
       860.7716 5.41903577E+05
       861.6620 5.46277171E+05
       862.8089 5.51949657E+05
       864.3215 5.59498681E+05
       864.6370 5.61083129E+05
       865.4227 5.65043217E+05
       866.3743 5.69868036E+05
       869.2605 5.84691186E+05
       869.5401 5.86142675E+05
       872.9357 6.03982425E+05
       873.5049 6.07012305E+05
       873.5127 6.07053651E+05
       874.2289 6.10882377E+05
       875.1333 6.15742271E+05
       876.2981 6.22044102E+05
       877.8343 6.30428279E+05
       879.9192 6.41940402E+05
       880.0929 6.42906647E+05
       882.8505 6.58388470E+05
       886.7999 6.81037115E+05
       887.1613 6.83137637E+05
       887.3861 6.84446529E+05
       888.1137 6.88696234E+05
       889.0324 6.94089506E+05
       890.2158 7.01081359E+05
       891.2978 7.07519532E+05
       891.7764 7.10380795E+05
       893.8740 7.23021650E+05
       893.8943 7.23144699E+05
       893.8985 7.23170122E+05
       894.4894 7.26760337E+05
       895.2228 7.31235000E+05
       896.1489 7.36913129E+05
       896.8722 7.41370131E+05
       897.3417 7.44273253E+05
       898.9148 7.54060801E+05
       900.6140 7.64736798E+05
       901.0497 7.67491990E+05
       901.1117 7.67884370E+05
       901.2515 7.68770172E+05
       901.3683 7.69510844E+05
       901.7073 7.71663050E+05
       902.4467 7.76371971E+05
       902.7365 7.78223468E+05
       903.3802 7.84038337E+05
       904.0514 7.90141023E+05
       904.5826 7.94999059E+05
       904.7621 7.96645954E+05
       905.2544 8.01177970E+05
       905.3601 8.02154046E+05
       906.1025 8.09035352E+05
       906.1684 8.09648918E+05
       907.0398 8.17793413E+05
       908.0936 8.27733840E+05
       908.2471 8.29189852E+05
       908.3206 8.29887598E+05
       908.4422 8.31043557E+05
       908.4658 8.31267636E+05
       909.0426 8.36767385E+05
       909.7880 8.43914039E+05
       909.8393 8.44407205E+05
       910.2935 8.48784968E+05
       910.7292 8.52993138E+05
       910.8952 8.54599377E+05
       911.3465 8.58967492E+05
       911.6421 8.61837824E+05
       911.9414 8.64743027E+05
       912.0002 8.65314217E+05
       912.1523 8.66794402E+05
       912.5851 8.71209101E+05
       912.7552 8.73402414E+05
       913.0846 8.79620168E+05
       913.5037 8.94327757E+05
       913.5401 8.96141723E+05
       913.6881 9.04647712E+05
       913.7998 9.12316716E+05
       914.0188 9.30929873E+05
       914.4373 9.80258024E+05
       914.4487 9.81850340E+05
       914.4866 9.87277567E+05
       914.6230 1.00734680E+06
       914.9549 1.06281212E+06
       915.0384 1.07638299E+06
       915.0911 1.08512621E+06
       915.1892 1.10093366E+06
       915.3729 1.11332803E+06
       915.3745 1.11342078E+06
       915.3833 1.11395190E+06
       915.4018 1.11502881E+06
       915.4237 1.11628142E+06
       915.5410 1.08862855E+06
       915.5597 1.07163795E+06
       915.6583 9.90103792E+05
       915.6658 9.76899594E+05
       915.7097 9.08532801E+05
       915.7169 8.98521232E+05
       915.7756 7.90405903E+05
       915.7942 7.77364545E+05
       915.7965 7.75685438E+05
       915.8049 7.69584827E+05
       915.8343 7.66895618E+05
       915.8414 7.67578223E+05
       915.8636 7.69616317E+05
       915.8929 7.91213752E+05
       915.9516 9.02976871E+05
       916.0103 1.00049586E+06
       916.0288 1.01644545E+06
       916.1277 1.07583128E+06
       916.1461 1.07528678E+06
       916.2452 9.86117719E+05
       916.2635 9.68355520E+05
       916.3104 8.69555564E+05
       916.3198 8.53030489E+05
       916.3222 8.49097023E+05
       916.3809 7.10224169E+05
       916.4102 6.73620032E+05
       916.4396 6.72572736E+05
       916.4690 6.75812818E+05
       916.4802 6.90234189E+05
       916.4983 7.14901315E+05
       916.5451 8.26781471E+05
       916.5570 8.63943240E+05
       916.6017 9.60745701E+05
       916.6158 9.98583374E+05
       916.7153 1.14000315E+06
       916.7333 1.17160639E+06
       916.7799 1.19872930E+06
       916.7888 1.19816627E+06
       916.8508 1.19332530E+06
       916.8973 1.16677609E+06
       917.0148 9.65331415E+05
       917.0735 8.12064280E+05
       917.0859 7.64930634E+05
       917.1323 6.46313568E+05
       917.1617 5.91751740E+05
       917.1859 5.88556137E+05
       917.1910 5.87875684E+05
       917.2204 5.92398381E+05
       917.2498 6.47933374E+05
       917.2583 6.65051756E+05
       917.2710 6.94435017E+05
       917.3086 8.19204096E+05
       917.3212 8.47290457E+05
       917.3674 9.88410342E+05
       917.4850 1.25436095E+06
       917.4932 1.26346539E+06
       917.5395 1.30501765E+06
       917.5758 1.34053317E+06
       917.6026 1.36860053E+06
       917.6569 1.37192433E+06
       917.7282 1.37575033E+06
       917.7921 1.30469186E+06
       917.8379 1.26064373E+06
       917.8458 1.25192043E+06
       917.9634 9.60645671E+05
       918.0091 8.07582403E+05
       918.0222 7.78116297E+05
       918.0734 6.12782927E+05
       918.0810 5.98468101E+05
       918.1104 5.28493587E+05
       918.1398 5.19952350E+05
       918.1693 5.28812734E+05
       918.1724 5.34900454E+05
       918.1987 5.99228699E+05
       918.2086 6.18210591E+05
       918.2575 7.81146447E+05
       918.2635 7.94271051E+05
       918.3164 9.70413044E+05
       918.4341 1.30029620E+06
       918.4792 1.37355411E+06
       918.5447 1.50503840E+06
       918.5518 1.52205996E+06
       918.6005 1.55277646E+06
       918.7144 1.63452053E+06
       918.7603 1.63609225E+06
       918.7874 1.63698292E+06
       918.9498 1.54260068E+06
       919.0164 1.39531824E+06
       919.0231 1.38339045E+06
       919.0675 1.31076719E+06
       919.1480 1.02600737E+06
       919.1852 9.55658742E+05
       919.2077 8.54748308E+05
       919.2441 7.54166275E+05
       919.3030 5.65051597E+05
       919.3325 4.83895501E+05
       919.3619 4.65921949E+05
       919.3914 4.84178081E+05
       919.4208 5.65737516E+05
       919.4496 6.28287019E+05
       919.4797 7.56497588E+05
       919.4949 7.92352513E+05
       919.5063 8.25327621E+05
       919.5387 9.62053392E+05
       919.5460 9.74770535E+05
       919.6184 1.15948479E+06
       919.6550 1.33111266E+06
       919.6565 1.34033305E+06
       919.7744 1.63025768E+06
       919.9614 1.87525231E+06
       919.9671 1.88539997E+06
       920.0103 1.96882491E+06
       920.0893 2.01255106E+06
       920.1538 2.01574825E+06
       920.2463 2.01988946E+06
       920.3250 1.99084108E+06
       920.3893 1.84190138E+06
       920.5607 1.59953001E+06
       920.6326 1.35941090E+06
       920.6787 1.26531040E+06
       920.7187 1.05416104E+06
       920.7966 8.68131014E+05
       920.8556 6.69652019E+05
       920.9083 5.24413682E+05
       920.9131 5.17326281E+05
       920.9146 5.15115630E+05
       920.9441 4.71182637E+05
       920.9736 4.55716190E+05
       920.9736 4.55716090E+05
       921.0031 4.71450975E+05
       921.0326 5.15710269E+05
       921.0916 6.71292024E+05
       921.1507 8.71758154E+05
       921.1916 9.50813674E+05
       921.2688 1.27952716E+06
       921.3310 1.42497577E+06
       921.3869 1.64493594E+06
       921.4429 1.72394976E+06
       921.6232 2.18774979E+06
       921.8025 2.39832283E+06
       921.8596 2.47166020E+06
       921.8609 2.47176487E+06
       922.0519 2.48489024E+06
       922.1388 2.49040944E+06
       922.2746 2.49548138E+06
       922.3328 2.41724208E+06
       922.5108 2.21000809E+06
       922.5126 2.20167225E+06
       922.7471 1.66630137E+06
       922.7730 1.54669606E+06
       922.8065 1.43441977E+06
       922.8080 1.43023356E+06
       922.8653 1.30062733E+06
       922.9835 8.77431790E+05
       923.0426 6.60455141E+05
       923.0880 5.09488687E+05
       923.1018 4.88251981E+05
       923.1314 4.38546838E+05
       923.1609 4.20541263E+05
       923.1905 4.38796594E+05
       923.2201 4.88812664E+05
       923.2464 5.35270254E+05
       923.2792 6.61997406E+05
       923.3384 8.80569284E+05
       923.3476 8.95611673E+05
       923.4555 1.29808059E+06
       923.4568 1.30949246E+06
       923.5752 1.68674197E+06
       923.7554 2.05596449E+06
       923.7626 2.08013278E+06
       923.8120 2.29038093E+06
       923.9579 2.50779171E+06
       924.0490 2.71662743E+06
       924.4003 3.01161334E+06
       924.5233 3.13975178E+06
       924.7062 3.15549165E+06
       924.7155 3.15618017E+06
       924.8734 3.16733407E+06
       924.9922 3.04227512E+06
       924.9982 3.03665251E+06
       925.1279 2.91203225E+06
       925.3470 2.75337248E+06
       925.5840 2.32287511E+06
       925.6721 1.99993557E+06
       925.8211 1.72668299E+06
       925.9397 1.34628536E+06
       925.9493 1.26250390E+06
       926.0583 8.98808681E+05
       926.1176 6.60990887E+05
       926.1770 4.68887802E+05
       926.2066 4.11920327E+05
       926.2363 3.90488489E+05
       926.2660 4.12156444E+05
       926.2957 4.69429497E+05
       926.3550 6.62530884E+05
       926.4144 9.01915307E+05
       926.5172 1.22472813E+06
       926.5331 1.35415003E+06
       926.6137 1.56593713E+06
       926.6519 1.74216005E+06
       926.8896 2.36850541E+06
       926.9024 2.38584035E+06
       926.9042 2.38837264E+06
       927.0170 2.57536850E+06
       927.0285 2.59885807E+06
       927.1274 2.86300655E+06
       927.1808 2.90978708E+06
       927.6033 3.56771266E+06
       927.7936 3.70275698E+06
       927.9645 3.85438867E+06
       928.0797 3.95509718E+06
       928.5291 3.99513622E+06
       928.5544 3.99722048E+06
       928.8144 4.01784987E+06
       928.9139 4.02438292E+06
       929.0340 3.91031800E+06
       929.3894 3.62650465E+06
       929.5149 3.32593612E+06
       929.8653 2.90088379E+06
       929.9902 2.59429767E+06
       930.1034 2.42002301E+06
       930.2920 1.87751687E+06
       930.3417 1.80309858E+06
       930.4609 1.40951587E+06
       930.5801 9.33781377E+05
       930.6397 6.70517641E+05
       930.6993 4.55617587E+05
       930.7291 3.89648397E+05
       930.7344 3.84436639E+05
       930.7521 3.68892813E+05
       930.7590 3.63617727E+05
       930.7888 3.89872973E+05
       930.8186 4.56146902E+05
       930.8782 6.72081478E+05
       930.9379 9.36967022E+05
       931.0459 1.31030033E+06
       931.0572 1.41723841E+06
       931.1766 1.81690663E+06
       931.4154 2.45133360E+06
       931.6543 2.96153904E+06
       931.6613 2.96809247E+06
       931.9087 3.27106256E+06
       932.1326 3.82832320E+06
       932.1910 3.88608885E+06
       932.3838 4.11915170E+06
       932.4252 4.18146782E+06
       932.6113 4.55629790E+06
       933.3898 5.22972510E+06
       933.5703 5.49223441E+06
       933.8350 5.60542766E+06
       934.0977 5.72215935E+06
       934.5212 5.70846844E+06
       934.5312 5.70808384E+06
       934.5982 5.68683263E+06
       934.6322 5.67612536E+06
       935.0540 5.55136887E+06
       935.6150 4.78278370E+06
       936.0123 4.48828115E+06
       936.2706 4.01172985E+06
       936.4590 3.79957762E+06
       936.4921 3.76841166E+06
       936.9725 2.93423342E+06
       937.2128 2.40999027E+06
       937.4533 1.72039450E+06
       937.5736 1.26336588E+06
       937.6939 6.94055700E+05
       937.7117 5.47858475E+05
       937.7541 4.49755504E+05
       937.8143 3.38137758E+05
       937.8745 4.50282238E+05
       937.9347 6.95676306E+05
       938.0551 1.26887717E+06
       938.1755 1.73120758E+06
       938.3132 2.00083850E+06
       938.3948 2.30560384E+06
       938.4165 2.43462644E+06
       938.4943 2.55817316E+06
       938.6576 2.97698807E+06
       938.7886 3.11941931E+06
       938.8737 3.23402154E+06
       939.1402 3.86843255E+06
       939.4942 4.38197427E+06
       939.6232 4.71305180E+06
       940.2646 5.53595295E+06
       940.5909 6.50696406E+06
       941.2372 7.43715975E+06
       941.5605 8.22162342E+06
       941.6208 8.27170398E+06
       942.1360 8.74822055E+06
       942.2904 8.88021794E+06
       942.4901 9.05479948E+06
       943.5058 1.01665427E+07
       944.0592 1.03026553E+07
       944.1423 1.01839216E+07
       944.5872 9.62484416E+06
       944.5883 9.62360447E+06
       945.4592 8.78639217E+06
       945.9902 8.35226578E+06
       946.2185 7.69858164E+06
       946.3846 7.34388393E+06
       946.8341 6.67095776E+06
       946.9586 6.53216343E+06
       947.4600 5.35214412E+06
       947.9291 4.86786411E+06
       948.2368 4.27571153E+06
       948.4150 4.07444723E+06
       948.9015 3.18331994E+06
       949.1449 2.62319946E+06
       949.2178 2.26967814E+06
       949.3885 1.88567642E+06
       949.3902 1.87121469E+06
       949.5103 1.38811488E+06
       949.5374 1.00209202E+06
       949.6322 7.36650502E+05
       949.6931 4.53573040E+05
       949.7540 3.14975514E+05
       949.8150 4.54107407E+05
       949.8760 7.38363270E+05
       949.9979 1.39404221E+06
       950.1199 1.89717034E+06
       950.3639 2.64858031E+06
       950.4812 2.85872890E+06
       950.6081 3.22555281E+06
       951.0968 4.15989322E+06
       951.5860 5.01603569E+06
       952.1475 5.71878232E+06
       952.5660 6.95007412E+06
       953.3541 8.69282273E+06
       953.5480 9.55912399E+06
       953.7332 9.84006063E+06
       954.1738 1.06447878E+07
       954.4088 1.11842325E+07
       955.5180 1.62020953E+07
       957.4962 2.20665873E+07
       957.5883 2.21956116E+07
       958.3729 2.33501287E+07
       959.1158 2.38366766E+07
       961.3819 2.52471725E+07
       961.4773 2.52995259E+07
       962.2640 2.49607307E+07
       963.0580 2.46065603E+07
       963.1670 2.42226429E+07
       963.8037 2.22726130E+07
       964.5940 2.03823299E+07
       965.4177 1.88480194E+07
       965.4917 1.83670218E+07
       965.5918 1.77639526E+07
       966.8770 1.32822693E+07
       967.7891 1.17499280E+07
       968.5720 9.45026323E+06
       968.8085 9.05082133E+06
       968.9791 8.80882934E+06
       969.5462 7.20012475E+06
       970.1721 6.42656761E+06
       970.7697 5.37806186E+06
       970.8724 5.06392335E+06
       971.3680 4.31440196E+06
       971.6675 3.70304715E+06
       971.9671 2.93774843E+06
       972.1170 2.44493147E+06
       972.2669 1.81222775E+06
       972.3419 1.39195557E+06
       972.4169 8.81496309E+05
       972.4544 6.48675558E+05
       972.4919 4.52392464E+05
       972.5106 3.68816551E+05
       972.5294 3.19541283E+05
       972.5388 3.05771196E+05
       972.5481 3.01710263E+05
       972.5575 3.05823560E+05
       972.5669 3.19651018E+05
       972.5856 3.69076083E+05
       972.6044 4.52861191E+05
       972.6419 6.49793367E+05
       972.6794 8.83603070E+05
       972.7545 1.39687244E+06
       972.8295 1.82050886E+06
       972.9797 2.46114229E+06
       973.1299 2.96322803E+06
       973.4304 3.75007225E+06
       973.6218 4.08904101E+06
       973.7311 4.38666574E+06
       974.1067 4.90533362E+06
       974.3331 5.51388234E+06
       974.9358 6.65130151E+06
       976.1435 9.36636285E+06
       977.3542 1.30875258E+07
       978.8631 1.77051174E+07
       979.7847 2.55013537E+07
       980.0733 2.68415481E+07
       980.3428 2.82650594E+07
       980.7211 3.06074343E+07
       981.5253 3.76129973E+07
       981.8899 4.22328327E+07
       982.2272 4.78064041E+07
       982.5407 4.98799559E+07
       983.8484 6.09049887E+07
       985.5732 8.56210757E+07
       986.2978 1.02756165E+08
       987.1490 1.33154405E+08
       987.9139 1.46379516E+08
       991.2050 2.38184203E+08
       991.3125 2.42688667E+08
       992.1204 2.75785845E+08
       993.6498 2.99444825E+08
       996.0449 3.09125884E+08
       998.8548 3.20920010E+08
      1002.2149 3.34049442E+08
      1002.5306 3.31497973E+08
      1003.6385 2.93719719E+08
      1008.2353 1.96633071E+08
      1012.5169 8.83721828E+07
      1014.0054 7.40784920E+07
      1016.4163 4.09942740E+07
      1016.9153 3.78918590E+07
      1019.1280 2.03958317E+07
      1019.8419 1.84934308E+07
      1021.3115 1.30589252E+07
      1022.7854 9.27561606E+06
      1023.5239 7.74327764E+06
      1024.2635 6.25868474E+06
      1024.6337 5.43392036E+06
      1025.0042 4.41570089E+06
      1025.1896 3.75736426E+06
      1025.3750 2.90636920E+06
      1025.4677 2.32502010E+06
      1025.5604 1.51407581E+06
      1025.6068 1.08949278E+06
      1025.6532 7.12289034E+05
      1025.6764 5.18780072E+05
      1025.6861 4.50186905E+05
      1025.6996 3.93912987E+05
      1025.7112 3.57185304E+05
      1025.7228 3.38865206E+05
      1025.7286 3.33770725E+05
      1025.7344 3.32306300E+05
      1025.7402 3.33802959E+05
      1025.7460 3.38930729E+05
      1025.7576 3.57325082E+05
      1025.7692 3.94142394E+05
      1025.7924 5.19293367E+05
      1025.8156 7.13261271E+05
      1025.8620 1.09175716E+06
      1025.9084 1.51825782E+06
      1026.0012 2.33403187E+06
      1026.0940 2.92074479E+06
      1026.2798 3.78415550E+06
      1026.4656 4.45667516E+06
      1026.8373 5.50726403E+06
      1027.2094 6.36938942E+06
      1027.9544 7.94538699E+06
      1028.7004 9.59675152E+06
      1030.1957 1.37398488E+07
      1031.6953 1.97974927E+07
      1033.7697 2.93286963E+07
      1034.7078 4.20333308E+07
      1037.7378 8.49799086E+07
      1040.2157 1.16723680E+08
      1043.8515 2.46503230E+08
      1045.2595 2.78814335E+08
      1050.0377 4.72056240E+08
      1053.4592 5.44450429E+08
      1055.9338 6.08524480E+08
      1062.6327 8.50032290E+08
      1067.3943 9.11148305E+08
      1072.0610 9.76720669E+08
      1075.5335 1.02898740E+09
      1079.5599 1.04087743E+09
      1093.3043 1.08008451E+09
      1099.5497 1.09905141E+09
      1102.2981 1.10336075E+09
      1103.2409 1.10085033E+09
      1112.6384 1.08023628E+09
      1127.7433 1.04004287E+09
      1130.4288 1.03296353E+09
      1136.7299 1.00685176E+09
      1154.9857 9.05025457E+08
      1156.6598 8.88825056E+08
      1161.8877 8.57528046E+08
      1174.8889 7.05156273E+08
      1186.3178 4.83622495E+08
      1188.1844 4.47190654E+08
      1191.2293 3.63837571E+08
      1194.9456 2.81169564E+08
      1201.7842 1.26693789E+08
      1205.2329 7.15792148E+07
      1208.7015 3.84288825E+07
      1210.4433 2.86817085E+07
      1212.1901 2.12300555E+07
      1213.0654 1.84343788E+07
      1213.9420 1.58185891E+07
      1214.3807 1.42482043E+07
      1214.8198 1.22111420E+07
      1215.0395 1.08267387E+07
      1215.2592 8.83140774E+06
      1215.3691 7.08704006E+06
      1215.4790 4.34932036E+06
      1215.5340 2.95731073E+06
      1215.5890 1.78414757E+06
      1215.6164 1.30609272E+06
      1215.6439 1.04253905E+06
      1215.6577 1.00635665E+06
      1215.6714 9.97181275E+05
      1215.6783 9.96523270E+05
      1215.6852 9.96429835E+05
      1215.6920 9.96600279E+05
      1215.6989 9.97335160E+05
      1215.7127 1.00666630E+06
      1215.7264 1.04302457E+06
      1215.7539 1.30715304E+06
      1215.7814 1.78622873E+06
      1215.8364 2.96218310E+06
      1215.8914 4.35886201E+06
      1216.0014 7.10765982E+06
      1216.1114 8.86323619E+06
      1216.3316 1.08850381E+07
      1216.5518 1.23036882E+07
      1216.7362 1.29422786E+07
      1216.9924 1.44300673E+07
      1217.4334 1.60944406E+07
      1218.3163 1.89610003E+07
      1219.2004 2.19104505E+07
      1220.9726 2.96068037E+07
      1222.7500 4.01859347E+07
      1226.3203 6.97735268E+07
      1229.9115 1.02627424E+08
      1237.1574 2.97091470E+08
      1244.4892 4.88642609E+08
      1247.9345 5.32118377E+08
      1258.9420 6.61790249E+08
      1259.4165 6.64505999E+08
      1274.7063 7.11602458E+08
      1279.9328 7.17223247E+08
      1306.4274 7.04422167E+08
      1312.7516 6.98221622E+08
      1339.7675 6.68468437E+08
      1346.4119 6.60747648E+08
      1380.9353 6.08494451E+08
      1411.8274 5.86992549E+08
      1416.3439 5.84342168E+08
      1452.6604 5.46449437E+08
      1489.9081 5.08024755E+08
      1492.0794 5.05873404E+08
      1528.1109 4.72666534E+08
      1567.2932 4.39892574E+08
      1607.4802 4.09517231E+08
      1648.6977 3.81347698E+08
      1690.9720 3.55192549E+08
      1734.3302 3.30895265E+08
      1778.8002 3.08310353E+08
      1824.4105 2.87305358E+08
      1871.1903 2.67759704E+08
      1919.1695 2.49563503E+08
      1968.3790 2.32616523E+08
      2018.8502 2.16827126E+08
      2070.6156 2.02111442E+08
      2123.7083 1.88392666E+08
      2178.1624 1.75600141E+08
      2234.0127 1.63668848E+08
      2291.2951 1.52493284E+08
      2350.0462 1.42114248E+08
      2410.3038 1.32429497E+08
      2472.1065 1.23391735E+08
      2535.4938 1.14957117E+08
      2600.5065 1.07084987E+08
      2667.1862 9.97375192E+07
      2735.5755 9.28797141E+07
      2805.7185 8.64789356E+07
      2877.6600 8.05048209E+07
      2951.4462 7.49291026E+07
      3027.1243 6.97254467E+07
      3104.7428 6.48693022E+07
      3184.3516 6.03378153E+07
      3266.0017 5.61096630E+07
      3321.7202 5.34302071E+07
      3330.6396 5.30208798E+07
      3341.7623 5.25175394E+07
      3349.7453 5.21610262E+07
      3355.8864 5.18829630E+07
      3374.2115 5.10676179E+07
      3398.6118 5.00140561E+07
      3411.7037 4.94632331E+07
      3420.8648 4.90835830E+07
      3432.1566 4.86220155E+07
      3432.2888 4.86166496E+07
      3435.6362 4.84811619E+07
      3446.7956 4.80233039E+07
      3465.6171 4.72668964E+07
      3480.1785 4.66948185E+07
      3490.6784 4.62891105E+07
      3506.6983 4.56808346E+07
      3510.3334 4.55445781E+07
      3516.1144 4.53291562E+07
      3523.7294 4.50478361E+07
      3525.1318 4.49951588E+07
      3527.8565 4.48930784E+07
      3542.7672 4.43410288E+07
      3556.2073 4.38526881E+07
      3562.1128 4.36408346E+07
      3565.7564 4.35108945E+07
      3575.1219 4.31796924E+07
      3577.6643 4.30904453E+07
      3587.8719 4.27349906E+07
      3592.7854 4.25654879E+07
      3607.1343 4.20762980E+07
      3612.4042 4.18988354E+07
      3614.0815 4.18425340E+07
      3615.3355 4.18102995E+07
      3616.8202 4.17721560E+07
      3623.2846 4.16064352E+07
      3625.0726 4.15606738E+07
      3628.8986 4.14628846E+07
      3633.1488 4.13544570E+07
      3638.5269 4.12176293E+07
      3642.9044 4.11064209E+07
      3644.2363 4.10726216E+07
      3655.0700 4.07982540E+07
      3659.5412 4.06853374E+07
      3664.1360 4.05695633E+07
      3669.3677 4.04376264E+07
      3670.5183 4.04086320E+07
      3672.8817 4.03488318E+07
      3674.4397 4.03094267E+07
      3675.3909 4.02853149E+07
      3681.6216 4.01280170E+07
      3682.7440 4.00997268E+07
      3686.3198 4.00096947E+07
      3690.5615 3.99038311E+07
      3690.6328 3.99020390E+07
      3693.0758 3.98406584E+07
      3695.0426 3.97913569E+07
      3696.2183 3.97617155E+07
      3697.1822 3.97372903E+07
      3699.8566 3.96692785E+07
      3702.9924 3.95899624E+07
      3703.2564 3.95832230E+07
      3706.6624 3.94951218E+07
      3706.7502 3.94927808E+07
      3708.3677 3.94270024E+07
      3708.5618 3.94188819E+07
      3709.7914 3.93667570E+07
      3710.0747 3.93545046E+07
      3710.6599 3.93284761E+07
      3710.9287 3.93162739E+07
      3711.7832 3.92776349E+07
      3712.2105 3.92593050E+07
      3712.6380 3.92422376E+07
      3712.8518 3.92328674E+07
      3713.0656 3.92223607E+07
      3713.2003 3.92185626E+07
      3713.2794 3.92161857E+07
      3713.4932 3.92086156E+07
      3713.9210 3.91918057E+07
      3714.3489 3.91762584E+07
      3715.2049 3.91471446E+07
      3715.3586 3.91419395E+07
      3716.0613 3.91170702E+07
      3716.6155 3.90968564E+07
      3717.2494 3.90721340E+07
      3717.3709 3.90673473E+07
      3717.7753 3.90510337E+07
      3718.3254 3.90281633E+07
      3719.4909 3.89765163E+07
      3720.0369 3.89519263E+07
      3720.8932 3.89114212E+07
      3721.7500 3.88713431E+07
      3722.1785 3.88534283E+07
      3722.1803 3.88533609E+07
      3722.6071 3.88364015E+07
      3722.8215 3.88265772E+07
      3722.9269 3.88207167E+07
      3723.0358 3.88145826E+07
      3723.2502 3.88108183E+07
      3723.4647 3.88049639E+07
      3723.8936 3.87906412E+07
      3724.2362 3.87809525E+07
      3724.3226 3.87783122E+07
      3725.1809 3.87562238E+07
      3725.6006 3.87455849E+07
      3726.0396 3.87324887E+07
      3726.3692 3.87218636E+07
      3726.8131 3.87074724E+07
      3727.0598 3.86995195E+07
      3727.6646 3.86799957E+07
      3727.7582 3.86769764E+07
      3729.0272 3.86326489E+07
      3729.4784 3.86142458E+07
      3730.7428 3.85599830E+07
      3730.9223 3.85511909E+07
      3731.0617 3.85439789E+07
      3732.4600 3.84658097E+07
      3732.9236 3.84380854E+07
      3733.2729 3.84166776E+07
      3733.3192 3.84138363E+07
      3733.8997 3.83792398E+07
      3734.1788 3.83627055E+07
      3734.6088 3.83401698E+07
      3735.0388 3.83231218E+07
      3735.2539 3.83126674E+07
      3735.4690 3.82987880E+07
      3735.6841 3.82990985E+07
      3735.8992 3.82959796E+07
      3736.3296 3.82858811E+07
      3736.3752 3.82853847E+07
      3736.7600 3.82808300E+07
      3737.6212 3.82766353E+07
      3737.9123 3.82757639E+07
      3738.4828 3.82695441E+07
      3740.2023 3.82443247E+07
      3740.2071 3.82442560E+07
      3741.3470 3.82212687E+07
      3741.9331 3.82027672E+07
      3743.2974 3.81522054E+07
      3744.2528 3.81171807E+07
      3744.5728 3.81049772E+07
      3744.7881 3.80954729E+07
      3745.3898 3.80602552E+07
      3746.5110 3.79904689E+07
      3748.2354 3.78640873E+07
      3748.8529 3.78153853E+07
      3749.0983 3.77954370E+07
      3749.4780 3.77656210E+07
      3749.9615 3.77278920E+07
      3750.2454 3.77100166E+07
      3750.3933 3.77007006E+07
      3750.8251 3.76845321E+07
      3751.0411 3.76801008E+07
      3751.2571 3.76762145E+07
      3751.4355 3.76730324E+07
      3751.4731 3.76719004E+07
      3751.6892 3.76659263E+07
      3752.1213 3.76612792E+07
      3752.5536 3.76677070E+07
      3753.4184 3.76937206E+07
      3753.9392 3.77109760E+07
      3754.1385 3.77174093E+07
      3754.2836 3.77221136E+07
      3755.7982 3.77620167E+07
      3756.0153 3.77675666E+07
      3757.7485 3.77918374E+07
      3757.9021 3.77918756E+07
      3758.3235 3.77889909E+07
      3761.2198 3.77118069E+07
      3761.7770 3.76911965E+07
      3762.7694 3.76269705E+07
      3764.2190 3.75338861E+07
      3764.6975 3.75035694E+07
      3765.2368 3.74654431E+07
      3766.9691 3.72914931E+07
      3768.1789 3.71444130E+07
      3768.7030 3.70815018E+07
      3769.5706 3.69723362E+07
      3770.4385 3.68752486E+07
      3770.8726 3.68356188E+07
      3771.3069 3.67542980E+07
      3771.5240 3.52052512E+07
      3771.6513 3.35881652E+07
      3771.6723 3.33479831E+07
      3771.7412 3.26074555E+07
      3771.9584 3.51995762E+07
      3772.1756 3.67449487E+07
      3772.6101 3.68190915E+07
      3773.0447 3.68515493E+07
      3773.9143 3.69343718E+07
      3774.7842 3.70294446E+07
      3776.5253 3.72118072E+07
      3776.7897 3.72337822E+07
      3778.2681 3.73581019E+07
      3778.2972 3.73596716E+07
      3778.5637 3.73740650E+07
      3778.6729 3.73745554E+07
      3781.2090 3.73825140E+07
      3781.4466 3.73824269E+07
      3781.7583 3.73821918E+07
      3785.1703 3.72869491E+07
      3785.2550 3.72846574E+07
      3785.5015 3.72728979E+07
      3788.9799 3.68421631E+07
      3790.9149 3.64642214E+07
      3792.2678 3.62078129E+07
      3792.4648 3.61688631E+07
      3792.7525 3.60955308E+07
      3794.2096 3.57304659E+07
      3794.9931 3.55151874E+07
      3795.9560 3.52424216E+07
      3796.5772 3.50624009E+07
      3796.8298 3.49899883E+07
      3797.7041 3.47490615E+07
      3798.1413 3.46443290E+07
      3798.5787 3.45652918E+07
      3798.7974 3.45426440E+07
      3799.0162 3.45348173E+07
      3799.2349 3.45435555E+07
      3799.3067 3.45512883E+07
      3799.4537 3.45664657E+07
      3799.8914 3.46455132E+07
      3800.3292 3.47505053E+07
      3801.2050 3.49928917E+07
      3801.7951 3.51641062E+07
      3802.0812 3.52464857E+07
      3803.8349 3.57455947E+07
      3805.5902 3.62159933E+07
      3806.7718 3.64749003E+07
      3806.9373 3.65118166E+07
      3808.8780 3.69559498E+07
      3808.9238 3.69642886E+07
      3809.1057 3.69970191E+07
      3812.6277 3.73568150E+07
      3813.4631 3.73751993E+07
      3815.8586 3.74224567E+07
      3819.4845 3.70519361E+07
      3819.6913 3.70312444E+07
      3822.8648 3.65669509E+07
      3825.4068 3.57938493E+07
      3826.3776 3.55149059E+07
      3826.7810 3.53385553E+07
      3827.7254 3.49227385E+07
      3829.8969 3.40322084E+07
      3831.6589 3.31753947E+07
      3833.4226 3.22733164E+07
      3834.3051 3.18186258E+07
      3835.1879 3.13754326E+07
      3835.6277 3.11711924E+07
      3835.6295 3.11703948E+07
      3835.6788 3.11508242E+07
      3836.0712 3.09962819E+07
      3836.2920 3.09333592E+07
      3836.5129 3.09052391E+07
      3836.7339 3.09347253E+07
      3836.8032 3.09548937E+07
      3836.9548 3.09983252E+07
      3837.3968 3.11734396E+07
      3837.8389 3.13801248E+07
      3838.7234 3.18287222E+07
      3839.6083 3.22923215E+07
      3841.0398 3.30378193E+07
      3841.3793 3.32231469E+07
      3843.1519 3.41196320E+07
      3845.3842 3.50993441E+07
      3846.7021 3.57376440E+07
      3848.4881 3.63659854E+07
      3849.4632 3.67312218E+07
      3850.2588 3.70416732E+07
      3850.8966 3.71744974E+07
      3855.4053 3.79071882E+07
      3856.5725 3.81055574E+07
      3857.3921 3.82473668E+07
      3864.5519 3.84494197E+07
      3864.7539 3.84413217E+07
      3865.0938 3.84276565E+07
      3872.2318 3.67990601E+07
      3876.2153 3.47886391E+07
      3878.9514 3.36744416E+07
      3879.3962 3.35057338E+07
      3881.8672 3.18664549E+07
      3882.9883 3.12424535E+07
      3884.3998 3.01064056E+07
      3884.4610 3.00614476E+07
      3885.8577 2.91158948E+07
      3886.5871 2.86779900E+07
      3888.3890 2.73012766E+07
      3890.1925 2.62845036E+07
      3891.9978 2.72623854E+07
      3893.4586 2.83228306E+07
      3893.8047 2.86039720E+07
      3894.8302 2.92102003E+07
      3897.4236 3.11251908E+07
      3899.2770 3.21825993E+07
      3901.0492 3.34108069E+07
      3907.5447 3.66206782E+07
      3907.8370 3.68069679E+07
      3908.3207 3.71258050E+07
      3909.9696 3.75715744E+07
      3913.9579 3.88034576E+07
      3915.6194 3.93918215E+07
      3922.8011 4.01491239E+07
      3923.4002 4.02156120E+07
      3924.3537 4.02465554E+07
      3930.2988 4.04358466E+07
      3939.3848 3.97863726E+07
      3945.0886 3.81505548E+07
      3945.2408 3.81096218E+07
      3945.7830 3.79659521E+07
      3947.4260 3.75496726E+07
      3952.5892 3.47137177E+07
      3955.5002 3.35873263E+07
      3955.8346 3.33204157E+07
      3959.5497 3.10402681E+07
      3963.6074 2.81816944E+07
      3965.6395 2.66418661E+07
      3967.6735 2.50066449E+07
      3968.6914 2.41317281E+07
      3969.0451 2.37739070E+07
      3969.7097 2.31844193E+07
      3970.2191 2.26576590E+07
      3970.7286 2.20806588E+07
      3970.9834 2.17888639E+07
      3971.2382 2.16076856E+07
      3971.4931 2.17831073E+07
      3971.7480 2.20690209E+07
      3972.2579 2.26338354E+07
      3972.4085 2.27785645E+07
      3972.7679 2.31479626E+07
      3973.7884 2.40687884E+07
      3974.3165 2.44793324E+07
      3974.8093 2.49158709E+07
      3975.0049 2.50367077E+07
      3976.8528 2.64930221E+07
      3978.8985 2.79733113E+07
      3982.9960 3.07197507E+07
      3985.8205 3.22590131E+07
      3987.1020 3.31862940E+07
      3995.3394 3.71743820E+07
      3999.2585 3.82447481E+07
      4003.6110 3.97816420E+07
      4004.3818 3.98626546E+07
      4005.3783 3.99623807E+07
      4007.5854 4.01894781E+07
      4013.5435 4.08722039E+07
      4020.2573 4.17890931E+07
      4023.9476 4.18425434E+07
      4036.5659 4.20286144E+07
      4036.8739 4.20332671E+07
      4037.0425 4.20263092E+07
      4053.3186 4.08456367E+07
      4067.5392 3.78732166E+07
      4069.8977 3.74939882E+07
      4071.0371 3.69554132E+07
      4072.8254 3.62024681E+07
      4076.4073 3.49664360E+07
      4078.2382 3.44386893E+07
      4083.7617 3.13379746E+07
      4086.6130 3.03550641E+07
      4090.8133 2.79082294E+07
      4095.0223 2.51704050E+07
      4097.1300 2.36796941E+07
      4097.3995 2.33854086E+07
      4098.9608 2.22102899E+07
      4099.2399 2.20628745E+07
      4100.2957 2.11623090E+07
      4101.3520 2.01101171E+07
      4101.8036 1.95369936E+07
      4101.8803 1.94538124E+07
      4102.4088 1.86500074E+07
      4102.6731 1.82973937E+07
      4102.9375 1.82357291E+07
      4103.2018 1.82925116E+07
      4103.4662 1.86401507E+07
      4103.9951 1.94332091E+07
      4104.5242 2.00779001E+07
      4105.5826 2.11055201E+07
      4105.6091 2.11224171E+07
      4106.6417 2.19796667E+07
      4108.7614 2.35387342E+07
      4110.8833 2.49657842E+07
      4114.7174 2.71582283E+07
      4115.1337 2.75589959E+07
      4119.3928 2.98412173E+07
      4127.9377 3.35658294E+07
      4131.6600 3.45160110E+07
      4136.5180 3.62646785E+07
      4137.1861 3.63406077E+07
      4153.7862 3.90789386E+07
      4167.1038 3.96491456E+07
      4171.1992 3.98604972E+07
      4176.5450 3.98224419E+07
      4176.8238 3.98203236E+07
      4199.4154 3.95996933E+07
      4206.4668 3.95320698E+07
      4206.9781 3.95194847E+07
      4208.2337 3.94880063E+07
      4208.9377 3.94703386E+07
      4216.8752 3.92706722E+07
      4220.2395 3.91452822E+07
      4234.3330 3.86251301E+07
      4242.3359 3.83336360E+07
      4249.9752 3.80366671E+07
      4252.2296 3.79495193E+07
      4257.7022 3.77394181E+07
      4266.1638 3.70796967E+07
      4275.4493 3.64135828E+07
      4278.4136 3.62119604E+07
      4299.3274 3.32336772E+07
      4306.3668 3.14439640E+07
      4309.8612 3.07779469E+07
      4314.8493 2.87656804E+07
      4315.9411 2.84475677E+07
      4320.4468 2.73883041E+07
      4325.7591 2.52408357E+07
      4331.0844 2.27415325E+07
      4333.7520 2.13447510E+07
      4336.4229 1.98170787E+07
      4337.7596 1.89738008E+07
      4339.0971 1.80172498E+07
      4339.7662 1.74450950E+07
      4340.4355 1.67177178E+07
      4340.7702 1.62356427E+07
      4341.1049 1.56068293E+07
      4341.2723 1.52216673E+07
      4341.4398 1.48094920E+07
      4341.5235 1.46095754E+07
      4341.6072 1.44351527E+07
      4341.6490 1.43677386E+07
      4341.6909 1.43231678E+07
      4341.7118 1.43113604E+07
      4341.7328 1.43065029E+07
      4341.7537 1.43110687E+07
      4341.7746 1.43225842E+07
      4341.8165 1.43665699E+07
      4341.8583 1.44333943E+07
      4341.9421 1.46066184E+07
      4342.0258 1.48053032E+07
      4342.1933 1.52149056E+07
      4342.3608 1.55973605E+07
      4342.6958 1.62204039E+07
      4343.0308 1.66963311E+07
      4343.7011 1.74108560E+07
      4344.3716 1.79695829E+07
      4345.7132 1.88975427E+07
      4347.0556 1.97101816E+07
      4347.6913 1.99255101E+07
      4348.8712 2.04908981E+07
      4349.7429 2.11706724E+07
      4352.4336 2.24922896E+07
      4357.8249 2.48181490E+07
      4363.2295 2.67656998E+07
      4374.0792 2.96924177E+07
      4384.9829 3.16243238E+07
      4392.1455 3.20881727E+07
      4404.8641 3.32244100E+07
      4406.9543 3.34691481E+07
      4409.7196 3.35077227E+07
      4425.4864 3.37740152E+07
      4429.1470 3.38382065E+07
      4474.2097 3.31299949E+07
      4506.8214 3.23755745E+07
      4520.1989 3.20690237E+07
      4538.9605 3.16177745E+07
      4552.9228 3.12840199E+07
      4571.4697 3.08477017E+07
      4590.8361 3.04009843E+07
      4615.0729 2.98343148E+07
      4655.3441 2.89149224E+07
      4678.0426 2.84092838E+07
      4714.0149 2.75404009E+07
      4722.9002 2.73329200E+07
      4725.9181 2.72323392E+07
      4768.6264 2.59256137E+07
      4774.7119 2.56087119E+07
      4791.8232 2.48117192E+07
      4815.2467 2.29585711E+07
      4827.0446 2.14963777E+07
      4838.9004 1.94486573E+07
      4844.8501 1.81349756E+07
      4850.8146 1.65845398E+07
      4853.8023 1.57019227E+07
      4856.7937 1.47177345E+07
      4858.2908 1.41623982E+07
      4859.7888 1.35134440E+07
      4860.5381 1.31063838E+07
      4861.2877 1.25472953E+07
      4861.6626 1.21263828E+07
      4862.0375 1.14795997E+07
      4862.2250 1.10232355E+07
      4862.4125 1.05133033E+07
      4862.5063 1.02885261E+07
      4862.6000 1.01273645E+07
      4862.6469 1.00776030E+07
      4862.6938 1.00488553E+07
      4862.7172 1.00418620E+07
      4862.7407 1.00394940E+07
      4862.7641 1.00416413E+07
      4862.7876 1.00484136E+07
      4862.8345 1.00767186E+07
      4862.8813 1.01260358E+07
      4862.9751 1.02862908E+07
      4863.0689 1.05101304E+07
      4863.2565 1.10180194E+07
      4863.4440 1.14721309E+07
      4863.8193 1.21139957E+07
      4864.1945 1.25297369E+07
      4864.9452 1.30781337E+07
      4865.6962 1.34741138E+07
      4867.1988 1.40998448E+07
      4868.7023 1.46305442E+07
      4871.7121 1.55612780E+07
      4874.7256 1.63848617E+07
      4880.7638 1.78004277E+07
      4886.8171 1.89574209E+07
      4897.1404 2.02434074E+07
      4898.9687 2.06343312E+07
      4911.1809 2.16679402E+07
      4925.1963 2.21086622E+07
      4935.7888 2.25823261E+07
      4960.6446 2.27389928E+07
      5011.1149 2.22980145E+07
      5022.7081 2.21383977E+07
      5062.6227 2.15921966E+07
      5151.4955 2.03434400E+07
      5156.1863 2.02794658E+07
      5168.8816 2.01076518E+07
      5279.6967 1.86677839E+07
      5283.5851 1.86197196E+07
      5419.0616 1.70297672E+07
      5516.2198 1.59919548E+07
      5558.0119 1.55721342E+07
      5669.2108 1.45156633E+07
      5700.5250 1.42355973E+07
      5774.9287 1.35921180E+07
      5846.6924 1.30088448E+07
      5869.3833 1.28299171E+07
      5996.6075 1.18859187E+07
      6084.2088 1.12849015E+07
      6150.3667 1.08558798E+07
      6197.6287 1.05602898E+07
      6308.0684 9.89919403E+06
      6315.3575 9.85728042E+06
      6375.9153 9.49984142E+06
      6437.6457 9.10440066E+06
      6468.9613 8.84814764E+06
      6469.8138 8.83575991E+06
      6500.5831 8.45432472E+06
      6516.5102 8.13318882E+06
      6532.5155 7.63922594E+06
      6540.5477 7.29029016E+06
      6548.5997 6.84576326E+06
      6552.6331 6.57753187E+06
      6556.6715 6.26578102E+06
      6558.6925 6.08354108E+06
      6560.7149 5.86370567E+06
      6561.7265 5.72110906E+06
      6562.7384 5.51588264E+06
      6563.2445 5.34616122E+06
      6563.7507 5.03319569E+06
      6564.0038 4.78199614E+06
      6564.2569 4.49240910E+06
      6564.3835 4.37071765E+06
      6564.5101 4.28445679E+06
      6564.5733 4.25740121E+06
      6564.6366 4.24077817E+06
      6564.6683 4.23673335E+06
      6564.6999 4.23531393E+06
      6564.7316 4.23662138E+06
      6564.7632 4.24055411E+06
      6564.8265 4.25695227E+06
      6564.8898 4.28378106E+06
      6565.0164 4.36957921E+06
      6565.1430 4.49078916E+06
      6565.3962 4.77930568E+06
      6565.6495 5.02928321E+06
      6566.1560 5.33959561E+06
      6566.6626 5.50660084E+06
      6567.6761 5.70634188E+06
      6568.6898 5.84333063E+06
      6570.7183 6.05155018E+06
      6572.7481 6.22166815E+06
      6576.8113 6.50768269E+06
      6580.8796 6.74822847E+06
      6589.0312 7.13185363E+06
      6597.2030 7.41338978E+06
      6613.6077 7.75867266E+06
      6630.0942 7.92130562E+06
      6635.7064 7.92913436E+06
      6663.3149 7.99113392E+06
      6696.8703 7.92780531E+06
      6765.0051 7.69658874E+06
      6805.8527 7.54149560E+06
      6834.5407 7.43390659E+06
      6977.9902 6.90617609E+06
      6980.3618 6.89779226E+06
      7127.5905 6.39897003E+06
      7159.3454 6.29758592E+06
      7342.9184 5.74762443E+06
      7446.8968 5.46217511E+06
      7531.1983 5.24452281E+06
      7724.3060 4.78478623E+06
      7796.1538 4.62635228E+06
      7922.3651 4.36461990E+06
      8021.9839 4.17044222E+06
      8071.7460 4.07776449E+06
      8125.5027 3.98069980E+06
      8134.2917 3.96666980E+06
      8147.3997 3.94585038E+06
      8197.9398 3.86678795E+06
      8214.5115 3.84127524E+06
      8261.4633 3.77003620E+06
      8276.7993 3.74710658E+06
      8319.9433 3.68348472E+06
      8328.1420 3.67152255E+06
      8333.8489 3.66322193E+06
      8342.9373 3.64961167E+06
      8343.0528 3.64943901E+06
      8392.6745 3.57620341E+06
      8394.8065 3.57309716E+06
      8410.3756 3.55050815E+06
      8444.4461 3.50172064E+06
      8450.0174 3.49382391E+06
      8459.8556 3.47992557E+06
      8462.5469 3.47613108E+06
      8462.7523 3.47584143E+06
      8475.4425 3.45794445E+06
      8478.7937 3.45323295E+06
      8496.0725 3.42905350E+06
      8496.8287 3.42799806E+06
      8513.4219 3.40491077E+06
      8522.1232 3.39285000E+06
      8528.1209 3.38453202E+06
      8530.8423 3.38075541E+06
      8531.3894 3.37999304E+06
      8535.2085 3.37465492E+06
      8539.5792 3.36855127E+06
      8541.7662 3.36551489E+06
      8542.2564 3.36484106E+06
      8543.2861 3.36342328E+06
      8543.9544 3.36249942E+06
      8545.0489 3.36099979E+06
      8546.1437 3.35950274E+06
      8546.6912 3.35875455E+06
      8547.2387 3.35794130E+06
      8547.5125 3.35744492E+06
      8547.5373 3.35740396E+06
      8547.7864 3.35698336E+06
      8548.0602 3.35667843E+06
      8548.3341 3.35641773E+06
      8548.7754 3.35585301E+06
      8548.8818 3.35571575E+06
      8549.4297 3.35494424E+06
      8550.5256 3.35340196E+06
      8551.6218 3.35186236E+06
      8553.8150 3.34881069E+06
      8556.0093 3.34578909E+06
      8560.4014 3.33977739E+06
      8562.6683 3.33667604E+06
      8564.7979 3.33374581E+06
      8566.2324 3.33176479E+06
      8573.6046 3.32151086E+06
      8574.9877 3.31958358E+06
      8582.4294 3.30912790E+06
      8583.7608 3.30725586E+06
      8584.2233 3.30659933E+06
      8588.1542 3.30100046E+06
      8592.5520 3.29474159E+06
      8594.7526 3.29164099E+06
      8595.0591 3.29121704E+06
      8596.9543 3.28859074E+06
      8597.4968 3.28785315E+06
      8598.0556 3.28708393E+06
      8599.1572 3.28557813E+06
      8599.7081 3.28482510E+06
      8600.1336 3.28414665E+06
      8600.2590 3.28394627E+06
      8600.5345 3.28333339E+06
      8600.8101 3.28280584E+06
      8601.0856 3.28258120E+06
      8601.3612 3.28244173E+06
      8601.9123 3.28181748E+06
      8602.4636 3.28106803E+06
      8603.5663 3.27956883E+06
      8604.6693 3.27808013E+06
      8606.8761 3.27515973E+06
      8609.0840 3.27229588E+06
      8612.2246 3.26826311E+06
      8613.5033 3.26660635E+06
      8615.0175 3.26464111E+06
      8617.9110 3.26081824E+06
      8617.9271 3.26079697E+06
      8626.7885 3.24900244E+06
      8632.6098 3.24121091E+06
      8635.6680 3.23702833E+06
      8641.4329 3.22909507E+06
      8647.1128 3.22112536E+06
      8650.2740 3.21662315E+06
      8652.9377 3.21276857E+06
      8653.4820 3.21197183E+06
      8653.6873 3.21166964E+06
      8654.7014 3.21017614E+06
      8659.1333 3.20365327E+06
      8661.3510 3.20046740E+06
      8663.5698 3.19736804E+06
      8663.7426 3.19713527E+06
      8664.6796 3.19586438E+06
      8665.7897 3.19438854E+06
      8666.3448 3.19365526E+06
      8666.9001 3.19285418E+06
      8667.1777 3.19235795E+06
      8667.4554 3.19190914E+06
      8667.7331 3.19162837E+06
      8668.0107 3.19139494E+06
      8668.5662 3.19073668E+06
      8669.1217 3.19001067E+06
      8670.2329 3.18856789E+06
      8671.3445 3.18715462E+06
      8671.3697 3.18712373E+06
      8673.5684 3.18442612E+06
      8675.7934 3.18178250E+06
      8680.2470 3.17664090E+06
      8682.2847 3.17428915E+06
      8684.7051 3.17139397E+06
      8689.7618 3.16523361E+06
      8693.6351 3.16053211E+06
      8699.9782 3.15266053E+06
      8702.5834 3.14927662E+06
      8707.3679 3.14292796E+06
      8717.7440 3.12922730E+06
      8720.5355 3.12535906E+06
      8722.7610 3.12223028E+06
      8726.6541 3.11662042E+06
      8731.5685 3.10925126E+06
      8735.5825 3.10319509E+06
      8738.5618 3.09859347E+06
      8740.0535 3.09627203E+06
      8743.6662 3.09068579E+06
      8744.5291 3.08935354E+06
      8746.7686 3.08599702E+06
      8749.0093 3.08283685E+06
      8750.1301 3.08136501E+06
      8751.2511 3.07996838E+06
      8751.8118 3.07884101E+06
      8752.3725 3.05156262E+06
      8752.6528 3.00534382E+06
      8752.9332 2.97765726E+06
      8753.2137 3.00468472E+06
      8753.4941 3.05021636E+06
      8754.0550 3.07611565E+06
      8754.6160 3.07587951E+06
      8755.7382 3.07455012E+06
      8756.8607 3.07329559E+06
      8758.0969 3.07203197E+06
      8759.1065 3.07092342E+06
      8761.3535 3.06864921E+06
      8762.8207 3.06722864E+06
      8765.8510 3.06430029E+06
      8766.7050 3.06348126E+06
      8770.3531 3.06029594E+06
      8774.8389 3.05621042E+06
      8775.2992 3.05578805E+06
      8779.3711 3.05205133E+06
      8788.4077 3.04323231E+06
      8793.7203 3.03770289E+06
      8799.1917 3.03133707E+06
      8801.4623 3.02868627E+06
      8806.5368 3.02255465E+06
      8811.4185 3.01639377E+06
      8811.6409 3.01611271E+06
      8817.1783 3.00821578E+06
      8824.7409 2.99748861E+06
      8829.6347 2.99039155E+06
      8837.1186 2.97824106E+06
      8838.6592 2.97575194E+06
      8847.7021 2.96006519E+06
      8852.2305 2.95200396E+06
      8856.7636 2.94414854E+06
      8859.0318 2.94055855E+06
      8861.3013 2.93722920E+06
      8861.3758 2.93713415E+06
      8862.4364 2.93575837E+06
      8863.5719 2.93446809E+06
      8864.1397 2.93387516E+06
      8864.7076 2.93329084E+06
      8864.9916 2.93300028E+06
      8865.2756 2.93270974E+06
      8865.5596 2.93241923E+06
      8865.8436 2.93212875E+06
      8866.4117 2.93155097E+06
      8866.9799 2.93098180E+06
      8868.1165 2.92994759E+06
      8869.2534 2.92909481E+06
      8871.5281 2.92781976E+06
      8872.4841 2.92739126E+06
      8873.8039 2.92667550E+06
      8878.3591 2.92486252E+06
      8882.9190 2.92323158E+06
      8885.5002 2.92216393E+06
      8885.5314 2.92215102E+06
      8891.9370 2.91949762E+06
      8892.0528 2.91944993E+06
      8898.3161 2.91609218E+06
      8901.2054 2.91451853E+06
      8908.4266 2.90933364E+06
      8919.5672 2.89930379E+06
      8938.0049 2.87995504E+06
      8938.9433 2.87886569E+06
      8944.6615 2.87203678E+06
      8960.8382 2.84788735E+06
      8962.8897 2.84484781E+06
      8973.1284 2.82584601E+06
      8975.1100 2.82219181E+06
      8981.1923 2.81065096E+06
      8989.5591 2.79179029E+06
      8990.3717 2.78997667E+06
      8991.4923 2.78721545E+06
      8999.5698 2.76758932E+06
      9004.1760 2.75621437E+06
      9008.7869 2.74540090E+06
      9010.4971 2.74173106E+06
      9011.0941 2.74039897E+06
      9012.5244 2.73762822E+06
      9013.4024 2.73590504E+06
      9014.5571 2.73403312E+06
      9015.7120 2.73256048E+06
      9016.2896 2.72882726E+06
      9016.8672 2.57920098E+06
      9017.1561 2.42235102E+06
      9017.4450 2.36202420E+06
      9017.7338 2.42184350E+06
      9018.0228 2.57811171E+06
      9018.6006 2.72649687E+06
      9019.1786 2.72905991E+06
      9020.3347 2.72819805E+06
      9021.4141 2.72776433E+06
      9021.4911 2.72773284E+06
      9023.8048 2.72756939E+06
      9026.1197 2.72807994E+06
      9030.7531 2.72998084E+06
      9035.3912 2.73239469E+06
      9044.6818 2.73673393E+06
      9045.3232 2.73689662E+06
      9049.2094 2.73790331E+06
      9053.9915 2.73918490E+06
      9072.6684 2.73758561E+06
      9083.2056 2.73294634E+06
      9088.2969 2.72952859E+06
      9091.4226 2.72738787E+06
      9115.4130 2.70409816E+06
      9120.0017 2.69965073E+06
      9129.1646 2.68663553E+06
      9147.3512 2.65824433E+06
      9149.7221 2.65458634E+06
      9152.1233 2.65083158E+06
      9157.0972 2.64308162E+06
      9165.3544 2.62436416E+06
      9167.2212 2.62018447E+06
      9175.7583 2.60073240E+06
      9194.4956 2.54403449E+06
      9203.8930 2.50962608E+06
      9204.0941 2.50880101E+06
      9205.3085 2.50384494E+06
      9213.3096 2.47223444E+06
      9218.0252 2.45339197E+06
      9222.0434 2.43829050E+06
      9222.7455 2.43569031E+06
      9225.1075 2.42765638E+06
      9227.4707 2.42079986E+06
      9228.6528 2.41806090E+06
      9229.8352 2.41614307E+06
      9230.4265 2.41547912E+06
      9231.0178 2.41495564E+06
      9231.3135 2.41471107E+06
      9231.6093 2.41446651E+06
      9231.9050 2.41422194E+06
      9232.2008 2.41397737E+06
      9232.7924 2.41352255E+06
      9233.3841 2.41320798E+06
      9234.5676 2.41316691E+06
      9235.7515 2.41394265E+06
      9238.1202 2.41685683E+06
      9240.4901 2.42092449E+06
      9244.2944 2.42866365E+06
      9245.2335 2.43059160E+06
      9249.9818 2.44121527E+06
      9259.4930 2.46190907E+06
      9269.0238 2.47937394E+06
      9275.4141 2.48644939E+06
      9281.7325 2.49385655E+06
      9288.1443 2.50135638E+06
      9307.3439 2.50856993E+06
      9322.6745 2.50448869E+06
      9323.4570 2.50427670E+06
      9345.9823 2.49835678E+06
      9349.1766 2.49623185E+06
      9366.8877 2.47984259E+06
      9384.9428 2.46319771E+06
      9417.6080 2.42697980E+06
      9435.2071 2.39780901E+06
      9452.2007 2.37063252E+06
      9458.5060 2.35400556E+06
      9463.8464 2.34038098E+06
      9483.4909 2.29246491E+06
      9487.0485 2.28431350E+06
      9487.1100 2.28407713E+06
      9504.5689 2.22252299E+06
      9522.1542 2.14328421E+06
      9530.9712 2.09784102E+06
      9539.8046 2.05316596E+06
      9544.0880 2.03407083E+06
      9544.2275 2.03346256E+06
      9548.6544 1.77850423E+06
      9553.0855 2.02713615E+06
      9557.5207 2.04041494E+06
      9566.4034 2.07179147E+06
      9575.3026 2.10335242E+06
      9583.4192 2.12422374E+06
      9593.1508 2.15347316E+06
      9611.0657 2.18503320E+06
      9647.0970 2.21054926E+06
      9649.9529 2.21025787E+06
      9666.8603 2.20883789E+06
      9683.3994 2.20800367E+06
      9701.0318 2.19855938E+06
      9708.7239 2.19446693E+06
      9736.3620 2.17981740E+06
      9756.8301 2.16772129E+06
      9814.6787 2.12180114E+06
      9831.3831 2.10488278E+06
      9879.1393 2.05564773E+06
      9894.2655 2.04060583E+06
      9934.5450 1.98251964E+06
      9949.7762 1.94674820E+06
      9957.3585 1.93063818E+06
      9975.1537 1.89642255E+06
      9983.9599 1.86730679E+06
      9995.5828 1.83441414E+06
     10016.0958 1.75260050E+06
     10026.3838 1.70150120E+06
     10036.6931 1.64188744E+06
     10041.8557 1.60895076E+06
     10047.0236 1.57479115E+06
     10049.6095 1.55920192E+06
     10052.1968 1.55269228E+06
     10054.7854 1.55651074E+06
     10057.3753 1.56934854E+06
     10062.5592 1.59780110E+06
     10067.7484 1.62478016E+06
     10078.1429 1.67181735E+06
     10088.5589 1.70960032E+06
     10109.4557 1.76321206E+06
     10130.4392 1.79547726E+06
     10141.3473 1.80010144E+06
     10172.6686 1.82035998E+06
     10204.8987 1.81742025E+06
     10215.2515 1.81701556E+06
     10265.8571 1.79405765E+06
     10301.4960 1.77832762E+06
     10389.2091 1.72744953E+06
     10427.3876 1.70430781E+06
     10466.5627 1.68027129E+06
     10471.4929 1.67726628E+06
     10569.1940 1.61910597E+06
     10594.0826 1.60446875E+06
     10679.4448 1.55183996E+06
     10734.9361 1.51178986E+06
     10755.5250 1.49768637E+06
     10766.1939 1.49050687E+06
     10810.0991 1.44889662E+06
     10823.8572 1.42652875E+06
     10854.3638 1.38683830E+06
     10876.6324 1.34176068E+06
     10898.9925 1.28242379E+06
     10910.2071 1.24548775E+06
     10921.4448 1.20174582E+06
     10927.0723 1.17592617E+06
     10932.7056 1.14547823E+06
     10935.5245 1.12749617E+06
     10938.3448 1.10742167E+06
     10939.7555 1.09799466E+06
     10941.1665 1.03966878E+06
     10942.5780 1.09703639E+06
     10943.9898 1.10548640E+06
     10946.8144 1.12354597E+06
     10949.6405 1.13944811E+06
     10955.2972 1.16558595E+06
     10960.9597 1.18692695E+06
     10972.3022 1.22127667E+06
     10983.6682 1.24831366E+06
     11006.4711 1.28665909E+06
     11010.1909 1.28943929E+06
     11029.3688 1.30961947E+06
     11075.4513 1.32596372E+06
     11121.9205 1.32160036E+06
     11148.6172 1.31301203E+06
     11216.0386 1.29215823E+06
     11292.5035 1.26245564E+06
     11311.7632 1.25507859E+06
     11328.3519 1.24834321E+06
     11508.1994 1.17792264E+06
     11571.5327 1.15389490E+06
     11582.0549 1.14996068E+06
     11668.1160 1.11830247E+06
     11711.5786 1.10270955E+06
     11879.0306 1.04494631E+06
     12028.8909 9.96362332E+05
     12140.6926 9.61733468E+05
     12183.6212 9.48849248E+05
     12217.7760 9.38724781E+05
     12412.6877 8.82321727E+05
     12496.0217 8.58110651E+05
     12512.4944 8.53443805E+05
     12602.4483 8.24280601E+05
     12613.9191 8.20762083E+05
     12665.2506 7.99672688E+05
     12717.0016 7.69582658E+05
     12743.0360 7.47794717E+05
     12769.1772 7.18364803E+05
     12782.2881 7.00007186E+05
     12795.4259 6.77700645E+05
     12802.0049 6.64384689E+05
     12808.5907 6.48355773E+05
     12811.8862 6.37977934E+05
     12815.1833 6.24491151E+05
     12816.4325 6.17417878E+05
     12816.8325 6.15493591E+05
     12818.4822 6.04022851E+05
     12819.3071 5.97092036E+05
     12820.1322 5.89622703E+05
     12820.5448 5.86211494E+05
     12820.9574 5.83895752E+05
     12821.1637 5.83458202E+05
     12821.3701 5.83322940E+05
     12821.4732 5.83298038E+05
     12821.5764 5.83281843E+05
     12821.6280 5.83273745E+05
     12821.6795 5.83265647E+05
     12821.7311 5.83257550E+05
     12821.7827 5.83249452E+05
     12821.8859 5.83233258E+05
     12821.9891 5.83225768E+05
     12822.1954 5.83296214E+05
     12822.4018 5.83668779E+05
     12822.8145 5.85853185E+05
     12823.2272 5.89130811E+05
     12824.0528 5.96326860E+05
     12824.8785 6.02977980E+05
     12826.5302 6.13875739E+05
     12828.1823 6.22287484E+05
     12831.4879 6.34576954E+05
     12834.7951 6.43730361E+05
     12841.4147 6.57248760E+05
     12848.0412 6.67975642E+05
     12861.3146 6.84897739E+05
     12874.6154 6.97639961E+05
     12901.2998 7.15269819E+05
     12928.0951 7.24778175E+05
     12982.0209 7.29730377E+05
     13036.3985 7.25576743E+05
     13145.0590 7.08406825E+05
     13146.5318 7.08181614E+05
     13258.5419 6.87392968E+05
     13482.1118 6.45999519E+05
     13488.3872 6.44879229E+05
     13726.3422 6.03565138E+05
     13827.8070 5.86910756E+05
     14182.3661 5.32981329E+05
     14228.3606 5.26437906E+05
     14546.0165 4.83923163E+05
     14768.4941 4.63343543E+05
     14918.9913 4.50404295E+05
     15301.5296 4.08589163E+05
     15693.8765 3.70627140E+05
     15701.2896 3.69952686E+05
     15701.9118 3.69896138E+05
     15702.5341 3.69837970E+05
     15703.1565 3.69691255E+05
     15703.7788 3.68120652E+05
     15704.4013 3.61209490E+05
     15705.0237 3.55389084E+05
     15705.6463 3.61100365E+05
     15706.2689 3.67896126E+05
     15706.8915 3.69352357E+05
     15707.5142 3.69385941E+05
     15708.1369 3.69331095E+05
     15708.7597 3.69274635E+05
     15881.1760 3.54054803E+05
     15881.8054 3.54000701E+05
     15882.4348 3.53942556E+05
     15883.0642 3.53663833E+05
     15883.6937 3.49932700E+05
     15884.3233 3.35135839E+05
     15884.9529 3.24647130E+05
     15885.5826 3.35036262E+05
     15886.2123 3.49720191E+05
     15886.8420 3.53339883E+05
     15887.4719 3.53510197E+05
     15888.1017 3.53460243E+05
     15888.7316 3.53406254E+05
     16096.2836 3.36166259E+05
     16109.9564 3.35066338E+05
     16110.5949 3.35015033E+05
     16111.2333 3.34953498E+05
     16111.8719 3.34336679E+05
     16112.5105 3.25661852E+05
     16113.1491 2.99936825E+05
     16113.7878 2.87745757E+05
     16114.4265 2.99849963E+05
     16115.0653 3.25465788E+05
     16115.7041 3.34030237E+05
     16116.3430 3.34543805E+05
     16116.9819 3.34502893E+05
     16117.6209 3.34451769E+05
     16407.8476 3.12198844E+05
     16408.4979 3.12150988E+05
     16409.1482 3.12077507E+05
     16409.7985 3.10631936E+05
     16410.4489 2.92946843E+05
     16411.0993 2.64735504E+05
     16411.7498 2.57381744E+05
     16412.4004 2.64659924E+05
     16413.0510 2.92774116E+05
     16413.7016 3.10347995E+05
     16414.3523 3.11696127E+05
     16415.0030 3.11674198E+05
     16415.6538 3.11626695E+05
     16509.0088 3.04886352E+05
     16571.7605 3.00451263E+05
     16807.1921 2.84502798E+05
     16807.8581 2.84458881E+05
     16808.5243 2.84354077E+05
     16809.1904 2.81112910E+05
     16809.8566 2.54948585E+05
     16810.5229 2.36121324E+05
     16811.1892 2.31384292E+05
     16811.8556 2.36053789E+05
     16812.5220 2.54801225E+05
     16813.1885 2.80856747E+05
     16813.8551 2.84005867E+05
     16814.5216 2.84023456E+05
     16815.1883 2.83980290E+05
     16932.3167 2.76464639E+05
     17068.7868 2.68009359E+05
     17362.8017 2.50867745E+05
     17363.4898 2.50828560E+05
     17364.1780 2.50661575E+05
     17364.8661 2.44543661E+05
     17365.5544 2.19025674E+05
     17366.2427 2.06494912E+05
     17366.4787 2.04900760E+05
     17366.9310 2.02617549E+05
     17367.6194 2.06435692E+05
     17368.3079 2.18899412E+05
     17368.9964 2.44322863E+05
     17369.6850 2.50354127E+05
     17370.3736 2.50443900E+05
     17371.0623 2.50406160E+05
     17596.5489 2.38204862E+05
     17811.7730 2.27213365E+05
     17872.8608 2.24207623E+05
     18157.9888 2.10676843E+05
     18174.8466 2.09882028E+05
     18175.5669 2.09846945E+05
     18176.2872 2.09599556E+05
     18177.0076 2.01240591E+05
     18177.7280 1.81719322E+05
     18178.4485 1.72085637E+05
     18179.1690 1.68900773E+05
     18179.8896 1.72036109E+05
     18180.6103 1.81614202E+05
     18181.3310 2.01057392E+05
     18182.0518 2.09329679E+05
     18182.7726 2.09508650E+05
     18183.4935 2.09476067E+05
     18268.4851 2.05546650E+05
     18303.9918 2.03934552E+05
     18452.3617 1.96751765E+05
     18527.4523 1.92497458E+05
     18603.1566 1.86807971E+05
     18641.2412 1.82779889E+05
     18679.4821 1.77275693E+05
     18698.6614 1.73687120E+05
     18717.8802 1.69219961E+05
     18727.5044 1.66428067E+05
     18736.9078 1.62902243E+05
     18737.1385 1.62846006E+05
     18741.9592 1.60378429E+05
     18746.7825 1.56798652E+05
     18749.1950 1.54102254E+05
     18751.6082 1.50284761E+05
     18752.8150 1.47747558E+05
     18754.0220 1.44387279E+05
     18754.6256 1.42032719E+05
     18755.2291 1.39185797E+05
     18755.5309 1.37894862E+05
     18755.8328 1.36917372E+05
     18755.9837 1.36712947E+05
     18756.1346 1.36609933E+05
     18756.2100 1.36589382E+05
     18756.2855 1.36581177E+05
     18756.3610 1.36585409E+05
     18756.4364 1.36601985E+05
     18756.5873 1.36697039E+05
     18756.7383 1.36893473E+05
     18757.0401 1.37854729E+05
     18757.3420 1.39129058E+05
     18757.9458 1.41941629E+05
     18758.5496 1.44260872E+05
     18759.7573 1.47548890E+05
     18760.9651 1.50012053E+05
     18763.3813 1.53677509E+05
     18765.7982 1.56218709E+05
     18770.6337 1.59482956E+05
     18775.4717 1.61629998E+05
     18785.1553 1.64558700E+05
     18794.8488 1.66682590E+05
     18814.2659 1.69775623E+05
     18833.7231 1.71946991E+05
     18872.7586 1.74523305E+05
     18911.9563 1.75550522E+05
     18990.8420 1.75172860E+05
     19070.3887 1.73368988E+05
     19217.3413 1.68932565E+05
     19231.4980 1.68514455E+05
     19395.3527 1.63275956E+05
     19446.3380 1.61643474E+05
     19447.1086 1.61617286E+05
     19447.8793 1.61303780E+05
     19448.6501 1.52692762E+05
     19449.4209 1.39133704E+05
     19450.1918 1.31894772E+05
     19450.9627 1.29504716E+05
     19451.7338 1.31856610E+05
     19452.5048 1.39052837E+05
     19453.2760 1.52557698E+05
     19454.0472 1.61108335E+05
     19454.8184 1.61372245E+05
     19455.5897 1.61349421E+05
     19710.0937 1.53514707E+05
     19731.5836 1.52874010E+05
     20079.6778 1.42877180E+05
     20215.4807 1.39194101E+05
     20733.8264 1.26174228E+05
     20814.0590 1.24295944E+05
     21265.4629 1.14359979E+05
     21604.1970 1.07547007E+05
     21656.1491 1.06547650E+05
     21657.0073 1.06529419E+05
     21657.8656 1.06202414E+05
     21658.7239 9.94947745E+04
     21659.5824 9.13539614E+04
     21660.4409 8.66724808E+04
     21661.2994 8.52031705E+04
     21662.1581 8.66471929E+04
     21663.0167 9.13004588E+04
     21663.8755 9.94064250E+04
     21664.7343 1.06071968E+05
     21665.5932 1.06365429E+05
     21666.4522 1.06350856E+05
     21810.7312 1.03642730E+05
     22369.9807 9.39219931E+04
     22568.4128 9.07489126E+04
     23024.3404 8.47237799E+04
     23614.7081 7.67501006E+04
     24220.2134 6.95230236E+04
     24841.2445 6.29730557E+04
     25478.1995 5.70371279E+04
     25637.2619 5.56648612E+04
     25638.2779 5.56562288E+04
     25639.2940 5.56473269E+04
     25640.3102 5.56236705E+04
     25641.3264 5.53648595E+04
     25642.3427 5.42690615E+04
     25643.3591 5.33978768E+04
     25644.3756 5.42524348E+04
     25645.3921 5.53306082E+04
     25646.4087 5.55719408E+04
     25647.4255 5.55783254E+04
     25648.4423 5.55699763E+04
     25649.4591 5.55613581E+04
     26120.3553 5.17441802E+04
     26121.3904 5.17361555E+04
     26122.4256 5.17275036E+04
     26123.4609 5.16846789E+04
     26124.4963 5.11189944E+04
     26125.5317 4.90727150E+04
     26126.5673 4.77886938E+04
     26127.6029 4.90578792E+04
     26128.6386 5.10874949E+04
     26129.6744 5.16366335E+04
     26130.7103 5.16633760E+04
     26131.4867 5.16578438E+04
     26131.7462 5.16559928E+04
     26132.7823 5.16479787E+04
     26252.5562 5.07315528E+04
     26253.5966 5.07219793E+04
     26254.6371 5.04342458E+04
     26255.6776 4.67308721E+04
     26256.7182 4.31016614E+04
     26257.7589 4.10547589E+04
     26258.7997 4.04733033E+04
     26259.8406 4.10426134E+04
     26260.8815 4.30761095E+04
     26261.9226 4.66890343E+04
     26262.9637 5.03720014E+04
     26264.0049 5.06433335E+04
     26265.0462 5.06371717E+04
     26745.0449 4.71716501E+04
     26746.1048 4.71643254E+04
     26747.1647 4.71555605E+04
     26748.2248 4.70688918E+04
     26749.2849 4.59134925E+04
     26750.3452 4.30590342E+04
     26751.4055 4.19261326E+04
     26752.4659 4.30461877E+04
     26753.5263 4.58854266E+04
     26754.5869 4.70251421E+04
     26755.6476 4.70970697E+04
     26756.7083 4.70912084E+04
     26757.7691 4.70839095E+04
     26801.5248 4.67837521E+04
     27488.7434 4.23672454E+04
     27576.2145 4.18429964E+04
     27577.3074 4.18364804E+04
     27578.4003 4.18268012E+04
     27579.4933 4.16493073E+04
     27580.5864 3.97182255E+04
     27581.6795 3.72164199E+04
     27582.7728 3.65045265E+04
     27583.8662 3.72053337E+04
     27584.9596 3.96942425E+04
     27586.0531 4.16106151E+04
     27587.1467 4.17748575E+04
     27588.2404 4.17715425E+04
     27589.3342 4.17650707E+04
     28193.5829 3.83657316E+04
     28723.2287 3.56658373E+04
     28724.3669 3.56602609E+04
     28725.5053 3.56484133E+04
     28726.6438 3.53204343E+04
     28727.7823 3.30727480E+04
     28728.9210 3.13730451E+04
     28730.0597 3.08402651E+04
     28731.1985 3.13636795E+04
     28732.3375 3.30529091E+04
     28733.4765 3.52877385E+04
     28734.6156 3.56041312E+04
     28735.7548 3.56048911E+04
     28736.8940 3.55993934E+04
     28916.4953 3.47404255E+04
     29657.9439 3.14561439E+04
     30384.9030 2.86043946E+04
     30386.1072 2.85998873E+04
     30387.3114 2.85850084E+04
     30388.5157 2.81045788E+04
     30389.7202 2.62148959E+04
     30390.9247 2.49809362E+04
     30392.1293 2.45701051E+04
     30393.3340 2.49734598E+04
     30394.5388 2.61991501E+04
     30395.7437 2.80786979E+04
     30396.9487 2.85494730E+04
     30398.1538 2.85554382E+04
     30399.3590 2.85510554E+04
     30418.4040 2.84809741E+04
     31198.3631 2.57859709E+04
     31998.3211 2.33448848E+04
     32498.5145 2.19644521E+04
     32962.1939 2.08331010E+04
     32963.5002 2.08299331E+04
     32964.8066 2.08124052E+04
     32966.1131 2.02704314E+04
     32967.4196 1.89068811E+04
     32968.7263 1.80287756E+04
     32970.0331 1.77430555E+04
     32971.3400 1.80233618E+04
     32972.6470 1.88955095E+04
     32973.9541 2.02522635E+04
     32975.2613 2.07877491E+04
     32976.5686 2.07991002E+04
     32977.8760 2.07961014E+04
     33155.0501 2.03836161E+04
     34005.1796 1.84501550E+04
     34877.1073 1.66993704E+04
     35771.3921 1.51140794E+04
     36688.6073 1.36787068E+04
     37396.8038 1.26854371E+04
     37398.2858 1.26833718E+04
     37399.7679 1.26670037E+04
     37401.2501 1.22444529E+04
     37402.7325 1.14278330E+04
     37404.2150 1.09073779E+04
     37405.6976 1.07488878E+04
     37407.1803 1.09040833E+04
     37408.6631 1.14209162E+04
     37410.1461 1.22332235E+04
     37411.6292 1.26511927E+04
     37413.1124 1.26635646E+04
     37414.5957 1.26616681E+04
     37629.3408 1.23791361E+04
     38594.1957 1.12025735E+04
     39066.3039 1.06777701E+04
     39067.8521 1.06761001E+04
     39069.4004 1.06743687E+04
     39070.9488 1.06692814E+04
     39072.4974 1.06114003E+04
     39074.0460 1.03789109E+04
     39075.5948 1.02076040E+04
     39077.1437 1.03757062E+04
     39078.6927 1.06047820E+04
     39080.2419 1.06592746E+04
     39081.7912 1.06610199E+04
     39083.3406 1.06594140E+04
     39084.8901 1.06577468E+04
     39583.7905 1.01374247E+04
     40199.2267 9.53841525E+03
     40200.8198 9.53692237E+03
     40202.4130 9.53529820E+03
     40204.0063 9.52653422E+03
     40205.5998 9.41193347E+03
     40207.1934 9.04255869E+03
     40208.7871 8.84058572E+03
     40210.3809 9.03979409E+03
     40211.9748 9.40608378E+03
     40213.5689 9.51759801E+03
     40215.1631 9.52336911E+03
     40216.7575 9.52201067E+03
     40218.3519 9.52052121E+03
     40513.2041 9.24989842E+03
     40514.8096 9.24785782E+03
     40516.4152 9.15819039E+03
     40518.0210 8.48300156E+03
     40519.6269 7.87009551E+03
     40521.2329 7.60209918E+03
     40522.8391 7.53184547E+03
     40524.4453 7.59979519E+03
     40526.0517 7.86532618E+03
     40527.6583 8.47526888E+03
     40529.2649 9.14682537E+03
     40530.8717 9.23339880E+03
     40532.4786 9.23254542E+03
     40598.7594 9.17318282E+03
     41639.7533 8.30032738E+03
     41698.1391 8.25450432E+03
     41699.7916 8.25321050E+03
     41701.4442 8.25164814E+03
     41703.0969 8.23563192E+03
     41704.7498 8.03510132E+03
     41706.4028 7.62228942E+03
     41708.0559 7.47272738E+03
     41709.7092 7.61997162E+03
     41711.3626 8.03014067E+03
     41713.0161 8.22790588E+03
     41714.6697 8.24131700E+03
     41716.3235 8.24029589E+03
     41717.9774 8.23900679E+03
     42707.4393 7.51023197E+03
     43754.2604 6.82474110E+03
     43755.9943 6.82366933E+03
     43757.7284 6.82209550E+03
     43759.4627 6.79419002E+03
     43761.1970 6.52495256E+03
     43762.9315 6.20768926E+03
     43764.6662 6.10603976E+03
     43766.4010 6.20579959E+03
     43768.1359 6.52095332E+03
     43769.8709 6.78782363E+03
     43771.6061 6.81355090E+03
     43773.3415 6.81298724E+03
     43775.0769 6.81192259E+03
     43802.5018 6.79508075E+03
     44234.0892 6.53672039E+03
     45127.7071 6.05124162E+03
     46284.8278 5.47433485E+03
     46526.8828 5.36245726E+03
     46528.7266 5.36155704E+03
     46530.5706 5.35068001E+03
     46532.4147 5.13354531E+03
     46534.2590 4.78622854E+03
     46536.1034 4.58807937E+03
     46537.9480 4.53323992E+03
     46539.7927 4.58668122E+03
     46541.6375 4.78331025E+03
     46543.4825 5.12881948E+03
     46545.3277 5.34397920E+03
     46547.1730 5.35315082E+03
     46549.0184 5.35236958E+03
     46714.1074 5.27787906E+03
     46715.9587 5.27704631E+03
     46717.8101 5.27537133E+03
     46719.6616 5.23231937E+03
     46721.5133 4.97054001E+03
     46723.3651 4.74936753E+03
     46725.2171 4.67650022E+03
     46727.0693 4.74791891E+03
     46728.9215 4.96749770E+03
     46730.7740 5.22742473E+03
     46732.6265 5.26875404E+03
     46734.4793 5.26877233E+03
     46736.3321 5.26795028E+03
     47471.6183 4.95224694E+03
     48688.8393 4.47978776E+03
     49937.2710 4.05225657E+03
     51217.7139 3.66574659E+03
     51274.5239 3.64968812E+03
     51276.5559 3.64910927E+03
     51278.5880 3.64746824E+03
     51280.6203 3.59961611E+03
     51282.6528 3.40701093E+03
     51284.6854 3.25928353E+03
     51286.7182 3.21215438E+03
     51288.7511 3.25828669E+03
     51290.7842 3.40492210E+03
     51292.8175 3.59625882E+03
     51294.8509 3.64289167E+03
     51296.8845 3.64338551E+03
     51298.9183 3.64281959E+03
     52530.9886 3.31599670E+03
     53877.9370 2.99950710E+03
     55259.4226 2.71312647E+03
     56676.3309 2.45400083E+03
     57101.1743 2.38238260E+03
     57103.4372 2.38200809E+03
     57105.7003 2.38161642E+03
     57107.9635 2.38028862E+03
     57110.2270 2.36450592E+03
     57112.4906 2.30547080E+03
     57114.7543 2.26597447E+03
     57117.0183 2.30475578E+03
     57119.2824 2.36302443E+03
     57121.5468 2.37804494E+03
     57123.8113 2.37862306E+03
     57126.0759 2.37826634E+03
     57128.3408 2.37789251E+03
     58129.5701 2.21954562E+03
     59068.2515 2.08431625E+03
     59070.5924 2.08398600E+03
     59072.9334 2.08262404E+03
     59075.2746 2.04358508E+03
     59077.6160 1.92691823E+03
     59079.9576 1.84594446E+03
     59082.2993 1.82195373E+03
     59084.6413 1.84537764E+03
     59086.9834 1.92573399E+03
     59089.3258 2.04168996E+03
     59091.6683 2.08003314E+03
     59094.0110 2.08074501E+03
     59096.3538 2.08042705E+03
     59554.4100 2.01828107E+03
     59556.7701 2.01796666E+03
     59559.1304 2.01761807E+03
     59561.4909 2.01541610E+03
     59563.8515 1.98695067E+03
     59566.2124 1.90753309E+03
     59568.5734 1.87004681E+03
     59570.9346 1.90694684E+03
     59573.2961 1.98571929E+03
     59575.6577 2.01353440E+03
     59578.0194 2.01510596E+03
     59580.3814 2.01482645E+03
     59582.7436 2.01451282E+03
     59620.0719 2.00956157E+03
     61148.7917 1.81741557E+03
     62716.7094 1.64358638E+03
     62904.3455 1.62419989E+03
     62906.8384 1.62394390E+03
     62909.3315 1.62362612E+03
     62911.8247 1.62000560E+03
     62914.3182 1.57803291E+03
     62916.8118 1.50575792E+03
     62919.3057 1.48075368E+03
     62921.7997 1.50529451E+03
     62924.2940 1.57705284E+03
     62926.7884 1.61847793E+03
     62929.2830 1.62158251E+03
     62931.7779 1.62138923E+03
     62934.2729 1.62113428E+03
     64324.8302 1.48633376E+03
     65974.1848 1.34408217E+03
     67665.8306 1.21540529E+03
     67703.9608 1.21268616E+03
     67706.6439 1.21249456E+03
     67709.3272 1.21220580E+03
     67712.0107 1.20690037E+03
     67714.6944 1.16164534E+03
     67717.3783 1.11147258E+03
     67720.0624 1.09514297E+03
     67722.7467 1.11112995E+03
     67725.4313 1.16092626E+03
     67728.1161 1.20576289E+03
     67730.8011 1.21067862E+03
     67733.4862 1.21058532E+03
     67736.1717 1.21039507E+03
     69400.8519 1.09901190E+03
     71180.3609 9.93733166E+02
     73005.4983 8.98511089E+02
     73121.6576 8.92844696E+02
     74581.1257 8.25853686E+02
     74584.0813 8.25706445E+02
     74587.0371 8.22641549E+02
     74589.9932 7.80182800E+02
     74592.9495 7.29696222E+02
     74595.9060 7.08253563E+02
     74598.8628 7.02566426E+02
     74598.8628 7.02566403E+02
     74601.8198 7.08034614E+02
     74604.7771 7.29245441E+02
     74607.7345 7.79458778E+02
     74610.6923 8.21610290E+02
     74613.6502 8.24409852E+02
     74616.6084 8.24297719E+02
     75007.3035 8.07338198E+02
     75010.2760 8.07206828E+02
     75013.2488 8.06385651E+02
     75016.2217 7.85436405E+02
     75019.1949 7.37383697E+02
     75022.1684 7.09816323E+02
     75025.1420 7.02321977E+02
     75028.1159 7.09596984E+02
     75031.0901 7.36928080E+02
     75034.0645 7.84703333E+02
     75037.0391 8.05369087E+02
     75040.0139 8.05934138E+02
     75042.9890 8.05810955E+02
     75063.3709 8.04940284E+02
     75066.3456 8.04812589E+02
     75069.3206 8.04559260E+02
     75072.2958 7.98286397E+02
     75075.2712 7.62386191E+02
     75078.2468 7.30869713E+02
     75081.2227 7.21026529E+02
     75084.1989 7.30643918E+02
     75087.1752 7.61914102E+02
     75090.1518 7.97534879E+02
     75093.1287 8.03544394E+02
     75096.1058 8.03543661E+02
     75099.0831 8.03417568E+02
     76511.6541 7.45969929E+02
     78473.4914 6.74425643E+02
     80485.6322 6.09724557E+02
     81529.6777 5.79203254E+02
     81532.9087 5.79111768E+02
     81536.1399 5.79014724E+02
     81539.3714 5.78614980E+02
     81542.6032 5.73669868E+02
     81545.8352 5.56935152E+02
     81549.0674 5.47075246E+02
     81552.2999 5.56761837E+02
     81555.5327 5.73309063E+02
     81558.7657 5.78067055E+02
     81561.9990 5.78283577E+02
     81565.2325 5.78197821E+02
     81568.4663 5.78106518E+02
     82549.3664 5.51214062E+02
     84666.0168 4.98303583E+02
     86624.5963 4.54877816E+02
     86628.0292 4.54805889E+02
     86631.4624 4.54724159E+02
     86634.8958 4.54113207E+02
     86638.3295 4.46446694E+02
     86641.7635 4.28390668E+02
     86645.1977 4.21001725E+02
     86648.6322 4.28257845E+02
     86652.0670 4.46166923E+02
     86655.5020 4.53683055E+02
     86658.9374 4.54149580E+02
     86662.3730 4.54087641E+02
     86665.8089 4.54015918E+02
     86836.9403 4.50458701E+02
     87580.0147 4.35409293E+02
     87583.4854 4.35339804E+02
     87586.9564 4.35151781E+02
     87590.4277 4.29915028E+02
     87593.8993 4.08249072E+02
     87597.3711 3.92200104E+02
     87600.8433 3.87544141E+02
     87604.3156 3.92078554E+02
     87607.7883 4.07995807E+02
     87611.2613 4.29510560E+02
     87614.7345 4.34601949E+02
     87618.2080 4.34652182E+02
     87621.6817 4.34584144E+02
     89063.5285 4.07195837E+02
     90273.6514 3.85853999E+02
     92097.3615 3.56415716E+02
     93898.0318 3.29911385E+02
     93901.7529 3.29859121E+02
     93905.4744 3.29791423E+02
     93909.1961 3.28906771E+02
     93912.9181 3.19588016E+02
     93916.6404 3.06071647E+02
     93920.3630 3.01639163E+02
     93924.0859 3.05976681E+02
     93927.8091 3.19388571E+02
     93931.5325 3.28595193E+02
     93935.2563 3.29374323E+02
     93938.9804 3.29337706E+02
     93942.7048 3.29285687E+02
     94458.8323 3.22163010E+02
     96880.8536 2.91193921E+02
     99364.9781 2.63194531E+02
    101912.7980 2.37880839E+02
    104525.9467 2.14995926E+02
    105010.2249 2.11061206E+02
    105014.3864 2.11027673E+02
    105018.5483 2.10974468E+02
    105022.7104 2.09925079E+02
    105026.8729 2.01983624E+02
    105031.0357 1.93945998E+02
    105035.1988 1.91479621E+02
    105039.3623 1.93885708E+02
    105043.5261 2.01857729E+02
    105047.6902 2.09726279E+02
    105051.8547 2.10707320E+02
    105056.0195 2.10693686E+02
    105060.1846 2.10660422E+02
    107206.0992 1.94307377E+02
    109954.9735 1.75604953E+02
    112774.3318 1.58747692E+02
    113060.3252 1.57147930E+02
    113064.8057 1.57122579E+02
    113069.2866 1.57019690E+02
    113073.7678 1.54121913E+02
    113078.2494 1.45534713E+02
    113082.7313 1.40548614E+02
    113087.2136 1.39204659E+02
    113091.6962 1.40504853E+02
    113096.1792 1.45444123E+02
    113100.6626 1.53976871E+02
    113105.1463 1.56820776E+02
    113109.6304 1.56873721E+02
    113114.1148 1.56849298E+02
    115367.6788 1.44950041E+02
    115372.2507 1.44927057E+02
    115376.8230 1.44902182E+02
    115381.3957 1.44774626E+02
    115385.9687 1.43166397E+02
    115390.5421 1.38415112E+02
    115395.1159 1.36027944E+02
    115399.6900 1.38371924E+02
    115404.2645 1.43076123E+02
    115408.8394 1.44637027E+02
    115413.4146 1.44718518E+02
    115417.9902 1.44697473E+02
    115422.5661 1.44674541E+02
    115665.9813 1.43460589E+02
    118631.7757 1.29642265E+02
    121673.6161 1.17151956E+02
    123689.9284 1.09693714E+02
    123694.8302 1.09675139E+02
    123699.7323 1.09458393E+02
    123704.6348 1.05167162E+02
    123709.5378 9.89937342E+01
    123714.4411 9.63918236E+01
    123719.3448 9.56856256E+01
    123724.2489 9.63617533E+01
    123729.1533 9.89320273E+01
    123734.0582 1.05068618E+02
    123738.9635 1.09319740E+02
    123743.8691 1.09501279E+02
    123748.7751 1.09485078E+02
    123842.4680 1.09153919E+02
    123847.3758 1.09136498E+02
    123852.2840 1.09100127E+02
    123857.1926 1.08180403E+02
    123862.1015 1.03323548E+02
    123867.0109 9.95002998E+01
    123871.9207 9.84066888E+01
    123876.8308 9.94692900E+01
    123881.7413 1.03259090E+02
    123886.6522 1.08078009E+02
    123891.5635 1.08961760E+02
    123896.4752 1.08963489E+02
    123901.3873 1.08946308E+02
    124793.4524 1.05862352E+02
    125841.0576 1.02378324E+02
    125846.0446 1.02362067E+02
    125851.0320 1.02342867E+02
    125856.0198 1.02165801E+02
    125861.0080 1.00061800E+02
    125865.9966 9.60426305E+01
    125870.9856 9.46223911E+01
    125875.9749 9.60126995E+01
    125880.9647 9.99989414E+01
    125885.9549 1.02068663E+02
    125890.9454 1.02213035E+02
    125895.9364 1.02199769E+02
    125900.9278 1.02183567E+02
    127993.2846 9.56583153E+01
    129994.0580 8.98978580E+01
    132620.2005 8.29955160E+01
    136020.7185 7.49913552E+01
    139508.4292 6.77575093E+01
    141797.3652 6.34796704E+01
    141802.9845 6.34695677E+01
    141808.6043 6.34556375E+01
    141814.2245 6.32419946E+01
    141819.8452 6.12576242E+01
    141825.4663 5.88862122E+01
    141831.0879 5.81665866E+01
    141836.7099 5.88678325E+01
    141842.3324 6.12192534E+01
    141847.9553 6.31818626E+01
    141853.5787 6.33750517E+01
    141859.2025 6.33688255E+01
    141864.8267 6.33587798E+01
    143085.5684 6.12200197E+01
    146754.4291 5.53120100E+01
    150517.3632 4.99730097E+01
    152562.4708 4.73404604E+01
    155644.5409 4.36976463E+01
    159635.4265 3.94777581E+01
    162052.8163 3.71676514E+01
    162059.2383 3.71616725E+01
    162065.6609 3.71435729E+01
    162072.0840 3.66305011E+01
    162078.5075 3.47851069E+01
    162084.9316 3.36843431E+01
    162091.3562 3.33877319E+01
    162097.7813 3.36738071E+01
    162104.2070 3.47633550E+01
    162110.6331 3.65958379E+01
    162117.0597 3.70963575E+01
    162123.4869 3.71026201E+01
    162129.9145 3.70967883E+01
    163728.6426 3.56646129E+01
    164078.4765 3.53604684E+01
    164084.9788 3.53548423E+01
    164091.4816 3.53485766E+01
    164097.9850 3.53077270E+01
    164104.4889 3.47977946E+01
    164110.9933 3.35487614E+01
    164117.4982 3.30321298E+01
    164124.0036 3.35382674E+01
    164130.5095 3.47758190E+01
    164137.0160 3.52740665E+01
    164143.5230 3.53036279E+01
    164150.0305 3.52986549E+01
    164156.5385 3.52930435E+01
    167926.8129 3.22190924E+01
    168766.4329 3.15805712E+01
    168773.1210 3.15755272E+01
    168779.8097 3.15667529E+01
    168786.4989 3.13743959E+01
    168793.1886 3.01317780E+01
    168799.8788 2.90774173E+01
    168806.5696 2.87782857E+01
    168813.2608 2.90683219E+01
    168819.9527 3.01129067E+01
    168826.6450 3.13445733E+01
    168833.3379 3.15266067E+01
    168840.0313 3.15253346E+01
    168846.7253 3.15203400E+01
    172232.6287 2.91058313E+01
    176648.8499 2.62928579E+01
    176936.3567 2.61217403E+01
    180510.8285 2.41081851E+01
    185139.3113 2.17774437E+01
    186107.5312 2.13259476E+01
    186114.9065 2.13225486E+01
    186122.2824 2.13183074E+01
    186129.6589 2.12693378E+01
    186137.0360 2.07416316E+01
    186144.4137 1.99610407E+01
    186151.7919 1.97200906E+01
    186159.1708 1.99547930E+01
    186166.5502 2.07285812E+01
    186173.9302 2.12490553E+01
    186181.3108 2.12911733E+01
    186188.6919 2.12886289E+01
    186196.0737 2.12852439E+01
    189886.4731 1.96716528E+01
    190574.1119 1.93880581E+01
    190581.6643 1.93848444E+01
    190589.2172 1.93598619E+01
    190596.7707 1.87658769E+01
    190604.3249 1.77700756E+01
    190611.8796 1.73429504E+01
    190619.4349 1.72229670E+01
    190626.9908 1.73375141E+01
    190634.5474 1.77589446E+01
    190642.1045 1.87481933E+01
    190649.6622 1.93352354E+01
    190657.2206 1.93540018E+01
    190664.7795 1.93510466E+01
    194755.3570 1.77691456E+01
    199749.0841 1.60503374E+01
    203115.7156 1.50076371E+01
    203115.7156 1.50076371E+01
    207219.0633 1.38492122E+01
    207219.0633 1.38492122E+01
    217334.6796 1.14342759E+01
    223262.9833 1.02614752E+01
    223271.8311 1.02598352E+01
    223280.6795 1.02573585E+01
    223289.5287 1.02122530E+01
    223298.3786 9.86327950E+00
    223307.2292 9.53446379E+00
    223316.0805 9.44161409E+00
    223324.9324 9.53147388E+00
    223333.7851 9.85708344E+00
    223342.6385 1.02025161E+01
    223351.4926 1.02442870E+01
    223351.8261 1.02442571E+01
    223360.3474 1.02434806E+01
    223360.6774 1.02434195E+01
    223369.2029 1.02395805E+01
    223369.5294 1.02394337E+01
    223378.3821 1.01319615E+01
    223387.2355 9.67626418E+00
    223396.0896 9.39187022E+00
    223404.9444 9.31474317E+00
    223413.7999 9.38892390E+00
    223422.6561 9.67019452E+00
    223431.5130 1.01223361E+01
    223440.3706 1.02263865E+01
    223449.2290 1.02271086E+01
    223458.0880 1.02254915E+01
    228488.5903 9.34972732E+00
    238623.7458 7.85219201E+00
    238633.2023 7.85093906E+00
    238642.6596 7.84948545E+00
    238652.1176 7.83725761E+00
    238661.5764 7.69254135E+00
    238671.0359 7.41858365E+00
    238680.4961 7.32655158E+00
    238689.9572 7.41625680E+00
    238699.4189 7.68768084E+00
    238708.8814 7.82976834E+00
    238718.3447 7.83947808E+00
    238727.8087 7.83842935E+00
    238737.2735 7.83718035E+00
    240849.3033 7.56432414E+00
    254623.8759 6.04749014E+00
    270069.6062 4.77125516E+00
    277968.2425 4.24842334E+00
    277979.2582 4.24772704E+00
    277990.2748 4.24384961E+00
    278001.2922 4.14280632E+00
    278012.3106 3.94592886E+00
    278023.3298 3.85772959E+00
    278034.3499 3.83184371E+00
    278045.3708 3.85651698E+00
    278056.3926 3.94344987E+00
    278067.4153 4.13888701E+00
    278078.4389 4.23843763E+00
    278089.4634 4.24095329E+00
    278100.4887 4.24029478E+00
    287510.2561 3.70854526E+00
    288243.3443 3.67070840E+00
    288254.7672 3.67012148E+00
    288266.1910 3.66933103E+00
    288277.6157 3.65792363E+00
    288289.0414 3.55394616E+00
    288300.4679 3.43982762E+00
    288311.8953 3.40761810E+00
    288323.3237 3.43874699E+00
    288334.7529 3.55170749E+00
    288346.1831 3.65442837E+00
    288357.6141 3.66464854E+00
    288369.0461 3.66426783E+00
    288380.4790 3.66368402E+00
    298324.5027 3.19615871E+00
    298336.3251 3.19564563E+00
    298348.1484 3.19461200E+00
    298359.9727 3.16931111E+00
    298371.7980 3.04381920E+00
    298383.6241 2.96028067E+00
    298395.4512 2.93736078E+00
    298407.2793 2.95935013E+00
    298419.1083 3.04190556E+00
    298430.9382 3.16629171E+00
    298442.7690 3.19053503E+00
    298454.6008 3.19054800E+00
    298466.4336 3.19004155E+00
    307358.9932 2.83425391E+00
    330151.5405 2.12461766E+00
    356595.2576 1.55753238E+00
    387643.8622 1.11249484E+00
    424614.9104 7.70557503E-01
    469381.5923 5.14381026E-01
    524700.1509 3.28224151E-01
    594799.7580 1.97948216E-01
    686518.1466 1.11019792E-01
    811679.4863 5.65127137E-02
    992653.3174 2.51070936E-02
   1277483.9231 9.08599221E-03
   1791548.4107 2.32789927E-03
   2997925.1058 2.93346547E-04
