   70   20
   9.327169E-08   1.275884E-07   1.732567E-07   2.335231E-07   3.122865E-07   4.141205E-07
   5.442784E-07   7.086947E-07   9.140100E-07   1.167651E-06   1.477927E-06   1.854187E-06
   2.307053E-06   2.848691E-06   3.493134E-06   4.256667E-06   5.158289E-06   6.220155E-06
   7.468085E-06   8.932235E-06   1.064783E-05   1.265607E-05   1.500527E-05   1.775206E-05
   2.096258E-05   2.471416E-05   2.909735E-05   3.421829E-05   4.020155E-05   4.719394E-05
   5.536929E-05   6.493269E-05   7.612672E-05   8.924025E-05   1.046192E-04   1.226802E-04
   1.439284E-04   1.689850E-04   1.986176E-04   2.337789E-04   2.756688E-04   3.258143E-04
   3.861813E-04   4.593295E-04   5.486385E-04   6.586177E-04   7.953314E-04   9.670152E-04
   1.184924E-03   1.464452E-03   1.827312E-03   2.302050E-03   2.925319E-03   3.745624E-03
   4.824395E-03   6.238209E-03   8.082555E-03   1.048037E-02   1.360005E-02   1.769361E-02
   2.317488E-02   3.076567E-02   4.174500E-02   5.833014E-02   8.419355E-02   1.250908E-01
   1.896188E-01   2.902159E-01   4.445265E-01   6.772045E-01
   1.006956E+04   1.046437E+13   1.813367E-11   2.870458E+11   9.027185E+06
   2.303905E+06   1.912039E+06   2.099809E+06   2.496595E+06   3.027299E+06
   3.667882E+06   4.408084E+06   5.241991E+06   6.164480E+06   7.168992E+06
   8.245111E+06   9.374877E+06   1.052648E+07   1.067669E+08   1.046364E+13
   1.086262E+04   1.338463E+13   2.280084E-11   1.334981E+11   9.902493E+06
   2.962576E+06   2.599297E+06   2.928991E+06   3.531477E+06   4.318346E+06
   5.260592E+06   6.345357E+06   7.564533E+06   8.910062E+06   1.037043E+07
   1.192625E+07   1.354290E+07   1.515767E+07   1.331201E+08   1.338415E+13
   1.101372E+04   1.791981E+13   3.054898E-11   1.920331E+11   1.654094E+07
   5.087521E+06   4.507126E+06   5.101619E+06   6.165944E+06   7.550678E+06
   9.206334E+06   1.111030E+07   1.324709E+07   1.559954E+07   1.814113E+07
   2.082518E+07   2.356601E+07   2.620540E+07   1.928879E+08   1.791910E+13
   1.111802E+04   2.390776E+13   4.082170E-11   2.946233E+11   2.806943E+07
   8.796047E+06   7.843653E+06   8.905090E+06   1.078046E+07   1.321409E+07
   1.612044E+07   1.945896E+07   2.319918E+07   2.730356E+07   3.171018E+07
   3.630581E+07   4.087724E+07   4.502669E+07   2.760768E+08   2.390666E+13
   1.119796E+04   3.170752E+13   5.426169E-11   4.632796E+11   4.762227E+07
   1.513474E+07   1.356264E+07   1.543305E+07   1.870599E+07   2.294474E+07
   2.800147E+07   3.380280E+07   4.028782E+07   4.737364E+07   5.491565E+07
   6.264033E+07   7.002243E+07   7.608451E+07   3.868090E+08   3.170580E+13
   1.126416E+04   4.173944E+13   7.163600E-11   7.324793E+11   8.012002E+07
   2.575740E+07   2.317497E+07   2.642001E+07   3.205468E+07   3.933968E+07
   4.802120E+07   5.796608E+07   6.905144E+07   8.109447E+07   9.376022E+07
   1.063966E+08   1.177369E+08   1.254768E+08   5.274176E+08   4.173675E+13
   1.132220E+04   5.447992E+13   9.383285E-11   1.152476E+12   1.330363E+08
   4.319791E+07   3.900274E+07   4.453556E+07   5.407962E+07   6.639989E+07
   8.106483E+07   9.783294E+07   1.164558E+08   1.365335E+08   1.573014E+08
   1.772359E+08   1.933814E+08   2.006313E+08   6.969377E+08   5.447576E+13
   1.137799E+04   7.044334E+13   1.218259E-10   1.786286E+12   2.170446E+08
   7.114816E+07   6.445220E+07   7.370762E+07   8.957477E+07   1.100255E+08
   1.343359E+08   1.620694E+08   1.927262E+08   2.254440E+08   2.585125E+08
   2.884719E+08   3.087348E+08   3.089381E+08   8.895940E+08   7.043700E+13
   1.143658E+04   9.017958E+13   1.566637E-10   2.705711E+12   3.467527E+08
   1.147941E+08   1.043499E+08   1.195240E+08   1.453736E+08   1.786345E+08
   2.181105E+08   2.630179E+08   3.123615E+08   3.643173E+08   4.151577E+08
   4.573032E+08   4.769345E+08   4.554511E+08   1.095112E+09   9.017012E+13
   1.150434E+04   1.142600E+14   1.994084E-10   3.969170E+12   5.406446E+08
   1.810147E+08   1.651964E+08   1.895616E+08   2.307744E+08   2.837005E+08
   3.463975E+08   4.174711E+08   4.949705E+08   5.751284E+08   6.500648E+08
   7.038966E+08   7.097928E+08   6.398598E+08   1.300115E+09   1.142462E+14
   1.158054E+04   1.433405E+14   2.512919E-10   5.651272E+12   8.236734E+08
   2.792548E+08   2.559709E+08   2.943156E+08   3.586743E+08   4.411431E+08
   5.386175E+08   6.486396E+08   7.674493E+08   8.874550E+08   9.925348E+08
   1.051050E+09   1.015688E+09   8.559029E+08   1.493140E+09   1.433209E+14
   1.166237E+04   1.781660E+14   3.137380E-10   7.851292E+12   1.229396E+09
   4.223808E+08   3.889647E+08   4.481841E+08   5.467836E+08   6.728253E+08
   8.214081E+08   9.882360E+08   1.166184E+09   1.340320E+09   1.478772E+09
   1.522030E+09   1.396417E+09   1.092053E+09   1.666511E+09   1.781387E+14
   1.174892E+04   2.195602E+14   3.883107E-10   1.067291E+13   1.800953E+09
   6.273745E+08   5.805429E+08   6.704123E+08   8.188192E+08   1.008037E+09
   1.230407E+09   1.478483E+09   1.738990E+09   1.983268E+09   2.150567E+09
   2.136165E+09   1.844179E+09   1.333727E+09   1.816232E+09   2.195228E+14
   1.183974E+04   2.684527E+14   4.767667E-10   1.422805E+13   2.593709E+09
   9.165573E+08   8.523905E+08   9.865929E+08   1.206372E+09   1.485799E+09
   1.813003E+09   2.175182E+09   2.548016E+09   2.877826E+09   3.053307E+09
   2.904246E+09   2.341651E+09   1.567016E+09   1.941757E+09   2.684023E+14
   1.193352E+04   3.259190E+14   5.811672E-10   1.866335E+13   3.680311E+09
   1.319595E+09   1.233465E+09   1.430976E+09   1.751752E+09   2.158353E+09
   2.632477E+09   3.152287E+09   3.673933E+09   4.099314E+09   4.233098E+09
   3.824819E+09   2.865403E+09   1.781792E+09   2.045174E+09   3.258521E+14
   1.202962E+04   3.931925E+14   7.038764E-10   2.414744E+13   5.154344E+09
   1.875428E+09   1.762025E+09   2.048939E+09   2.511085E+09   3.094965E+09
   3.772475E+09   4.506630E+09   5.219572E+09   5.736457E+09   5.730652E+09
   4.880899E+09   3.390095E+09   1.972316E+09   2.129538E+09   3.931044E+14
   1.212853E+04   4.716800E+14   8.475412E-10   3.084265E+13   7.133452E+09
   2.634383E+09   2.487961E+09   2.899892E+09   3.557965E+09   4.386429E+09
   5.342227E+09   6.363169E+09   7.313075E+09   7.888430E+09   7.572791E+09
   6.039435E+09   3.892642E+09   2.136465E+09   2.197789E+09   4.715654E+14
   1.223191E+04   5.629770E+14   1.015047E-09   3.886412E+13   9.761373E+09
   3.660339E+09   3.475368E+09   4.060556E+09   4.987641E+09   6.150217E+09
   7.482417E+09   8.880433E+09   1.010965E+10   1.065810E+10   9.762712E+09
   7.254344E+09   4.354966E+09   2.274440E+09   2.252243E+09   5.628293E+14
   1.233738E+04   6.690154E+14   1.210175E-09   4.852225E+13   1.323810E+10
   5.040659E+09   4.811579E+09   5.635305E+09   6.929523E+09   8.545549E+09
   1.038260E+10   1.226848E+10   1.380486E+10   1.415444E+10   1.228277E+10
   8.479925E+09   4.768784E+09   2.389455E+09   2.296217E+09   6.688263E+14
   1.244414E+04   7.920042E+14   1.437214E-09   6.015101E+13   1.781851E+10
   6.888917E+09   6.610880E+09   7.761105E+09   9.553553E+09   1.178117E+10
   1.428953E+10   1.679469E+10   1.863032E+10   1.847405E+10   1.508484E+10
   9.672467E+09   5.131211E+09   2.484874E+09   2.332057E+09   7.917636E+14
   1.255089E+04   9.345243E+14   1.701320E-09   7.422598E+13   2.384041E+10
   9.356150E+09   9.025521E+09   1.062054E+10   1.308618E+10   1.613447E+10
   1.952833E+10   2.280207E+10   2.485822E+10   2.369119E+10   1.809679E+10
   1.079827E+10   5.444475E+09   2.564340E+09   2.361889E+09   9.342194E+14
   1.265626E+04   1.099578E+15   2.008641E-09   9.139143E+13   3.175127E+10
   1.264321E+10   1.225832E+10   1.445697E+10   1.782902E+10   2.197378E+10
   2.652623E+10   3.072662E+10   3.279745E+10   2.984186E+10   2.123032E+10
   1.183583E+10   5.713789E+09   2.631280E+09   2.387500E+09   1.099193E+15
   1.275888E+04   1.290667E+15   2.366570E-09   1.125276E+14   4.214807E+10
   1.701848E+10   1.658050E+10   1.959589E+10   2.418510E+10   2.978932E+10
   3.584478E+10   4.111846E+10   4.278485E+10   3.691063E+10   2.439328E+10
   1.277581E+10   5.945878E+09   2.688773E+09   2.410412E+09   1.290181E+15
   1.285879E+04   1.511802E+15   2.783512E-09   1.386098E+14   5.579715E+10
   2.283226E+10   2.234801E+10   2.646531E+10   3.268418E+10   4.022268E+10
   4.820738E+10   5.464895E+10   5.515280E+10   4.481111E+10   2.749550E+10
   1.361585E+10   6.146552E+09   2.738910E+09   2.431394E+09   1.511189E+15
   1.295630E+04   1.767589E+15   3.269220E-09   1.708124E+14   7.369220E+10
   3.054407E+10   3.002954E+10   3.562954E+10   4.402415E+10   5.411448E+10
   6.454380E+10   7.212445E+10   7.019715E+10   5.338790E+10   3.046111E+10
   1.435972E+10   6.321052E+09   2.783275E+09   2.450931E+09   1.766818E+15
   1.305135E+04   2.063359E+15   3.835274E-09   2.106714E+14   9.714060E+10
   4.076183E+10   4.024641E+10   4.783698E+10   5.912911E+10   7.257038E+10
   8.604877E+10   9.449760E+10   8.814045E+10   6.243378E+10   3.323728E+10
   1.501610E+10   6.474387E+09   2.823269E+09   2.469495E+09   2.062390E+15
   1.314415E+04   2.405254E+15   4.495191E-09   2.600596E+14   1.278417E+11
   5.428390E+10   5.381737E+10   6.407477E+10   7.921584E+10   9.703470E+10
   1.142382E+11   1.228519E+11   1.090779E+11   7.170806E+10   3.579258E+10
   1.559521E+10   6.610642E+09   2.859907E+09   2.487339E+09   2.404037E+15
   1.323621E+04   2.800286E+15   5.263997E-09   3.208721E+14   1.679295E+11
   7.213687E+10   7.180312E+10   8.562506E+10   1.058628E+11   1.293629E+11
   1.509878E+11   1.583387E+11   1.329086E+11   8.095095E+10   3.810812E+10
   1.610472E+10   6.731948E+09   2.893430E+09   2.504164E+09   2.798760E+15
   1.332925E+04   3.256556E+15   6.158729E-09   3.951100E+14   2.201004E+11
   9.564592E+10   9.558221E+10   1.141578E+11   1.411217E+11   1.719386E+11
   1.985976E+11   2.021115E+11   1.593125E+11   8.991815E+10   4.017786E+10
   1.655109E+10   6.839540E+09   2.923791E+09   2.519514E+09   3.254645E+15
   1.342507E+04   3.783494E+15   7.198797E-09   4.848486E+14   2.877598E+11
   1.265222E+11   1.269474E+11   1.518493E+11   1.876598E+11   2.278165E+11
   2.598490E+11   2.552204E+11   1.877531E+11   9.840418E+10   4.200529E+10
   1.693964E+10   6.934080E+09   2.950788E+09   2.532880E+09   3.781105E+15
   1.352585E+04   4.392132E+15   8.405851E-09   5.918900E+14   3.751390E+11
   1.669573E+11   1.682163E+11   2.015219E+11   2.489260E+11   3.008770E+11
   3.380215E+11   3.184493E+11   2.174988E+11   1.062471E+11   4.359675E+10
   1.727341E+10   7.015358E+09   2.973939E+09   2.543580E+09   4.389153E+15
   1.363321E+04   5.095397E+15   9.804818E-09   7.180829E+14   4.875848E+11
   2.197847E+11   2.224076E+11   2.668579E+11   3.294023E+11   3.960555E+11
   4.369155E+11   3.921700E+11   2.477112E+11   1.133429E+11   4.496425E+10
   1.755566E+10   7.083388E+09   2.992931E+09   2.551134E+09   5.091691E+15
   1.374950E+04   5.908399E+15   1.142275E-08   8.643494E+14   6.316106E+11
   2.885977E+11   2.933957E+11   3.526011E+11   4.348359E+11   5.195099E+11
   5.607079E+11   4.761002E+11   2.774871E+11   1.196202E+11   4.611530E+10
   1.778671E+10   7.137196E+09   3.007100E+09   2.554829E+09   5.903799E+15
   1.387668E+04   6.848997E+15   1.329045E-08   1.031095E+15   8.153057E+11
   3.780062E+11   3.862010E+11   4.649139E+11   5.726477E+11   6.789297E+11
   7.138318E+11   5.692109E+11   3.059783E+11   1.250489E+11   4.705885E+10
   1.796703E+10   7.176033E+09   3.015935E+09   2.554135E+09   6.843299E+15
   1.401743E+04   7.938300E+15   1.544142E-08   1.217058E+15   1.048394E+12
   4.938318E+11   5.072550E+11   6.117214E+11   7.523119E+11   8.837175E+11
   9.005703E+11   6.695851E+11   3.324184E+11   1.296124E+11   4.779806E+10
   1.809483E+10   7.198432E+09   3.018675E+09   2.548386E+09   7.931257E+15
   1.417424E+04   9.201363E+15   1.791366E-08   1.419709E+15   1.342698E+12
   6.434751E+11   6.648415E+11   8.032619E+11   9.859514E+11   1.145272E+12
   1.124611E+12   7.745094E+11   3.561962E+11   1.333139E+11   4.833591E+10
   1.816848E+10   7.203153E+09   3.014702E+09   2.537095E+09   9.192672E+15
   1.434899E+04   1.066798E+16   2.075221E-08   1.635946E+15   1.712806E+12
   8.364200E+11   8.696972E+11   1.052830E+12   1.289117E+12   1.477255E+12
   1.388463E+12   8.807130E+11   3.768977E+11   1.361788E+11   4.867867E+10
   1.818787E+10   7.189679E+09   3.003727E+09   2.520086E+09   1.065727E+16
   1.454783E+04   1.237345E+16   2.399821E-08   1.854861E+15   2.173756E+12
   1.083867E+12   1.134935E+12   1.376815E+12   1.680688E+12   1.894588E+12
   1.691723E+12   9.840791E+11   3.940532E+11   1.381611E+11   4.880445E+10
   1.814286E+10   7.153736E+09   2.983980E+09   2.496157E+09   1.236027E+16
   1.477240E+04   1.436005E+16   2.771253E-08   2.070250E+15   2.745552E+12
   1.400619E+12   1.477929E+12   1.796877E+12   2.185127E+12   2.414592E+12
   2.031622E+12   1.080969E+12   4.075599E+11   1.393036E+11   4.872216E+10
   1.803507E+10   7.095718E+09   2.955613E+09   2.465593E+09   1.434386E+16
   1.502565E+04   1.667787E+16   3.196515E-08   2.273509E+15   3.451015E+12
   1.804982E+12   1.920617E+12   2.340444E+12   2.832597E+12   3.055189E+12
   2.401413E+12   1.167960E+12   4.173730E+11   1.396308E+11   4.843327E+10
   1.786364E+10   7.015110E+09   2.918430E+09   2.428441E+09   1.665799E+16
   1.531143E+04   1.938671E+16   3.684009E-08   2.454668E+15   4.316048E+12
   2.319569E+12   2.490681E+12   3.042183E+12   3.659932E+12   3.833316E+12
   2.790089E+12   1.242163E+12   4.235063E+11   1.391583E+11   4.793631E+10
   1.762683E+10   6.911123E+09   2.872131E+09   2.384677E+09   1.936230E+16
   1.563441E+04   2.255818E+16   4.244031E-08   2.603141E+15   5.369552E+12
   2.972132E+12   3.222885E+12   3.945658E+12   4.711337E+12   4.762282E+12
   3.182655E+12   1.301382E+12   4.260132E+11   1.378961E+11   4.722820E+10
   1.732253E+10   6.782838E+09   2.816370E+09   2.334230E+09   2.252824E+16
   1.599961E+04   2.627905E+16   4.889719E-08   2.710079E+15   6.644460E+12
   3.797055E+12   4.161193E+12   5.105845E+12   6.039334E+12   5.848642E+12
   3.561491E+12   1.344275E+12   4.250088E+11   1.358622E+11   4.630898E+10
   1.694983E+10   6.629816E+09   2.750980E+09   2.277108E+09   2.624236E+16
   1.641225E+04   3.065598E+16   5.638141E-08   2.770005E+15   8.179459E+12
   4.837524E+12   5.361805E+12   6.592632E+12   7.705634E+12   7.088550E+12
   3.908346E+12   1.370362E+12   4.206718E+11   1.330872E+11   4.518331E+10
   1.650958E+10   6.452253E+09   2.676030E+09   2.213408E+09   3.061104E+16
   1.687754E+04   3.582342E+16   6.511886E-08   2.782436E+15   1.002310E+13
   6.149427E+12   6.898287E+12   8.496621E+12   9.782652E+12   8.464696E+12
   4.206786E+12   1.379999E+12   4.132556E+11   1.296208E+11   4.386257E+10
   1.600502E+10   6.251225E+09   2.591913E+09   2.143358E+09   3.576843E+16
   1.739995E+04   4.195541E+16   7.541324E-08   2.753374E+15   1.224253E+13
   7.808568E+12   8.870630E+12   1.093913E+13   1.235636E+13   9.945036E+12
   4.444589E+12   1.374352E+12   4.031147E+11   1.255421E+11   4.236824E+10
   1.544300E+10   6.029148E+09   2.499530E+09   2.067461E+09   4.188813E+16
   1.798399E+04   4.927983E+16   8.766547E-08   2.692651E+15   1.493180E+13
   9.919739E+12   1.141723E+13   1.408487E+13   1.552653E+13   1.148133E+13
   4.614469E+12   1.355070E+12   3.906463E+11   1.209435E+11   4.072646E+10
   1.483206E+10   5.789065E+09   2.400025E+09   1.986348E+09   4.919748E+16
   1.863472E+04   5.809784E+16   1.024026E-07   2.611577E+15   1.822350E+13
   1.263017E+13   1.473272E+13   1.815997E+13   1.940378E+13   1.300966E+13
   4.713964E+12   1.324023E+12   3.762512E+11   1.159196E+11   3.896462E+10
   1.418125E+10   5.534231E+09   2.294626E+09   1.900720E+09   5.799687E+16
   1.935786E+04   6.880841E+16   1.203166E-07   2.521452E+15   2.230527E+13
   1.614925E+13   1.909421E+13   2.347623E+13   2.409956E+13   1.445383E+13
   4.744824E+12   1.283142E+12   3.603190E+11   1.105643E+11   3.711026E+10
   1.349978E+10   5.267990E+09   2.184614E+09   1.811354E+09   6.868426E+16
   2.016062E+04   8.193341E+16   1.423029E-07   2.431209E+15   2.743421E+13
   2.077194E+13   2.489346E+13   3.045554E+13   2.969810E+13   1.572995E+13
   4.711549E+12   1.234193E+12   3.431849E+11   1.049577E+11   3.518695E+10
   1.279555E+10   4.993233E+09   2.071109E+09   1.718974E+09   8.178016E+16
   2.105561E+04   9.816780E+16   1.695395E-07   2.344340E+15   3.395035E+13
   2.691068E+13   3.268230E+13   3.965678E+13   3.620942E+13   1.675304E+13
   4.619157E+12   1.178369E+12   3.250282E+11   9.913518E+10   3.320389E+10
   1.207144E+10   4.710961E+09   1.954487E+09   1.623814E+09   9.797772E+16
   2.205780E+04   1.183310E+17   2.034067E-07   2.259833E+15   4.224665E+13
   3.509111E+13   4.317239E+13   5.172506E+13   4.346179E+13   1.744292E+13
   4.472898E+12   1.116590E+12   3.059746E+11   9.311992E+10   3.116677E+10
   1.132918E+10   4.421793E+09   1.834995E+09   1.526083E+09   1.180943E+17
   2.318515E+04   1.433347E+17   2.454343E-07   2.172760E+15   5.272390E+13
   4.593328E+13   5.721391E+13   6.728755E+13   5.101930E+13   1.774164E+13
   4.278491E+12   1.049609E+12   2.861165E+11   8.692715E+10   2.907901E+10
   1.056977E+10   4.126089E+09   1.712787E+09   1.425969E+09   1.430397E+17
   2.446215E+04   1.742251E+17   2.973750E-07   2.076233E+15   6.576135E+13
   6.014378E+13   7.578254E+13   8.682234E+13   5.819892E+13   1.762814E+13
   4.041968E+12   9.780140E+11   2.655061E+11   8.056073E+10   2.694033E+10
   9.792880E+09   3.823699E+09   1.587810E+09   1.323490E+09   1.738581E+17
   2.591360E+04   2.121098E+17   3.610906E-07   1.966482E+15   8.166525E+13
   7.845918E+13   9.988729E+13   1.104118E+14   6.418732E+13   1.712554E+13
   3.771528E+12   9.028453E+11   2.443274E+11   7.406536E+10   2.476408E+10
   9.003082E+09   3.516352E+09   1.460768E+09   1.219235E+09   2.116557E+17
   2.756103E+04   2.581431E+17   4.385312E-07   1.845219E+15   1.006726E+14
   1.016190E+14   1.304956E+14   1.375318E+14   6.828519E+13   1.629821E+13
   3.477922E+12   8.257451E+11   2.229351E+11   6.753801E+10   2.258105E+10
   8.211236E+09   3.208196E+09   1.333350E+09   1.114535E+09   2.575863E+17
   2.942049E+04   3.135777E+17   5.318209E-07   1.719199E+15   1.230278E+14
   1.304039E+14   1.685211E+14   1.669751E+14   7.013528E+13   1.523679E+13
   3.173437E+12   7.487737E+11   2.018058E+11   6.111350E+10   2.043477E+10
   7.432823E+09   2.905173E+09   1.207983E+09   1.011302E+09   3.129017E+17
   3.150234E+04   3.799659E+17   6.435948E-07   1.598274E+15   1.491825E+14
   1.658277E+14   2.149855E+14   1.970260E+14   6.980294E+13   1.403880E+13
   2.870176E+12   6.740507E+11   1.814434E+11   5.493636E+10   1.837225E+10
   6.684661E+09   2.613768E+09   1.087324E+09   9.116567E+08   3.791537E+17
   3.381236E+04   4.595890E+17   7.777194E-07   1.493439E+15   1.801542E+14
   2.095771E+14   2.714528E+14   2.258601E+14   6.768262E+13   1.279241E+13
   2.578498E+12   6.034178E+11   1.622905E+11   4.913424E+10   1.643523E+10
   5.981744E+09   2.339790E+09   9.737699E+08   8.175428E+08   4.586204E+17
   3.635461E+04   5.562888E+17   9.406939E-07   1.416121E+15   2.181538E+14
   2.648893E+14   3.408862E+14   2.520144E+14   6.431977E+13   1.156688E+13
   2.306049E+12   5.382155E+11   1.446681E+11   4.379988E+10   1.465413E+10
   5.335048E+09   2.087513E+09   8.690927E+08   7.304296E+08   5.551361E+17
   3.913671E+04   6.769771E+17   1.144198E-06   1.379161E+15   2.677084E+14
   3.382251E+14   4.291084E+14   2.746623E+14   6.024609E+13   1.040913E+13
   2.057406E+12   4.791895E+11   1.287488E+11   3.898268E+10   1.304517E+10
   4.750454E+09   1.859245E+09   7.742592E+08   6.511384E+08   6.755962E+17
   4.217530E+04   8.341000E+17   1.409255E-06   1.399705E+15   3.377124E+14
   4.423860E+14   5.469150E+14   2.934496E+14   5.588110E+13   9.345521E+12
   1.834402E+12   4.265463E+11   1.145699E+11   3.469229E+10   1.161145E+10
   4.229113E+09   1.655451E+09   6.894699E+08   5.798505E+08   8.324141E+17
   4.549364E+04   1.049336E+18   1.772476E-06   1.505079E+15   4.453970E+14
   6.024649E+14   7.125143E+14   3.079747E+14   5.151350E+13   8.388260E+12
   1.637173E+12   3.801755E+11   1.020908E+11   3.091545E+10   1.034850E+10
   3.769402E+09   1.475501E+09   6.144620E+08   5.163304E+08   1.047209E+18
   4.911287E+04   1.358312E+18   2.294030E-06   1.741111E+15   6.236798E+14
   8.666324E+14   9.516862E+14   3.172451E+14   4.731944E+13   7.540470E+12
   1.464888E+12   3.397957E+11   9.122935E+10   2.762679E+10   9.247763E+09
   3.368183E+09   1.318144E+09   5.486993E+08   4.600651E+08   1.355499E+18
   5.305202E+04   1.815158E+18   3.065343E-06   2.181431E+15   9.335167E+14
   1.323362E+15   1.288128E+15   3.197137E+14   4.337380E+13   6.795706E+12
   1.315353E+12   3.048436E+11   8.183035E+10   2.477891E+10   8.293261E+09
   3.019554E+09   1.181017E+09   4.911633E+08   4.100870E+08   1.811245E+18
   5.733668E+04   2.495521E+18   4.214203E-06   2.937934E+15   1.482964E+15
   2.124233E+15   1.716379E+15   3.143342E+14   3.967430E+13   6.138475E+12
   1.184870E+12   2.744213E+11   7.364954E+10   2.229731E+10   7.459823E+09
   2.714211E+09   1.060394E+09   4.402508E+08   3.649090E+08   2.489842E+18
   6.199940E+04   3.498545E+18   5.908111E-06   4.174378E+15   2.455106E+15
   3.505471E+15   2.173194E+15   3.016862E+14   3.619295E+13   5.550716E+12
   1.069343E+12   2.475424E+11   6.641851E+10   2.009994E+10   6.719631E+09
   2.441829E+09   9.521243E+08   3.941692E+08   3.228982E+08   3.490076E+18
   6.707558E+04   4.949586E+18   8.358902E-06   6.122673E+15   4.146251E+15
   5.787412E+15   2.553872E+15   2.837332E+14   3.291017E+13   5.017591E+12
   9.653844E+11   2.233859E+11   5.991277E+10   1.811780E+10   6.049157E+09
   2.193613E+09   8.526413E+08   3.513675E+08   2.827020E+08   4.936791E+18
   7.260395E+04   7.004244E+18   1.182957E-05   9.099595E+15   7.013335E+15
   9.310238E+15   2.778722E+15   2.627210E+14   2.981831E+13   4.528891E+12
   8.706070E+11   2.013687E+11   5.397186E+10   1.630125E+10   5.431337E+09
   1.963126E+09   7.593160E+08   3.107001E+08   2.434671E+08   6.984868E+18
   7.863054E+04   9.852763E+18   1.664170E-05   1.352066E+16   1.172483E+16
   1.425939E+16   2.835340E+15   2.404341E+14   2.691451E+13   4.077972E+12
   7.834334E+11   1.811027E+11   4.848844E+10   1.461689E+10   4.854629E+09
   1.746005E+09   6.703819E+08   2.714225E+08   2.049137E+08   9.823713E+18
