Lyman beta broadened by H+ (protons)
Potentials and dipol moments from Santos & Kepler 2012
Calculated by Detlev Koester, Feb. 2, 2026
used a larger r-range than in previous calculations, motivated
by discussion with Ivan Hubeny about locations of satellites
----------------------------------------------------------------------
    6
     15.00  162    5   6000.00  10000.00  14000.00  18000.00  22000.00
  875.0130    2.374712    2.377014    2.386160    2.384998    2.390194
  883.9180    2.474770    2.468126    2.478062    2.473356    2.469292
  893.2520    2.567591    2.568495    2.569807    2.567684    2.563469
  902.3190    2.665018    2.668703    2.663372    2.663193    2.660248
  911.1350    2.765579    2.758617    2.758457    2.759834    2.759418
  919.9010    2.863514    2.857960    2.856155    2.859943    2.858110
  928.0420    2.956606    2.958023    2.952375    2.955736    2.953928
  935.9440    3.056715    3.053770    3.050535    3.053308    3.048946
  943.6280    3.154636    3.149773    3.149466    3.152441    3.149004
  950.8040    3.252172    3.250078    3.247950    3.249540    3.247360
  957.5660    3.351564    3.349686    3.348148    3.347252    3.346588
  963.8930    3.449432    3.447531    3.447189    3.445604    3.446863
  969.8090    3.549971    3.546234    3.547689    3.546110    3.547504
  975.1280    3.646942    3.646276    3.646767    3.644497    3.644802
  979.9580    3.747442    3.745949    3.744942    3.744848    3.743423
  984.2810    3.844185    3.843445    3.842085    3.843014    3.843500
  988.2570    3.944187    3.943232    3.942589    3.942707    3.943668
  991.7890    4.043520    4.042850    4.043127    4.042772    4.041788
  994.9110    4.141544    4.142202    4.141449    4.142107    4.142139
  997.7460    4.241896    4.242939    4.241846    4.241522    4.241795
 1000.2460    4.341494    4.341732    4.342127    4.342009    4.341829
 1002.4930    4.441631    4.441523    4.441319    4.441648    4.441790
 1004.5290    4.542738    4.542564    4.542589    4.542402    4.542177
 1006.3500    4.641970    4.641384    4.641861    4.641870    4.642187
 1008.0450    4.743038    4.743534    4.743126    4.742867    4.742451
 1009.6100    4.845104    4.845060    4.844942    4.845098    4.845457
 1011.0450    4.947155    4.946781    4.946962    4.946482    4.946354
 1012.3500    5.047508    5.047508    5.047081    5.047508    5.046925
 1013.5670    5.149681    5.149466    5.149557    5.148972    5.149372
 1014.6970    5.253265    5.252901    5.253048    5.253048    5.252586
 1015.7390    5.357420    5.357668    5.357439    5.357477    5.357286
 1016.6460    5.457489    5.457109    5.457458    5.457109    5.457321
 1017.5100    5.561436    5.561615    5.561304    5.561279    5.561447
 1018.2840    5.663824    5.663635    5.663889    5.663710    5.663437
 1019.0140    5.769657    5.769791    5.769636    5.769703    5.769533
 1019.6530    5.871870    5.871532    5.871532    5.871346    5.871473
 1020.2470    5.975721    5.975708    5.975653    5.975679    5.975813
 1020.7970    6.081528    6.081455    6.081310    6.081383    6.080952
 1021.3010    6.188225    6.188169    6.188282    6.187943    6.187859
 1021.7590    6.295216    6.295216    6.294842    6.294708    6.294973
 1022.1720    6.401556    6.401262    6.401348    6.401642    6.401934
 1022.5400    6.505407    6.505394    6.505503    6.505869    6.505314
 1022.8610    6.605219    6.605370    6.605724    6.604605    6.603523
 1023.1830    6.715460    6.715702    6.714531    6.713448    6.713121
 1023.4590    6.819675    6.818720    6.817360    6.817949    6.818996
 1023.7360    6.934525    6.932955    6.933802    6.935476    6.937529
 1023.9660    7.039928    7.040562    7.043243    7.045166    7.046963
 1024.1970    7.158241    7.161846    7.164740    7.166252    7.166342
 1024.3810    7.265808    7.269699    7.270864    7.270725    7.268532
 1024.5649    7.385750    7.387087    7.384514    7.380863    7.376102
 1024.7500    7.517223    7.512417    7.504810    7.496777    7.489973
 1024.8879    7.622288    7.610798    7.599981    7.589705    7.582428
 1025.0270    7.732168    7.714798    7.702938    7.693165    7.687056
 1025.1650    7.849745    7.832342    7.823769    7.819090    7.816647
 1025.2581    7.939375    7.928795    7.926214    7.928288    7.930164
 1025.3500    8.053539    8.058350    8.066101    8.077877    8.085897
 1025.3960    8.131105    8.147831    8.162804    8.180441    8.192371
 1025.4430    8.393663    8.416557    8.433994    8.451725    8.463982
 1025.4890    9.309460    9.316116    9.321102    9.325741    9.329235
 1025.5350   10.239300   10.240898   10.242144   10.243187   10.244055
 1025.5811   10.924568   10.925022   10.925379   10.925648   10.925905
 1025.6281   11.388350   11.388403   11.388456   11.388474   11.388527
 1025.6740   11.657036   11.656933   11.656855   11.656788   11.656740
 1025.8120   11.388119   11.388155   11.388172   11.388191   11.388191
 1025.8590   10.924099   10.924492   10.924797   10.925043   10.925236
 1025.9050   10.237846   10.239300   10.240549   10.241472   10.242317
 1025.9510    9.300835    9.307026    9.312727    9.316599    9.320747
 1025.9969    8.332701    8.357038    8.381567    8.396635    8.415007
 1026.0439    8.029465    8.050652    8.076202    8.091455    8.113108
 1026.0900    7.943790    7.953354    7.969635    7.979685    7.996971
 1026.1830    7.819202    7.813822    7.815126    7.817751    7.826723
 1026.2750    7.723473    7.711056    7.702370    7.700781    7.702646
 1026.4139    7.600166    7.586487    7.571220    7.567097    7.561304
 1026.5530    7.485168    7.476267    7.462219    7.457382    7.447468
 1026.6920    7.374931    7.372009    7.363857    7.358278    7.347349
 1026.8311    7.272213    7.272398    7.271284    7.264463    7.255079
 1027.0160    7.150757    7.149065    7.153297    7.145414    7.140823
 1027.2020    7.041904    7.038620    7.040285    7.034508    7.036030
 1027.3870    6.937929    6.939020    6.933720    6.934013    6.940676
 1027.6190    6.819998    6.822763    6.814913    6.823664    6.832668
 1027.8510    6.722725    6.713339    6.716045    6.726604    6.732668
 1028.1300    6.612232    6.600679    6.616707    6.620188    6.618822
 1028.4091    6.502304    6.513496    6.523188    6.520536    6.513964
 1028.7340    6.399206    6.423361    6.416191    6.414522    6.411385
 1029.1060    6.313276    6.313360    6.310331    6.312685    6.320749
 1029.5250    6.213518    6.208736    6.218903    6.226316    6.234947
 1030.0380    6.115011    6.132900    6.137955    6.140697    6.133923
 1030.5510    6.062017    6.054728    6.044853    6.033262    6.024035
 1030.9709    5.982403    5.954010    5.938576    5.924109    5.918051
 1031.2980    5.881174    5.855665    5.844620    5.833771    5.826948
 1031.6260    5.767408    5.755020    5.746828    5.741074    5.733912
 1031.9530    5.655561    5.655638    5.650532    5.648525    5.645481
 1032.2810    5.549555    5.558636    5.560802    5.562305    5.566059
 1032.7020    5.446709    5.452660    5.463520    5.467949    5.475744
 1033.2650    5.343094    5.354530    5.357134    5.362614    5.368399
 1033.8750    5.250175    5.258757    5.251274    5.257942    5.273672
 1034.6281    5.152931    5.157486    5.166075    5.168085    5.171404
 1035.4280    5.059828    5.064758    5.070148    5.088171    5.067778
 1036.3240    4.987497    4.977398    4.985750    4.984217    4.988653
 1037.3630    4.896643    4.903221    4.904488    4.898111    4.886507
 1038.6420    4.806431    4.807657    4.807373    4.796068    4.801588
 1040.2080    4.705334    4.719877    4.713297    4.696207    4.722979
 1041.7800    4.646442    4.623756    4.613165    4.659269    4.648252
 1044.1700    4.542191    4.528877    4.566921    4.570671    4.563065
 1046.4270    4.472698    4.503096    4.507599    4.468643    4.465174
 1048.0660    4.470102    4.483215    4.405363    4.416706    4.423950
 1049.7090    4.429558    4.382378    4.388847    4.387444    4.357420
 1053.8900    4.329052    4.346939    4.396652    4.398998    4.420649
 1056.3361    4.416357    4.447468    4.437908    4.462593    4.490591
 1058.3510    4.510626    4.510933    4.538336    4.559978    4.557640
 1061.4611    4.557520    4.524343    4.508314    4.479517    4.454922
 1062.3530    4.453487    4.456184    4.423294    4.404030    4.363649
 1063.1970    4.348850    4.367226    4.336439    4.305073    4.265856
 1063.9420    4.253508    4.267265    4.253193    4.203659    4.188309
 1064.7390    4.165956    4.173012    4.146872    4.107481    4.121363
 1065.4871    4.138302    4.110523    4.044069    4.047470    4.065804
 1066.5350    4.075146    4.007065    3.962425    3.993793    3.991629
 1067.6360    4.015318    3.906281    3.948383    3.946609    3.960712
 1069.2419    3.911018    3.934771    3.937191    3.993145    4.058994
 1070.3979    3.907562    3.944996    4.018991    4.095135    4.135132
 1071.4060    3.965761    4.027594    4.122871    4.160019    4.170790
 1072.2650    3.998882    4.131073    4.183155    4.192371    4.194208
 1073.1240    4.103907    4.203386    4.215981    4.220160    4.227140
 1073.8840    4.204880    4.239124    4.242119    4.252876    4.265196
 1075.5081    4.306082    4.318981    4.332216    4.336319    4.335979
 1077.0350    4.406847    4.395605    4.375225    4.354856    4.334675
 1078.6689    4.391024    4.328074    4.285963    4.254934    4.231342
 1079.4360    4.287376    4.229298    4.193459    4.165956    4.146158
 1079.9490    4.185371    4.142326    4.115078    4.093422    4.077404
 1080.4100    4.074596    4.051308    4.034147    4.019905    4.008175
 1080.8210    3.964321    3.961473    3.954811    3.948637    3.941542
 1081.1801    3.861332    3.877031    3.880522    3.882229    3.879732
 1081.5400    3.754448    3.788225    3.802740    3.812485    3.815220
 1081.9000    3.645649    3.696548    3.722330    3.739849    3.748568
 1082.2600    3.536583    3.603535    3.640383    3.664951    3.680172
 1082.6210    3.429123    3.510973    3.558121    3.588686    3.610468
 1082.9810    3.325106    3.420286    3.476122    3.511909    3.540030
 1083.3940    3.212826    3.320042    3.383707    3.424522    3.459196
 1083.8060    3.108397    3.223860    3.293472    3.338715    3.378325
 1084.2710    2.997421    3.119421    3.194237    3.245291    3.288160
 1084.7360    2.887499    3.018242    3.098402    3.155306    3.199783
 1085.1500    2.786610    2.930450    3.015570    3.078239    3.122904
 1085.5640    2.683010    2.845303    2.935427    3.003374    3.048365
 1085.9790    2.580799    2.760355    2.858465    2.929878    2.976789
 1086.4449    2.471951    2.667631    2.773867    2.848810    2.899097
 1086.9130    2.370625    2.579235    2.692432    2.768742    2.824419
 1087.4320    2.260500    2.474669    2.601463    2.680834    2.744864
 1087.9000    2.158302    2.384676    2.520195    2.603804    2.673960
 1088.3680    2.056448    2.291214    2.436735    2.527746    2.603706
 1088.8890    1.955313    2.191256    2.344059    2.445604    2.525667
 1089.4620    1.865660    2.086929    2.243286    2.356771    2.437513
 1090.0890    1.786148    1.988390    2.140194    2.260166    2.342857
 1090.7679    1.708710    1.887842    2.033785    2.155367    2.239876
 1091.4480    1.645687    1.793245    1.940422    2.053425    2.144388
 1092.1810    1.602461    1.707178    1.844160    1.948906    2.045166
 1093.0210    1.573915    1.633972    1.742458    1.845531    1.943657
 1093.9139    1.551998    1.579704    1.656059    1.752340    1.841103
 1094.8610    1.539890    1.537542    1.591709    1.668945    1.741009
 1096.0740    1.535952    1.505203    1.532347    1.585798    1.640690
 1098.1899    1.537378    1.492775    1.480324    1.505936    1.540293
 1116.0720    1.601625    1.577549    1.580914    1.595352    1.608366
 1124.5660    1.647881    1.648760    1.675632    1.687359    1.708845
     16.00  162    5   6000.00  10000.00  14000.00  18000.00  22000.00
  875.0130    2.374767    2.377089    2.386196    2.385212    2.390406
  883.9180    2.474785    2.468229    2.478075    2.473530    2.469482
  893.2520    2.567638    2.568554    2.569841    2.567602    2.563398
  902.3190    2.665073    2.668722    2.663408    2.663136    2.660202
  911.1350    2.765602    2.758661    2.758503    2.759796    2.759380
  919.9010    2.863554    2.858013    2.856209    2.859919    2.858091
  928.0420    2.956673    2.958057    2.952435    2.955818    2.954021
  935.9440    3.056753    3.053808    3.050573    3.053308    3.048985
  943.6280    3.154697    3.149836    3.149527    3.152441    3.149035
  950.8040    3.252222    3.250151    3.248022    3.249565    3.247383
  957.5660    3.351603    3.349743    3.348207    3.347330    3.346666
  963.8930    3.449493    3.447592    3.447266    3.445698    3.446941
  969.8090    3.550045    3.546320    3.547762    3.546198    3.547577
  975.1280    3.647041    3.646374    3.646854    3.644615    3.644901
  979.9580    3.747536    3.746050    3.745043    3.744942    3.743526
  984.2810    3.844303    3.843563    3.842209    3.843121    3.843607
  988.2570    3.944324    3.943365    3.942726    3.942850    3.943802
  991.7890    4.043676    4.043009    4.043243    4.042931    4.041945
  994.9110    4.141731    4.142389    4.141638    4.142296    4.142326
  997.7460    4.242094    4.243137    4.242069    4.241745    4.241995
 1000.2460    4.341732    4.341969    4.342363    4.342226    4.342068
 1002.4930    4.441898    4.441774    4.441586    4.441898    4.442039
 1004.5290    4.543024    4.542850    4.542875    4.542688    4.542465
 1006.3500    4.642277    4.641693    4.642168    4.642178    4.642494
 1008.0450    4.743376    4.743855    4.743454    4.743196    4.742788
 1009.6100    4.845457    4.845415    4.845291    4.845446    4.845798
 1011.0450    4.947527    4.947159    4.947330    4.946856    4.946728
 1012.3500    5.047897    5.047897    5.047470    5.047897    5.047314
 1013.5670    5.150082    5.149897    5.149988    5.149405    5.149803
 1014.6970    5.253725    5.253363    5.253508    5.253508    5.253048
 1015.7390    5.357897    5.358145    5.357916    5.357954    5.357763
 1016.6460    5.457973    5.457624    5.457958    5.457609    5.457821
 1017.5100    5.561960    5.562138    5.561817    5.561806    5.561972
 1018.2840    5.664360    5.664181    5.664425    5.664248    5.663975
 1019.0140    5.770210    5.770344    5.770189    5.770256    5.770086
 1019.6530    5.872425    5.872093    5.872093    5.871912    5.872034
 1020.2470    5.976276    5.976263    5.976208    5.976234    5.976364
 1020.7970    6.082067    6.081995    6.081852    6.081923    6.081491
 1021.3010    6.188759    6.188675    6.188787    6.188450    6.188366
 1021.7590    6.295677    6.295700    6.295303    6.295193    6.295435
 1022.1720    6.401970    6.401676    6.401762    6.402039    6.402330
 1022.5400    6.505733    6.505720    6.505829    6.506166    6.505625
 1022.8610    6.605434    6.605576    6.605919    6.604820    6.603762
 1023.1830    6.715527    6.715761    6.714607    6.713541    6.713230
 1023.4590    6.819565    6.818628    6.817301    6.817875    6.818918
 1023.7360    6.934185    6.932652    6.933498    6.935139    6.937162
 1023.9660    7.039335    7.040009    7.042654    7.044500    7.046261
 1024.1970    7.157335    7.160858    7.163727    7.165184    7.165274
 1024.3810    7.264511    7.268297    7.269444    7.269257    7.267078
 1024.5649    7.383923    7.385212    7.382610    7.378979    7.374252
 1024.7500    7.514774    7.509968    7.502426    7.494474    7.487761
 1024.8879    7.619312    7.607925    7.597244    7.587116    7.579967
 1025.0270    7.728670    7.711536    7.699890    7.690338    7.684387
 1025.1650    7.845774    7.828756    7.820471    7.816074    7.813841
 1025.2581    7.935129    7.925034    7.922810    7.925194    7.927319
 1025.3500    8.049103    8.054461    8.062656    8.074707    8.083073
 1025.3960    8.126553    8.143888    8.159357    8.177277    8.189547
 1025.4430    8.252609    8.284204    8.307945    8.331488    8.347778
 1025.4890    8.628204    8.658916    8.680979    8.700583    8.715025
 1025.5350    9.312347    9.325394    9.335136    9.343132    9.349724
 1025.5811    9.939011    9.943134    9.946369    9.948771    9.951036
 1025.6281   10.384747   10.385284   10.385784   10.385983   10.386356
 1025.6740   10.646542   10.645561   10.644821   10.644114   10.643620
 1025.8120   10.382648   10.382935   10.382988   10.383205   10.383097
 1025.8590    9.934509    9.938148    9.940886    9.943163    9.944843
 1025.9050    9.300074    9.312241    9.322157    9.329458    9.336020
 1025.9510    8.585472    8.616264    8.643038    8.660534    8.678574
 1025.9969    8.166550    8.201834    8.236361    8.257271    8.282215
 1026.0439    8.024773    8.046417    8.072323    8.087852    8.109612
 1026.0900    7.939194    7.949215    7.965828    7.976171    7.993608
 1026.1830    7.814819    7.809814    7.811455    7.814327    7.823467
 1026.2750    7.719315    7.707203    7.698832    7.697439    7.699482
 1026.4139    7.596378    7.582905    7.567909    7.563908    7.558289
 1026.5530    7.481831    7.473005    7.459152    7.454388    7.444653
 1026.6920    7.372046    7.369123    7.361067    7.355528    7.344765
 1026.8311    7.269770    7.269909    7.268764    7.262001    7.252731
 1027.0160    7.148695    7.147026    7.151125    7.143358    7.138807
 1027.2020    7.040127    7.036907    7.038502    7.032820    7.034307
 1027.3870    6.936499    6.937548    6.932343    6.932631    6.939190
 1027.6190    6.818924    6.821587    6.813900    6.822514    6.831402
 1027.8510    6.721737    6.712507    6.715193    6.725601    6.731588
 1028.1300    6.611416    6.600090    6.615866    6.619333    6.618017
 1028.4091    6.501839    6.512871    6.522444    6.519867    6.513416
 1028.7340    6.398876    6.422672    6.415691    6.414053    6.410995
 1029.1060    6.312790    6.312939    6.310013    6.312347    6.320292
 1029.5250    6.213146    6.208523    6.218536    6.225853    6.234365
 1030.0380    6.114677    6.132292    6.137259    6.139973    6.133251
 1030.5510    6.061075    6.053770    6.044029    6.032539    6.023376
 1030.9709    5.981361    5.953266    5.937979    5.923649    5.917601
 1031.2980    5.880550    5.855289    5.844309    5.833536    5.826756
 1031.6260    5.767303    5.754982    5.746828    5.741089    5.733992
 1031.9530    5.655916    5.655907    5.650831    5.648809    5.645796
 1032.2810    5.550364    5.559237    5.561352    5.562805    5.566496
 1032.7020    5.447607    5.453503    5.464176    5.468525    5.476223
 1033.2650    5.343842    5.355164    5.357706    5.363142    5.368938
 1033.8750    5.250736    5.259283    5.251955    5.258566    5.274113
 1034.6281    5.153389    5.157909    5.166401    5.168468    5.171726
 1035.4280    5.060282    5.065132    5.070480    5.088314    5.068186
 1036.3240    4.987617    4.977650    4.985956    4.984478    4.988781
 1037.3630    4.896751    4.903242    4.904570    4.898188    4.886700
 1038.6420    4.806438    4.807724    4.807400    4.796165    4.801685
 1040.2080    4.705410    4.719820    4.713188    4.696409    4.722963
 1041.8280    4.645325    4.622690    4.612783    4.656540    4.645884
 1044.1700    4.542103    4.528994    4.566803    4.570461    4.562864
 1046.4270    4.472713    4.502960    4.507343    4.468628    4.465204
 1048.0660    4.469881    4.482874    4.405621    4.416790    4.423868
 1049.7090    4.429543    4.382576    4.388811    4.387390    4.357649
 1053.8900    4.329256    4.347389    4.396706    4.399103    4.420649
 1056.3361    4.416508    4.447483    4.438099    4.462667    4.490534
 1058.4000    4.513018    4.513071    4.540005    4.561209    4.557495
 1061.4611    4.556713    4.523773    4.507734    4.479029    4.454433
 1062.3530    4.453089    4.455683    4.422934    4.403618    4.363405
 1063.1970    4.348713    4.366890    4.336220    4.304899    4.265902
 1063.9420    4.253677    4.267288    4.253096    4.203848    4.188562
 1064.7390    4.166460    4.173304    4.147120    4.107990    4.121691
 1065.4871    4.138493    4.110758    4.044775    4.048054    4.066214
 1066.5350    4.075365    4.007578    3.963354    3.994375    3.992355
 1067.6360    4.015612    3.907454    3.949028    3.947493    3.961725
 1069.2419    3.911898    3.935371    3.938200    3.993935    4.059412
 1070.3979    3.908566    3.946005    4.019697    4.095345    4.135164
 1071.4060    3.966433    4.028328    4.123001    4.159988    4.170790
 1072.2650    3.999931    4.131233    4.183071    4.192371    4.194292
 1073.1240    4.104454    4.203278    4.215954    4.220186    4.227167
 1073.8840    4.204824    4.239025    4.242144    4.252876    4.265100
 1075.5081    4.305954    4.318794    4.331873    4.335899    4.335518
 1077.0350    4.406166    4.394836    4.374474    4.354147    4.334011
 1078.6689    4.389910    4.327175    4.285219    4.254257    4.230730
 1079.4360    4.286480    4.228605    4.192875    4.165422    4.145693
 1079.9490    4.184748    4.141827    4.114645    4.093037    4.077042
 1080.4100    4.074341    4.051037    4.033905    4.019657    4.007961
 1080.8210    3.964472    3.961473    3.954758    3.948559    3.941462
 1081.1801    3.861881    3.877296    3.880676    3.882303    3.879778
 1081.5400    3.755440    3.788790    3.803116    3.812740    3.815426
 1081.9000    3.647110    3.697447    3.722954    3.740284    3.748917
 1082.2600    3.538549    3.604776    3.641266    3.665609    3.680698
 1082.6210    3.431589    3.512564    3.559259    3.589548    3.611149
 1082.9810    3.328074    3.422228    3.477526    3.513018    3.540916
 1083.3940    3.216324    3.322344    3.385410    3.425892    3.460297
 1083.8060    3.112303    3.226471    3.295458    3.340345    3.379631
 1084.2710    3.001778    3.122412    3.196508    3.247139    3.289679
 1084.7360    2.892317    3.021561    3.100956    3.157427    3.201561
 1085.1500    2.791985    2.934059    3.018368    3.080519    3.124895
 1085.5640    2.689087    2.849197    2.938465    3.005867    3.050573
 1085.9790    2.587622    2.764587    2.861708    2.932545    2.979143
 1086.4449    2.479561    2.672237    2.777355    2.851576    2.901535
 1086.9130    2.378925    2.584150    2.696146    2.771866    2.827137
 1087.4320    2.269699    2.480236    2.605511    2.684271    2.747761
 1087.9000    2.168674    2.390759    2.524565    2.607315    2.676876
 1088.3680    2.068260    2.298111    2.441570    2.531786    2.607025
 1088.9410    1.959570    2.189743    2.340603    2.441774    2.521177
 1089.5150    1.872902    2.087070    2.240349    2.353550    2.433578
 1090.1410    1.795351    1.989864    2.139124    2.257751    2.339550
 1090.8199    1.720152    1.892229    2.034708    2.153357    2.237293
 1091.5000    1.659040    1.799664    1.942019    2.053308    2.143295
 1092.2340    1.617483    1.715645    1.848442    1.950666    2.045557
 1093.0730    1.588831    1.644646    1.749195    1.849493    1.945276
 1093.9670    1.567261    1.592421    1.665403    1.758080    1.844402
 1094.9670    1.555202    1.548708    1.598495    1.674374    1.742426
 1096.2330    1.549065    1.520117    1.540417    1.591776    1.641504
 1098.5081    1.550156    1.501471    1.490576    1.511068    1.540154
 1116.4010    1.607422    1.583324    1.591242    1.603674    1.616938
 1125.4010    1.653202    1.655638    1.682299    1.697901    1.717180
     17.00  156    5   6000.00  10000.00  14000.00  18000.00  22000.00
  875.0130    2.375408    2.377798    2.386570    2.385571    2.390617
  883.9870    2.475584    2.470705    2.478682    2.474493    2.470675
  893.3570    2.569584    2.570787    2.570824    2.568752    2.564985
  902.4980    2.667593    2.670794    2.665224    2.664970    2.662682
  911.3540    2.767735    2.760769    2.760881    2.762333    2.762070
  920.0870    2.866217    2.860895    2.858723    2.862137    2.860506
  928.2310    2.959675    2.960909    2.955345    2.958200    2.956764
  936.1750    3.059980    3.056904    3.054192    3.056562    3.054651
  943.9410    3.160109    3.154333    3.154364    3.156792    3.153936
  951.0430    3.255997    3.254597    3.252417    3.253265    3.251419
  957.8080    3.355623    3.353840    3.352741    3.351662    3.350965
  964.0980    3.453426    3.451141    3.451418    3.449833    3.451004
  969.9740    3.553846    3.550253    3.551706    3.549995    3.551390
  975.2960    3.651201    3.650841    3.651249    3.650064    3.649305
  980.0840    3.751240    3.749805    3.749079    3.748676    3.747303
  984.4090    3.848373    3.847795    3.846678    3.847387    3.847691
  988.3850    3.949137    3.948105    3.947546    3.947689    3.948608
  991.9180    4.049063    4.048286    4.048635    4.048286    4.047430
  995.0410    4.147923    4.148325    4.147861    4.148479    4.148325
  997.8340    4.247557    4.248390    4.247458    4.247211    4.247482
 1000.3340    4.347857    4.348072    4.348343    4.348207    4.348129
 1002.5820    4.448675    4.448582    4.448490    4.448690    4.448814
 1004.6180    4.550486    4.550339    4.550203    4.550156    4.550045
 1006.4400    4.650532    4.649929    4.650366    4.650318    4.650551
 1008.1340    4.752348    4.752663    4.752295    4.752132    4.751772
 1009.6550    4.852036    4.852022    4.851875    4.851950    4.852280
 1011.0900    4.954542    4.954214    4.954350    4.953953    4.953751
 1012.3950    5.055492    5.055454    5.055073    5.055416    5.054958
 1013.6120    5.158211    5.158062    5.158182    5.157639    5.157970
 1014.6970    5.258158    5.257822    5.257919    5.257942    5.257534
 1015.6940    5.357859    5.358049    5.357859    5.357897    5.357744
 1016.6460    5.462906    5.462593    5.462862    5.462578    5.462742
 1017.5100    5.567097    5.567238    5.566967    5.566944    5.567085
 1018.2840    5.669651    5.669483    5.669689    5.669540    5.669308
 1019.0140    5.775625    5.775726    5.775597    5.775633    5.775478
 1019.6530    5.877815    5.877544    5.877533    5.877371    5.877487
 1020.2470    5.981632    5.981615    5.981552    5.981583    5.981674
 1020.7970    6.087214    6.087143    6.087036    6.087070    6.086716
 1021.3010    6.193569    6.193514    6.193598    6.193319    6.193235
 1021.7590    6.300030    6.300009    6.299704    6.299616    6.299812
 1022.1720    6.405567    6.405329    6.405397    6.405636    6.405859
 1022.5400    6.508434    6.508423    6.508530    6.508772    6.508274
 1022.9070    6.621883    6.622059    6.622192    6.621145    6.620302
 1023.2290    6.731960    6.732016    6.730896    6.730265    6.730249
 1023.5060    6.835741    6.834751    6.833931    6.834702    6.835836
 1023.7820    6.949844    6.948862    6.950029    6.951542    6.953300
 1024.0120    7.054613    7.055836    7.058273    7.059866    7.061037
 1024.2430    7.172224    7.175484    7.177567    7.178431    7.177826
 1024.4270    7.278273    7.281078    7.281124    7.280008    7.277311
 1024.6121    7.395361    7.395046    7.391376    7.386909    7.382090
 1024.7960    7.522535    7.515993    7.508112    7.500250    7.494167
 1024.9351    7.623631    7.611425    7.601570    7.592888    7.587194
 1025.0730    7.729935    7.714539    7.705599    7.699379    7.696014
 1025.2120    7.847580    7.837084    7.834282    7.835501    7.837322
 1025.3040    7.943787    7.944788    7.950541    7.960028    7.967369
 1025.3960    8.080086    8.102160    8.121265    8.141356    8.156034
 1025.4430    8.186165    8.222507    8.249931    8.275288    8.293959
 1025.4890    8.361576    8.408936    8.442087    8.469351    8.490112
 1025.5350    8.656586    8.697220    8.725332    8.746199    8.763315
 1025.5811    9.022099    9.041866    9.055988    9.065207    9.073975
 1025.6281    9.340563    9.342245    9.343586    9.343075    9.343901
 1025.6740    9.544428    9.535736    9.529160    9.523161    9.518751
 1025.8120    9.323706    9.324139    9.323006    9.323006    9.321039
 1025.8590    8.992041    9.010342    9.022511    9.032013    9.038063
 1025.9050    8.606102    8.646393    8.675898    8.696400    8.713087
 1025.9510    8.286839    8.336119    8.375736    8.401590    8.425844
 1025.9969    8.093773    8.133091    8.169527    8.192707    8.217720
 1026.0439    7.976721    8.002079    8.029951    8.047741    8.069927
 1026.0900    7.893034    7.906799    7.925936    7.938629    7.957008
 1026.1830    7.771271    7.769585    7.774063    7.779018    7.789553
 1026.2750    7.678099    7.668777    7.663239    7.663494    7.667116
 1026.4139    7.558912    7.547333    7.534786    7.531837    7.527849
 1026.5530    7.448614    7.440720    7.428572    7.424458    7.416258
 1026.6920    7.343349    7.340464    7.333105    7.328094    7.318668
 1026.8770    7.214340    7.214233    7.214500    7.208038    7.200603
 1027.0630    7.100750    7.098576    7.101851    7.095135    7.092264
 1027.2480    6.996748    6.994537    6.994406    6.990490    6.992943
 1027.4340    6.897720    6.899433    6.893894    6.895710    6.902166
 1027.6660    6.787254    6.787743    6.782473    6.790785    6.798424
 1027.8979    6.693550    6.683830    6.688723    6.697229    6.701664
 1028.1760    6.584749    6.577837    6.591709    6.593861    6.591921
 1028.4550    6.480511    6.493277    6.499523    6.497387    6.491936
 1028.7810    6.382988    6.402588    6.396198    6.395432    6.394119
 1029.1530    6.297432    6.295458    6.294863    6.297607    6.305393
 1029.6180    6.186674    6.188675    6.197693    6.204662    6.209970
 1030.1310    6.099888    6.113108    6.115543    6.115311    6.107786
 1030.5980    6.045088    6.035549    6.025429    6.014269    6.006166
 1031.0179    5.959076    5.933098    5.919518    5.906637    5.900793
 1031.3920    5.843643    5.823637    5.814281    5.805508    5.798859
 1031.7190    5.735344    5.726826    5.719688    5.715168    5.709364
 1032.0470    5.628941    5.631048    5.627796    5.626526    5.625404
 1032.4210    5.519737    5.527332    5.532053    5.534382    5.539478
 1032.8900    5.419178    5.424507    5.433353    5.437212    5.443577
 1033.4530    5.320665    5.330433    5.328766    5.335117    5.342323
 1034.1100    5.219847    5.231546    5.226807    5.230347    5.245611
 1034.8630    5.134304    5.130753    5.143921    5.149773    5.143234
 1035.7111    5.038143    5.044304    5.041313    5.055874    5.042377
 1036.7020    4.952419    4.941854    4.958549    4.953348    4.956379
 1037.7419    4.868456    4.878798    4.878492    4.866175    4.852810
 1039.0210    4.772711    4.785976    4.775917    4.771770    4.787695
 1040.7321    4.676777    4.690620    4.674080    4.685375    4.695526
 1042.8300    4.598637    4.590105    4.600515    4.600548    4.603373
 1044.8409    4.498587    4.523109    4.545431    4.540005    4.523018
 1047.1490    4.460327    4.483459    4.469233    4.438906    4.457109
 1049.7581    4.429510    4.382269    4.387514    4.384693    4.358906
 1053.9390    4.329073    4.354511    4.399223    4.401108    4.421028
 1056.4840    4.430365    4.450018    4.445465    4.468775    4.497511
 1058.6460    4.525616    4.523239    4.545801    4.563101    4.553726
 1061.4611    4.548868    4.518120    4.502018    4.474100    4.449633
 1062.4030    4.442871    4.446507    4.414421    4.394556    4.355394
 1063.2460    4.341593    4.357668    4.328930    4.296885    4.260881
 1064.0420    4.242741    4.254765    4.240225    4.192875    4.181728
 1064.8390    4.165007    4.166786    4.135832    4.103497    4.117271
 1065.6360    4.135260    4.100853    4.034948    4.044891    4.059336
 1066.6851    4.065617    3.996035    3.967880    3.993097    3.991333
 1068.7900    3.961658    3.931900    3.942251    3.971466    4.029100
 1070.0959    3.900864    3.948198    3.998272    4.073204    4.120146
 1071.1541    3.964155    4.008430    4.101576    4.147213    4.163757
 1072.0630    3.996555    4.111263    4.171434    4.185684    4.188957
 1073.0740    4.102606    4.199234    4.213968    4.218693    4.225334
 1073.8840    4.204445    4.238222    4.242292    4.252659    4.264179
 1075.5081    4.304619    4.316704    4.328381    4.331650    4.330820
 1077.1370    4.404629    4.388350    4.365713    4.344490    4.324078
 1078.7200    4.374161    4.313213    4.272631    4.242567    4.219769
 1079.4880    4.268764    4.213890    4.179810    4.153570    4.134527
 1080.0000    4.167583    4.127623    4.101954    4.081528    4.066252
 1080.4620    4.059071    4.037945    4.022057    4.008856    3.997810
 1080.8719    3.951939    3.949999    3.944132    3.938690    3.932123
 1081.2830    3.838036    3.855640    3.860859    3.863911    3.862490
 1081.6429    3.735144    3.769135    3.784710    3.795206    3.798933
 1082.0031    3.631119    3.680462    3.706385    3.723965    3.733454
 1082.3630    3.527578    3.591087    3.626987    3.650852    3.666424
 1082.7240    3.426203    3.502619    3.547491    3.576721    3.598331
 1083.1360    3.315151    3.403996    3.457232    3.491755    3.519854
 1083.5480    3.210800    3.308928    3.368622    3.407528    3.441177
 1084.0129    3.101162    3.206097    3.271236    3.315046    3.352934
 1084.4780    2.995792    3.106802    3.176525    3.225697    3.265972
 1084.9430    2.889761    3.010216    3.084934    3.139565    3.180870
 1085.4091    2.781418    2.916622    2.996117    3.056448    3.098055
 1085.8750    2.673464    2.824821    2.911089    2.975414    3.018576
 1086.3420    2.570566    2.734800    2.828505    2.896112    2.942142
 1086.8610    2.464399    2.639944    2.740149    2.809647    2.860565
 1087.3800    2.362482    2.541929    2.652624    2.724546    2.782530
 1087.9000    2.260525    2.447359    2.565966    2.641870    2.705830
 1088.4720    2.152502    2.342323    2.469513    2.553057    2.622814
 1089.0970    2.051500    2.235529    2.366741    2.459814    2.532118
 1089.7230    1.971323    2.138113    2.266325    2.368137    2.441208
 1090.4540    1.892523    2.036509    2.160288    2.263754    2.337379
 1091.1860    1.825218    1.946177    2.064608    2.161339    2.238222
 1091.9720    1.772820    1.862865    1.969387    2.059109    2.139376
 1092.8630    1.735287    1.789291    1.874771    1.957972    2.039097
 1093.8621    1.705599    1.730242    1.789566    1.863804    1.935543
 1094.9670    1.684486    1.682154    1.721067    1.779409    1.834421
 1096.4440    1.668423    1.645157    1.660343    1.694746    1.731701
 1098.8800    1.651724    1.612774    1.605541    1.616947    1.631586
 1125.5680    1.667864    1.671164    1.698414    1.713423    1.731773
     18.00  125    5   6000.00  10000.00  14000.00  18000.00  22000.00
  875.0130    2.380880    2.383923    2.390121    2.390104    2.394136
  884.3650    2.481056    2.481857    2.483259    2.481529    2.480007
  893.9190    2.580925    2.582018    2.578594    2.577055    2.575476
  903.3220    2.681269    2.680817    2.676722    2.676235    2.675385
  912.3040    2.781153    2.775356    2.775276    2.775238    2.775558
  920.8320    2.880001    2.875681    2.872477    2.873146    2.872524
  929.1790    2.977947    2.975546    2.972782    2.972536    2.972235
  937.2160    3.077259    3.073681    3.072838    3.072617    3.071993
  944.8430    3.177334    3.173508    3.172836    3.172136    3.171844
  951.9970    3.275496    3.273903    3.272724    3.271469    3.270981
  958.7360    3.374859    3.373041    3.372856    3.371918    3.370975
  964.9560    3.474201    3.471718    3.472141    3.471453    3.471365
  970.6780    3.573648    3.571907    3.572094    3.571150    3.571709
  975.9230    3.673288    3.672588    3.672514    3.671164    3.671497
  980.6760    3.773596    3.772739    3.772667    3.771889    3.771036
  984.9200    3.872576    3.871929    3.871677    3.871597    3.871241
  988.7290    3.972105    3.971272    3.970928    3.970961    3.971350
  992.1780    4.072802    4.072140    4.072212    4.071918    4.071697
  995.2150    4.172398    4.172165    4.172077    4.172224    4.172106
  997.9650    4.273695    4.273720    4.273348    4.273325    4.273418
 1000.4220    4.375134    4.375095    4.375151    4.375095    4.375095
 1002.6260    4.476614    4.476513    4.476513    4.476542    4.476557
 1004.6180    4.578306    4.578215    4.578112    4.578123    4.578112
 1006.4400    4.680454    4.680191    4.680281    4.680218    4.680290
 1008.0890    4.781454    4.781425    4.781267    4.781189    4.781036
 1009.6100    4.882713    4.882593    4.882484    4.882427    4.882507
 1011.0000    4.983215    4.983044    4.983013    4.982849    4.982723
 1012.3050    5.085468    5.085361    5.085220    5.085255    5.085112
 1013.5220    5.189322    5.189209    5.189182    5.189013    5.189096
 1014.6070    5.290056    5.289946    5.289923    5.289902    5.289789
 1015.6030    5.390635    5.390635    5.390547    5.390547    5.390476
 1016.5560    5.495558    5.495476    5.495502    5.495419    5.495419
 1017.4190    5.599228    5.599239    5.599163    5.599152    5.599152
 1018.1930    5.700357    5.700314    5.700323    5.700296    5.700245
 1018.9230    5.803976    5.803963    5.803942    5.803928    5.803881
 1019.6070    5.909855    5.909813    5.909798    5.909760    5.909786
 1020.2470    6.017534    6.017534    6.017492    6.017534    6.017534
 1020.7970    6.117834    6.117834    6.117834    6.117834    6.117767
 1021.3460    6.226677    6.226677    6.226677    6.226652    6.226677
 1021.8510    6.335197    6.335197    6.335197    6.335238    6.335318
 1022.3100    6.442291    6.442322    6.442369    6.442448    6.442432
 1022.7240    6.546642    6.546715    6.546778    6.546715    6.546629
 1023.0910    6.646757    6.646835    6.646767    6.646727    6.646824
 1023.4590    6.754837    6.754784    6.754837    6.755142    6.755524
 1023.7820    6.856892    6.857019    6.857489    6.857929    6.858284
 1024.1040    6.967356    6.968021    6.968487    6.968605    6.968409
 1024.3810    7.070297    7.070702    7.070333    7.069668    7.068779
 1024.6580    7.181358    7.180155    7.178574    7.177162    7.176178
 1024.9351    7.300074    7.297630    7.296885    7.297148    7.298176
 1025.1650    7.409443    7.412209    7.416656    7.421703    7.426350
 1025.3500    7.523760    7.536369    7.545826    7.553179    7.558937
 1025.4890    7.649042    7.659346    7.664248    7.666227    7.667557
 1025.6281    7.779993    7.767778    7.758148    7.750038    7.743408
 1025.9050    7.627100    7.633398    7.635584    7.636005    7.634871
 1025.9969    7.511148    7.525408    7.535042    7.540655    7.544676
 1026.1360    7.378143    7.388065    7.397627    7.404560    7.411400
 1026.2750    7.281601    7.284317    7.288361    7.292788    7.297913
 1026.4600    7.176235    7.174816    7.173594    7.174700    7.175919
 1026.6460    7.081059    7.079687    7.077440    7.076603    7.075254
 1026.8770    6.970844    6.970272    6.969439    6.967539    6.965662
 1027.1090    6.869696    6.869015    6.868961    6.867290    6.866802
 1027.3870    6.757662    6.757351    6.756559    6.756765    6.758345
 1027.6660    6.655128    6.654503    6.654196    6.656443    6.658821
 1027.9910    6.546839    6.545134    6.547787    6.550217    6.551571
 1028.3160    6.446754    6.448490    6.451847    6.452982    6.452906
 1028.6880    6.344509    6.350151    6.350887    6.351603    6.351757
 1029.1060    6.245537    6.248119    6.248928    6.250469    6.252537
 1029.6180    6.136816    6.139091    6.141731    6.143734    6.144917
 1030.1310    6.043324    6.045910    6.045948    6.045050    6.042458
 1030.6440    5.956009    5.950632    5.946173    5.941341    5.937504
 1031.1110    5.861666    5.851822    5.846121    5.840565    5.836937
 1031.5790    5.752371    5.745411    5.740915    5.736954    5.733936
 1032.0000    5.651821    5.649258    5.646658    5.644615    5.643423
 1032.4680    5.546543    5.547195    5.547491    5.547443    5.548771
 1032.9840    5.444794    5.447189    5.448490    5.449909    5.452675
 1033.5940    5.339649    5.343586    5.343094    5.345863    5.350151
 1034.2980    5.233681    5.238022    5.238974    5.241720    5.245340
 1035.0510    5.138081    5.138777    5.143358    5.148325    5.144482
 1035.9460    5.039534    5.039255    5.041668    5.045128    5.041748
 1036.9850    4.940611    4.939594    4.944754    4.941755    4.939468
 1038.1680    4.845470    4.847450    4.848343    4.840952    4.840363
 1039.5909    4.747768    4.751772    4.746269    4.742655    4.755829
 1041.3510    4.656521    4.650677    4.644142    4.663937    4.663607
 1043.6910    4.559990    4.549702    4.569515    4.570660    4.567616
 1046.3790    4.474915    4.492382    4.488974    4.469307    4.466526
 1049.8060    4.423115    4.391834    4.388580    4.386356    4.376066
 1056.2380    4.419907    4.443607    4.444498    4.460220    4.476614
 1059.2380    4.520418    4.513205    4.518053    4.517090    4.505096
 1061.5100    4.480064    4.463638    4.448196    4.426577    4.404732
 1062.7000    4.379160    4.380102    4.356657    4.334776    4.308414
 1063.7930    4.277334    4.279415    4.259521    4.231598    4.217274
 1064.8390    4.193542    4.184948    4.159086    4.141293    4.143358
 1066.1360    4.121855    4.085932    4.058008    4.066364    4.072212
 1068.3380    4.021561    3.991013    4.008686    4.027472    4.057819
 1070.6500    4.001734    4.038780    4.089870    4.128239    4.149958
 1072.2140    4.072655    4.141827    4.175919    4.188984    4.195845
 1073.5291    4.174234    4.213438    4.223833    4.231163    4.237745
 1075.3051    4.274296    4.281261    4.285242    4.285513    4.283640
 1078.5160    4.296072    4.253508    4.223314    4.200222    4.181816
 1079.4880    4.192484    4.152870    4.126717    4.106531    4.090998
 1080.1541    4.088490    4.060623    4.041590    4.026615    4.014647
 1080.7180    3.985067    3.970789    3.959629    3.950565    3.942469
 1081.2321    3.883305    3.882114    3.878906    3.875889    3.871906
 1081.7460    3.777977    3.789116    3.794056    3.797066    3.797676
 1082.2600    3.672237    3.694157    3.706785    3.715309    3.720779
 1082.7750    3.568542    3.599380    3.618687    3.631950    3.642147
 1083.2910    3.468525    3.506289    3.530968    3.548243    3.562696
 1083.8580    3.363331    3.406660    3.435940    3.457094    3.475250
 1084.4260    3.262215    3.310078    3.343094    3.367914    3.388687
 1085.0470    3.154881    3.208065    3.244822    3.273464    3.296204
 1085.6680    3.050381    3.109612    3.150082    3.182129    3.206636
 1086.2900    2.950378    3.014730    3.059109    3.093807    3.120508
 1086.9640    2.848705    2.916574    2.964769    3.001648    3.031328
 1087.6920    2.747217    2.815983    2.867756    2.906794    2.939848
 1088.4720    2.648760    2.715635    2.769289    2.810884    2.846554
 1089.3580    2.552851    2.613388    2.665976    2.709787    2.746378
 1090.3500    2.464445    2.515091    2.563221    2.606327    2.642385
 1091.4480    2.385784    2.424473    2.465963    2.504417    2.539251
 1092.7061    2.317268    2.341988    2.373775    2.405756    2.437529
 1094.2300    2.255972    2.266584    2.286547    2.310566    2.334675
 1096.0740    2.200603    2.198465    2.207607    2.221024    2.234669
 1098.5610    2.138807    2.127817    2.125677    2.128366    2.133188
 1102.2860    2.056829    2.037945    2.028856    2.029181    2.032982
 1114.7600    1.956591    1.941168    1.939779    1.939949    1.939758
 1120.3590    1.856482    1.845854    1.851509    1.857170    1.870052
     19.00   66    5   6000.00  10000.00  14000.00  18000.00  22000.00
  875.0130    2.421917    2.425404    2.427097    2.428507    2.429268
  884.6060    2.522079    2.522678    2.522732    2.523018    2.523396
  894.0240    2.622225    2.620760    2.619917    2.619417    2.619062
  903.2150    2.722412    2.719795    2.718386    2.717554    2.716963
  912.1580    2.822685    2.819492    2.818022    2.816963    2.816454
  920.7940    2.923052    2.919647    2.918072    2.917154    2.916481
  929.0650    3.023088    3.019821    3.018410    3.017408    3.016909
  936.9070    3.122643    3.119619    3.118298    3.117504    3.117039
  944.3330    3.222378    3.219769    3.218615    3.217852    3.217510
  951.2810    3.322054    3.319855    3.318836    3.318251    3.317917
  957.7270    3.421785    3.419989    3.419128    3.418650    3.418335
  963.6480    3.521517    3.520039    3.519342    3.518948    3.518711
  969.0650    3.621624    3.620438    3.619886    3.619574    3.619375
  973.9600    3.721539    3.720589    3.720160    3.719894    3.719728
  978.3990    3.822117    3.821363    3.821014    3.820818    3.820675
  982.3690    3.922169    3.921572    3.921301    3.921162    3.921047
  985.9440    4.022305    4.021851    4.021645    4.021521    4.021437
  989.2020    4.123426    4.123068    4.122936    4.122837    4.122807
  992.1340    4.223833    4.223600    4.223471    4.223444    4.223392
  994.8240    4.324715    4.324530    4.324467    4.324427    4.324406
  997.3090    4.426088    4.425957    4.425909    4.425892    4.425877
  999.5870    4.526314    4.526222    4.526184    4.526171    4.526157
 1001.7430    4.627815    4.627766    4.627735    4.627714    4.627705
 1003.7760    4.729488    4.729456    4.729431    4.729416    4.729408
 1005.6830    4.830093    4.830074    4.830063    4.830050    4.830044
 1007.5090    4.930841    4.930847    4.930841    4.930832    4.930826
 1009.2960    5.033302    5.033302    5.033302    5.033302    5.033302
 1011.0000    5.133762    5.133795    5.133827    5.133827    5.133827
 1012.7100    5.236210    5.236259    5.236286    5.236311    5.236311
 1014.3800    5.336220    5.336279    5.336319    5.336340    5.336359
 1016.1020    5.436497    5.436577    5.436623    5.436640    5.436672
 1017.9650    5.537189    5.537266    5.537302    5.537327    5.537354
 1020.2470    5.638000    5.638060    5.638081    5.638090    5.638100
 1028.0370    5.537127    5.537176    5.537176    5.537176    5.537165
 1029.5250    5.434681    5.434696    5.434681    5.434649    5.434601
 1030.8781    5.331326    5.331306    5.331245    5.331184    5.331144
 1032.1400    5.230194    5.230167    5.230118    5.230064    5.229988
 1033.4060    5.127687    5.127720    5.127687    5.127687    5.127655
 1034.6750    5.026941    5.026981    5.027023    5.027063    5.027063
 1036.0410    4.923538    4.923664    4.923756    4.923834    4.923923
 1037.5050    4.821369    4.821541    4.821671    4.821821    4.821999
 1039.1630    4.718884    4.719057    4.719231    4.719456    4.719671
 1041.1130    4.617840    4.617996    4.618206    4.618404    4.618498
 1043.6429    4.516972    4.517103    4.517157    4.517090    4.516998
 1047.5350    4.417171    4.417072    4.417072    4.417305    4.417686
 1056.6310    4.318211    4.318314    4.318230    4.317938    4.317310
 1062.2540    4.224171    4.222040    4.219952    4.218142    4.216721
 1067.2860    4.123884    4.124798    4.126392    4.128239    4.130140
 1074.1370    4.031893    4.031975    4.031528    4.030802    4.029871
 1077.4940    3.941626    3.938129    3.934973    3.932093    3.929424
 1079.8459    3.841572    3.837576    3.834217    3.831287    3.828678
 1081.7970    3.739105    3.736046    3.733566    3.731468    3.729633
 1083.5480    3.637699    3.636047    3.634819    3.633842    3.633045
 1085.2540    3.535547    3.535383    3.535484    3.535698    3.535990
 1086.9640    3.434235    3.435350    3.436655    3.437973    3.439238
 1088.7850    3.331812    3.333870    3.336100    3.338278    3.340345
 1090.7679    3.230040    3.232437    3.235149    3.237795    3.240274
 1093.0210    3.128851    3.130848    3.133411    3.135990    3.138493
 1095.5990    3.030924    3.031853    3.033705    3.035789    3.037865
 1098.7209    2.932829    2.932459    2.933432    2.934967    2.936760
 1102.6071    2.833160    2.832075    2.832962    2.834585    2.836494
 1107.4360    2.732738    2.731928    2.733213    2.734808    2.736389
 1112.4709    2.636990    2.634911    2.635151    2.635544    2.636057
 1117.0590    2.537315    2.534229    2.534470    2.535168    2.536356
 1121.2970    2.436035    2.434744    2.437609    2.440830    2.444218
 1125.8459    2.335958    2.337620    2.343369    2.349180    2.354204
     20.00   24    5   6000.00  10000.00  14000.00  18000.00  22000.00
  875.0130    2.765795    2.764362    2.763786    2.763466    2.763279
  884.4340    2.866135    2.864380    2.863590    2.863110    2.862804
  893.5680    2.966461    2.964642    2.963793    2.963253    2.962914
  902.3910    3.066364    3.064682    3.063858    3.063334    3.062996
  910.9520    3.166252    3.164740    3.164024    3.163549    3.163221
  919.2690    3.265831    3.264582    3.263968    3.263565    3.263306
  927.4370    3.365395    3.364439    3.363932    3.363613    3.363386
  935.5970    3.465235    3.464550    3.464161    3.463907    3.463715
  943.9020    3.564878    3.564430    3.564157    3.563955    3.563812
  952.7150    3.664736    3.664501    3.664322    3.664181    3.664068
  962.7110    3.764595    3.764557    3.764460    3.764362    3.764280
  976.2580    3.864428    3.864552    3.864534    3.864481    3.864422
 1027.8979    3.764244    3.764467    3.764513    3.764519    3.764505
 1039.8280    3.664143    3.664322    3.664360    3.664370    3.664360
 1050.1940    3.563980    3.564110    3.564157    3.564180    3.564192
 1059.6320    3.463715    3.463818    3.463879    3.463938    3.463982
 1068.4890    3.363293    3.363386    3.363499    3.363613    3.363707
 1076.9840    3.262760    3.262856    3.263044    3.263233    3.263399
 1085.2540    3.162325    3.162476    3.162743    3.163073    3.163311
 1093.4410    3.061716    3.061905    3.062357    3.062807    3.063221
 1101.5930    2.961681    2.962023    2.962667    2.963316    2.963873
 1109.9210    2.861301    2.861856    2.862776    2.863674    2.864445
 1118.5959    2.760942    2.761806    2.763092    2.764311    2.765341
 1127.9670    2.660599    2.661926    2.663673    2.665281    2.666630
